HeatIndexC;WindChillC;WindGustKmph;cloudcover;day;humidity;maxtemp;mintemp;precipMM;pressure;weatherCode;winddir16Point;winddirDegree;windspeed
20;19;26;66;244;75;26;19;13.8;1015;356;SE;142;17
14;13;22;30;245;72;17;12;0.1;1015;119;NNE;20;15
13;12;23;82;246;78;15;12;2.4;1013;353;N;353;16
14;14;16;29;247;67;20;11;0.1;1016;119;NW;309;10
17;16;16;15;248;61;22;13;0.0;1019;116;WNW;294;11
17;17;18;42;249;75;23;14;1.4;1014;176;WSW;253;11
15;15;26;22;250;62;20;13;0.0;1015;116;WNW;288;17
17;16;18;0;251;61;23;11;0.0;1014;113;SSW;192;12
19;18;32;3;252;61;26;13;0.0;1005;116;SSE;164;22
18;18;15;52;253;75;24;15;2.0;1005;122;SW;229;11
17;17;12;88;254;84;21;15;5.4;1005;302;WSW;241;8
14;13;19;67;255;79;17;13;2.1;1009;296;WNW;298;12
14;13;22;30;256;72;21;10;0.0;1014;119;SW;214;14
19;17;27;30;257;68;23;14;1.3;1008;119;SSW;203;18
13;12;19;33;258;66;17;10;0.0;1015;119;SW;219;12
12;11;14;79;259;83;16;10;5.7;1013;122;ESE;114;9
12;12;11;91;260;87;15;11;7.6;1013;302;NNE;28;8
13;12;10;9;261;69;18;9;0.0;1016;113;SW;224;7
12;11;16;98;262;75;15;10;2.0;1015;176;NNE;23;10
11;8;32;89;263;87;12;10;39.9;1016;302;NNW;343;20
11;9;28;60;264;79;14;10;0.0;1018;122;NNW;343;18
12;11;15;39;265;78;17;10;0.0;1020;122;NW;319;9
10;9;18;68;266;88;12;9;5.0;1021;302;NW;315;11
13;13;5;80;267;85;16;11;3.5;1021;122;W;281;3
13;13;10;66;268;83;17;11;1.1;1022;122;SSE;159;6
16;15;14;45;269;72;21;11;0.0;1025;119;ESE;114;8
16;15;17;22;270;66;21;12;0.0;1026;116;SE;138;10
14;14;16;10;271;65;19;11;0.0;1028;113;SSE;151;10
13;12;16;0;272;67;18;10;0.0;1027;113;SSE;156;10
12;11;23;0;273;66;16;9;0.0;1024;113;SSE;151;14
12;10;24;0;274;59;16;7;0.0;1024;113;SSE;161;14
11;10;23;4;275;59;16;7;0.0;1023;113;S;172;15
11;9;24;77;276;85;13;9;3.7;1018;296;SSW;214;15
11;10;17;30;277;77;16;8;0.0;1023;122;WSW;238;10
15;14;30;52;278;64;21;11;0.0;1011;119;SW;232;18
9;7;28;62;279;74;12;8;1.6;1013;353;WNW;287;17
9;8;21;35;280;76;14;7;0.0;1018;122;WNW;300;13
11;8;25;88;281;79;14;8;4.6;1014;353;WNW;286;17
9;7;17;36;282;73;13;5;0.0;1018;116;WNW;294;10
9;8;17;77;283;82;13;7;1.2;1019;296;W;266;10
13;13;15;54;284;79;18;10;0.0;1020;119;WSW;243;10
14;14;19;16;285;76;20;10;0.0;1021;116;WSW;258;12
13;12;19;15;286;79;17;9;0.0;1026;116;WNW;296;12
14;14;11;3;287;80;19;10;0.0;1028;116;WNW;296;6
15;15;5;0;288;77;20;12;0.0;1028;113;SSW;213;3
15;15;8;0;289;77;20;12;0.0;1027;113;SSW;194;5
15;15;10;0;290;72;21;11;0.0;1025;113;SSE;153;5
14;14;16;25;291;78;19;11;0.0;1017;116;S;175;10
12;12;5;0;292;77;17;8;0.0;1016;113;WSW;257;3
12;12;7;9;293;76;17;9;0.0;1018;119;S;172;4
11;11;8;62;294;83;15;9;0.0;1017;122;S;184;5
9;8;11;78;295;88;11;8;3.0;1016;296;WNW;298;6
9;6;30;89;296;80;11;7;5.0;1015;176;NNW;342;19
9;7;23;42;297;81;12;6;0.0;1024;119;N;4;14
10;9;12;61;298;83;15;7;0.0;1025;122;S;189;7
12;12;10;68;299;82;17;9;0.2;1024;122;WSW;250;6
10;7;26;76;300;82;11;10;7.5;1017;353;NW;316;16
8;5;35;82;301;72;10;7;0.7;1016;176;WNW;286;22
8;4;56;74;302;70;10;8;17.2;999;302;NW;308;36
5;1;37;41;303;63;8;4;0.6;1016;353;NW;312;24
5;2;22;70;304;73;8;2;0.2;1024;122;WNW;303;13
6;4;14;63;305;77;10;2;0.0;1024;122;SW;230;8
9;7;18;64;306;76;13;5;0.0;1016;122;SSW;209;10
7;6;14;20;307;81;12;5;0.0;1018;116;NNW;343;8
7;5;27;32;308;76;12;4;0.0;1018;116;SSE;159;17
8;5;36;55;309;74;11;6;0.2;1012;176;SE;142;24
8;6;16;73;310;78;11;5;0.1;1017;176;S;191;10
8;6;21;27;311;84;12;5;0.0;1021;116;NE;50;12
6;5;13;89;312;87;7;5;4.4;1019;296;NE;51;8
7;5;6;90;313;82;9;5;0.2;1022;122;W;263;4
7;4;22;80;314;74;10;5;1.0;1019;122;SW;234;14
6;3;29;72;315;74;9;4;3.7;1012;176;WSW;255;19
5;3;19;88;316;83;7;3;7.0;1004;266;SSE;163;12
4;1;28;73;317;76;6;4;4.5;1008;176;NNW;346;18
2;0;17;13;318;81;6;0;0.0;1023;116;NNW;336;10
2;1;9;12;319;79;6;0;0.0;1028;116;SE;133;5
4;2;9;44;320;69;7;1;0.0;1026;116;E;99;5
4;2;11;62;321;73;6;1;0.3;1024;119;NW;311;7
3;1;16;63;322;81;6;1;0.1;1020;176;W;275;10
3;0;24;95;323;75;6;3;2.0;1013;317;W;266;15
4;0;30;76;324;74;6;2;2.4;1017;353;WNW;292;19
3;1;14;100;325;92;5;2;7.7;1015;296;SSW;198;9
7;6;12;46;326;84;11;4;4.6;1014;122;WSW;242;7
6;4;10;48;327;88;8;3;0.2;1016;176;SSE;156;6
5;4;9;56;328;91;8;4;0.1;1019;119;S;175;5
6;3;27;92;329;89;10;5;1.5;1012;176;SSE;166;17
4;0;22;76;330;73;5;3;0.8;1020;119;NW;326;14
1;-2;16;41;331;76;5;-1;0.0;1024;119;WNW;288;9
1;-2;18;66;332;70;4;-1;0.2;1014;122;SSE;161;11
0;-3;15;100;333;87;1;0;1.8;1009;338;SE;144;10
0;-3;17;95;334;94;1;0;7.8;1004;338;NW;306;10
-1;-2;9;20;335;81;3;-2;0.1;1015;116;SW;222;5
-1;-5;20;14;336;84;1;-3;0.0;1024;116;NNE;17;12
-2;-7;23;51;337;88;1;-2;0.1;1023;326;NNW;337;14
-1;-5;24;76;338;87;3;-2;0.6;1023;338;W;276;14
1;-2;24;68;339;90;4;-3;4.5;1029;317;W;268;12
2;-2;27;74;340;87;4;2;0.2;1030;122;W;262;14
0;-3;17;18;341;88;3;-1;0.0;1025;116;SSW;194;9
1;-2;12;78;342;92;3;0;1.1;1012;317;S;190;8
0;-4;21;92;343;74;2;-1;0.3;1011;326;WNW;303;13
-1;-5;32;70;344;66;2;-3;0.7;1005;122;SSE;168;20
8;4;54;65;345;78;13;4;0.5;994;176;SSE;168;33
8;5;34;63;346;68;9;6;0.1;1006;176;WSW;257;23
1;-1;16;28;347;75;3;0;0.0;1017;116;SW;223;10
3;-2;31;83;348;72;8;1;0.2;1002;176;SW;234;19
3;0;17;80;349;76;6;2;0.1;1001;122;SW;229;10
1;-1;12;68;350;80;4;0;0.0;1007;122;WNW;295;7
0;-2;12;82;351;84;3;-1;0.9;1019;338;W;272;7
-1;-4;15;44;352;83;2;-2;0.0;1026;122;NNE;14;9
-2;-5;11;17;353;76;0;-4;0.0;1032;116;NW;304;6
-2;-3;7;55;354;86;1;-3;0.0;1034;122;SSW;211;4
-1;-4;14;86;355;91;1;-3;9.7;1032;302;SSW;210;8
2;-1;20;68;356;87;5;2;0.2;1031;122;WNW;296;10
2;-1;29;84;357;81;4;2;0.3;1028;176;WNW;284;15
6;2;34;61;358;82;9;5;0.1;1024;119;W;279;19
3;0;15;12;359;87;5;1;0.0;1022;116;SSW;198;8
2;-1;10;61;360;92;4;1;0.2;1013;176;S;182;6
5;1;42;76;361;83;9;3;0.5;997;266;SSE;162;27
5;1;33;98;362;82;6;4;15.1;993;296;WSW;252;22
0;-4;25;75;363;81;2;0;8.7;1010;368;WNW;290;15
-1;-5;20;65;364;79;1;-3;0.5;1013;122;SSE;163;13
3;1;18;84;365;94;6;2;7.9;1012;302;SSW;192;9
