HeatIndexC;WindChillC;WindGustKmph;cloudcover;day;humidity;maxtemp;mintemp;precipMM;pressure;weatherCode;winddir16Point;winddirDegree;windspeed
15;14;17;90;244;94;17;14;27.3;1014;302;SW;230;12
16;15;19;84;245;89;20;14;6.2;1015;302;NNW;328;13
18;17;21;55;246;81;24;14;0.0;1018;116;NE;38;15
20;19;20;28;247;76;27;17;0.0;1018;113;NNE;30;13
21;20;11;20;248;70;28;18;0.0;1016;113;ESE;107;6
20;19;10;35;249;78;25;19;0.4;1014;119;S;179;6
19;19;5;20;250;72;27;20;0.0;1014;113;SSW;207;4
20;19;6;17;251;72;27;20;0.0;1016;113;SSW;197;4
20;19;11;12;252;74;27;19;1.5;1016;176;WSW;259;6
18;17;14;24;253;73;23;16;0.0;1015;113;N;10;9
14;14;13;73;254;86;16;13;5.0;1014;296;WSW;240;8
14;14;9;85;255;96;17;15;28.3;1014;302;SSE;154;6
16;16;14;69;256;94;18;16;13.6;1018;308;NNE;29;9
17;16;9;70;257;95;20;16;15.2;1017;353;SW;230;5
19;18;12;27;258;82;25;17;0.0;1017;116;E;87;8
18;18;9;16;259;80;24;18;1.5;1019;116;SE;141;5
18;17;11;8;260;77;23;17;0.0;1019;113;SSE;158;7
17;16;22;10;261;71;21;14;0.0;1019;116;SSE;157;14
17;16;19;23;262;75;22;14;0.0;1018;116;SSE;162;13
18;18;9;49;263;82;25;16;3.3;1015;176;SSW;206;6
19;19;13;41;264;81;25;17;1.9;1012;176;W;276;8
14;13;24;38;265;75;17;13;2.6;1012;176;WNW;302;17
11;9;21;32;266;75;15;9;0.3;1018;353;NW;319;15
11;10;16;8;267;76;16;8;0.0;1018;113;SSE;159;11
13;12;16;45;268;79;18;10;0.7;1017;176;WNW;286;10
12;11;14;79;269;84;17;11;1.3;1022;353;NW;308;10
17;16;13;56;270;83;20;14;1.5;1027;353;SW;234;8
15;15;10;0;271;76;21;11;0.0;1029;113;SSE;164;5
14;14;14;10;272;80;20;11;0.0;1027;113;S;173;9
17;16;5;47;273;84;23;13;0.0;1025;116;SSW;208;3
14;15;4;79;274;93;17;13;9.3;1025;302;ENE;66;3
15;15;16;42;275;85;19;13;0.9;1027;116;N;7;11
14;13;14;25;276;84;18;10;0.0;1025;116;NNE;31;9
14;13;11;51;277;84;19;11;0.6;1022;353;SE;135;7
15;14;12;47;278;83;19;12;0.6;1020;116;SSE;154;8
13;12;19;20;279;74;18;10;0.0;1019;116;SE;144;12
13;11;31;53;280;74;17;10;0.1;1017;122;SSE;155;21
13;11;20;63;281;84;15;12;0.4;1017;176;SE;144;14
15;14;19;77;282;86;18;13;0.7;1017;176;SE;142;13
16;16;11;36;283;87;21;13;0.0;1016;116;SSE;160;6
16;15;9;50;284;84;20;15;0.3;1015;266;S;180;5
17;16;8;17;285;80;23;13;0.0;1016;113;SE;135;5
16;16;14;68;286;86;19;15;0.7;1012;176;SE;131;9
17;16;9;60;287;86;21;14;0.5;1010;176;WNW;298;6
14;14;9;41;288;79;20;12;0.0;1010;119;SE;145;5
15;14;14;69;289;82;19;13;1.5;1010;263;WSW;236;9
12;12;13;69;290;92;15;11;6.3;1015;302;NW;312;8
13;12;9;16;291;87;18;10;0.0;1025;113;W;262;5
13;12;19;14;292;84;18;10;0.0;1024;116;SSE;168;12
16;15;15;46;293;81;21;13;1.4;1018;176;W;271;10
14;14;16;45;294;80;17;12;1.2;1011;116;W;263;10
8;5;28;70;295;84;9;8;14.1;1007;353;WNW;297;19
8;5;24;75;296;87;11;6;0.6;1013;119;ESE;121;17
5;2;26;36;297;77;9;4;0.0;1021;113;NNE;25;18
6;4;12;55;298;86;11;3;0.0;1025;119;SSE;166;7
6;5;9;33;299;89;11;3;0.0;1029;116;SSE;166;5
5;4;12;0;300;78;11;3;0.0;1031;113;SSE;148;7
5;3;14;0;301;68;12;1;0.0;1026;113;SSE;147;8
5;3;17;7;302;68;10;3;0.0;1022;113;SSE;162;10
4;4;5;25;303;83;10;2;0.0;1025;113;SW;229;3
5;5;6;13;304;79;12;2;0.0;1027;113;NNW;342;3
7;6;8;30;305;86;13;4;0.0;1025;116;S;177;5
6;4;15;29;306;88;10;3;0.0;1023;116;SSE;157;9
6;3;23;29;307;80;10;4;0.1;1017;113;SSE;154;15
10;7;36;41;308;83;15;7;1.1;1006;266;SSE;160;23
12;9;52;11;309;77;17;9;0.0;1005;113;SSE;158;33
13;12;32;74;310;79;16;12;0.5;1010;176;SSE;156;22
11;10;22;76;311;89;14;9;1.3;1011;266;SE;145;14
9;8;11;92;312;88;10;8;15.6;1015;302;SW;228;8
10;9;19;58;313;91;14;8;0.0;1014;122;SE;142;12
10;8;25;72;314;92;13;9;1.6;1015;266;SSE;164;16
11;9;31;37;315;85;15;10;0.1;1014;116;SE;143;20
11;9;31;46;316;81;14;10;0.1;1009;116;SE;141;22
8;8;9;14;317;81;13;7;0.0;1013;113;SE;126;5
9;8;17;43;318;87;12;6;0.0;1015;119;SE;126;10
10;7;35;70;319;84;12;9;0.1;1011;119;SE;143;26
8;4;35;72;320;87;10;7;1.6;1008;266;SE;142;22
8;6;16;97;321;89;10;8;1.0;1010;176;SE;130;12
7;5;23;90;322;94;8;8;16.5;1009;302;ESE;118;15
6;5;13;69;323;85;10;5;0.5;1017;122;WSW;241;8
5;3;16;53;324;86;8;3;0.0;1026;119;NNW;344;10
4;3;12;23;325;87;8;3;0.0;1026;116;NNE;21;6
2;1;9;10;326;86;6;1;0.0;1027;113;SE;140;5
5;2;13;65;327;88;7;3;0.1;1029;119;SSE;148;9
3;0;17;53;328;84;6;2;1.0;1027;116;SSE;164;12
3;3;6;63;329;89;6;2;0.4;1028;119;E;87;4
1;-1;14;23;330;87;5;1;0.0;1025;113;SE;130;8
0;-4;22;34;331;81;4;-1;0.0;1019;113;SE;141;14
1;-2;13;90;332;76;3;0;0.4;1020;122;ESE;119;9
2;-1;13;86;333;80;3;2;0.6;1020;176;ENE;76;9
1;-1;13;88;334;78;4;1;0.9;1019;176;E;82;9
1;-2;18;99;335;83;2;1;10.0;1015;296;ENE;76;12
1;-1;13;96;336;96;3;1;5.6;1015;326;ENE;66;8
2;0;14;93;337;95;4;1;1.4;1020;266;ESE;102;8
4;2;14;49;338;86;7;3;0.0;1021;116;SE;135;9
2;0;11;60;339;91;5;1;0.1;1020;176;SSE;152;6
4;3;8;100;340;94;6;3;3.3;1021;266;NNE;18;5
2;-1;17;60;341;85;5;1;1.0;1019;116;N;9;11
3;-1;19;68;342;86;5;1;1.2;1019;119;NW;317;13
1;-3;21;20;343;84;4;-1;0.0;1025;113;SE;124;15
-1;-4;14;21;344;74;3;-2;0.1;1026;116;WNW;289;8
1;-2;21;51;345;77;6;-1;0.9;1019;119;SW;215;12
2;-2;28;30;346;87;4;1;0.2;1016;116;SSE;162;17
0;-3;17;73;347;92;4;-1;0.0;1016;122;SSE;158;11
3;0;12;97;348;96;5;2;0.8;1020;266;SSE;162;8
5;3;13;99;349;96;6;4;1.1;1019;266;SSE;162;8
4;3;10;100;350;96;6;3;3.1;1015;266;SE;143;6
3;0;15;67;351;85;5;2;1.6;1014;119;W;263;9
5;3;19;89;352;93;8;4;4.0;1015;122;SSW;205;11
10;7;34;67;353;85;12;8;13.5;1017;119;WSW;237;21
5;1;39;48;354;76;7;4;1.6;1019;119;WSW;248;24
4;0;35;43;355;80;6;3;0.1;1026;119;WNW;288;23
5;1;37;86;356;80;8;4;2.0;1022;296;WSW;245;23
8;5;29;25;357;82;11;7;0.0;1021;116;WSW;257;20
5;2;27;21;358;73;9;4;0.0;1020;116;WSW;246;16
4;1;28;48;359;78;7;3;0.5;1021;263;WNW;290;17
0;-5;31;34;360;76;2;-2;0.0;1024;116;NNW;329;18
-3;-6;17;62;361;70;-1;-4;0.6;1015;119;ESE;119;13
-5;-11;33;70;362;74;-3;-6;2.0;1015;323;NNE;22;22
-7;-13;23;57;363;85;-4;-8;0.4;1026;326;NW;325;14
-8;-13;20;40;364;90;-5;-9;0.0;1034;116;SW;220;11
-10;-12;9;46;365;83;-7;-9;0.0;1035;119;S;173;6
