HeatIndexC;WindChillC;WindGustKmph;cloudcover;day;humidity;maxtemp;mintemp;precipMM;pressure;weatherCode;winddir16Point;winddirDegree;windspeed
19;18;22;0;244;53;22;17;0.0;1019;113;SSE;160;13
20;19;10;14;245;63;23;19;0.0;1016;116;SW;223;6
21;21;17;27;246;70;25;21;0.9;1009;116;SSW;193;10
15;14;9;64;247;93;17;13;20.3;1011;302;ESE;103;5
14;13;27;34;248;73;16;11;5.5;1018;116;WNW;284;17
13;13;18;22;249;67;17;14;0.0;1024;116;NW;307;11
15;15;9;18;250;67;20;15;0.0;1025;116;SW;234;5
16;16;15;6;251;61;20;15;0.0;1026;113;NE;44;9
17;17;9;11;252;67;22;16;0.0;1025;113;NE;52;5
20;20;16;25;253;60;23;20;0.0;1023;113;SE;124;9
19;18;27;30;254;59;23;19;0.0;1023;116;NNE;33;16
17;16;23;35;255;71;21;15;0.0;1021;200;N;9;14
14;14;11;24;256;68;18;15;0.0;1016;113;NW;310;7
16;16;17;45;257;66;20;15;0.8;1016;116;ENE;75;10
18;18;16;34;258;73;21;17;1.8;1018;176;SE;131;10
20;20;18;24;259;63;23;19;0.0;1015;113;SSE;158;12
17;17;11;67;260;86;19;16;11.3;1014;299;E;82;7
17;17;19;43;261;77;21;15;0.0;1019;116;NE;45;12
16;16;13;22;262;76;20;16;0.0;1019;119;SE;135;8
18;17;15;13;263;70;21;16;0.0;1019;113;S;170;9
18;18;8;23;264;72;23;18;0.0;1022;116;S;188;5
19;19;9;13;265;68;25;18;0.0;1025;113;SSW;210;5
19;19;12;21;266;68;24;18;0.0;1025;116;SW;214;6
18;17;14;30;267;71;21;17;0.0;1021;116;SW;222;8
15;14;21;18;268;62;17;12;0.4;1024;113;NNE;18;12
14;14;12;0;269;65;18;13;0.0;1027;113;ENE;73;7
15;15;14;11;270;64;21;14;0.0;1027;116;SSE;156;8
16;16;14;10;271;68;21;14;0.0;1021;113;WSW;256;8
16;16;22;36;272;67;18;16;0.0;1016;116;WNW;300;14
13;12;13;54;273;80;15;12;2.5;1017;296;NNW;328;7
14;14;19;53;274;77;19;13;0.1;1012;116;WSW;246;11
11;10;17;31;275;58;14;7;0.3;1015;116;WNW;296;10
11;10;15;13;276;63;16;9;0.0;1017;113;SW;217;9
14;13;23;7;277;65;18;12;0.0;1013;113;WSW;251;14
13;13;13;34;278;68;17;11;0.2;1018;116;SW;229;8
16;16;12;52;279;83;20;14;5.4;1017;119;SSE;168;8
21;20;18;36;280;73;23;19;2.3;1017;176;WSW;239;12
20;19;15;34;281;75;23;17;0.1;1014;116;WSW;244;10
12;11;24;31;282;68;14;10;0.6;1020;116;NNE;28;13
10;9;13;93;283;89;12;9;4.8;1016;296;SE;144;8
12;12;18;63;284;82;16;10;9.5;1012;176;WNW;288;12
8;5;38;75;285;85;9;7;19.1;1006;302;NW;306;20
4;-2;54;69;286;68;5;3;0.2;1015;122;NNW;338;30
2;-5;62;93;287;76;3;1;7.3;1015;326;NW;312;32
0;-6;49;100;288;89;2;-1;10.9;1016;326;WNW;292;26
2;-3;29;98;289;90;4;1;6.5;1016;332;WSW;250;16
3;1;14;95;290;89;4;2;3.1;1016;326;NW;317;8
4;2;12;78;291;82;6;5;0.3;1019;122;NNW;337;8
4;1;20;25;292;79;9;3;0.0;1021;116;NNE;24;12
3;2;12;68;293;83;6;2;0.5;1016;122;SE;126;7
5;2;17;37;294;87;8;3;0.0;1014;119;SE;140;10
9;7;26;89;295;89;11;7;2.8;1007;266;SE;131;15
9;8;15;46;296;87;11;7;2.8;1010;116;NW;316;9
7;5;21;70;297;85;9;6;1.3;1017;266;ESE;123;12
8;8;10;7;298;84;12;6;0.0;1018;113;S;189;5
9;8;10;37;299;87;13;6;1.9;1019;263;SW;220;6
10;9;19;40;300;86;15;10;0.2;1021;353;NW;308;11
9;8;13;39;301;82;14;8;0.2;1021;116;NNW;338;8
7;6;12;65;302;89;9;5;3.8;1021;293;SSW;210;7
3;0;21;21;303;84;6;2;0.0;1030;116;NNE;31;13
2;1;7;14;304;83;6;-1;0.0;1030;113;SSE;163;4
1;-1;13;19;305;78;5;-2;0.0;1025;116;SSE;151;8
1;-5;37;40;306;75;3;-1;0.2;1012;116;SSE;149;22
-2;-6;30;100;307;90;0;-3;11.5;1003;332;SE;146;15
-2;-8;48;99;308;90;0;-3;7.9;999;227;SSE;162;23
1;-3;25;87;309;91;2;0;5.2;1005;122;SE;139;13
2;-1;24;82;310;90;4;1;4.1;1006;116;ESE;123;13
4;3;13;75;311;91;6;3;2.0;1007;263;SSE;160;8
5;3;23;75;312;86;8;3;3.1;1005;116;ENE;67;13
8;6;15;56;313;92;10;6;2.7;1007;119;SSE;155;9
5;2;28;72;314;91;9;4;11.3;1008;320;N;350;15
4;-1;36;86;315;96;4;3;23.1;1006;338;NW;319;22
6;3;18;43;316;87;8;4;0.2;1012;116;WNW;281;12
6;4;13;44;317;89;9;3;0.0;1018;122;S;175;8
6;3;20;68;318;94;8;5;1.3;1018;266;SE;138;11
9;8;12;24;319;88;13;5;0.7;1017;113;WNW;287;7
8;6;12;68;320;94;10;5;0.7;1016;143;SSE;154;7
7;5;18;82;321;95;9;5;1.9;1015;266;SSE;153;11
10;9;16;37;322;86;13;6;2.4;1021;113;WSW;258;10
9;7;17;7;323;82;12;5;0.0;1025;113;WSW;256;10
6;5;12;5;324;82;9;2;0.0;1027;113;SE;145;6
4;3;9;15;325;86;8;1;0.0;1028;116;S;172;5
3;1;14;13;326;88;6;-1;0.0;1020;143;SSE;161;8
6;3;22;48;327;87;12;5;5.0;1016;296;SW;215;15
10;8;24;70;328;85;13;7;7.5;1013;353;WSW;259;17
11;9;22;33;329;86;13;7;2.8;1016;113;SSW;198;15
8;6;13;56;330;88;10;4;0.4;1015;116;SW;223;8
6;4;15;69;331;92;7;3;0.7;1013;122;SSE;158;9
6;4;17;39;332;89;8;3;2.5;1014;119;SW;232;11
5;1;27;58;333;93;4;3;0.7;1011;266;SE;129;17
8;4;65;66;334;87;10;6;0.2;1002;116;S;170;35
6;3;40;96;335;90;8;4;29.7;1003;320;SW;226;19
3;1;16;36;336;87;4;1;0.3;1015;116;WSW;255;9
2;0;11;27;337;84;5;-3;0.0;1014;116;SE;146;6
2;0;10;65;338;85;5;0;0.1;1010;122;ESE;124;7
2;0;10;46;339;90;5;-2;0.1;1017;122;SSW;214;6
1;-2;16;62;340;91;4;-1;1.4;1017;323;SSE;159;9
0;-3;17;83;341;94;0;-2;4.9;1017;326;SSE;153;10
1;-2;21;86;342;96;1;0;10.0;1014;338;SE;144;12
4;0;27;72;343;91;6;3;1.5;1022;122;NNW;334;15
3;1;12;40;344;92;5;-1;4.7;1024;116;ESE;113;8
2;-1;24;85;345;92;6;0;5.3;1018;326;NNE;28;13
-1;-7;37;28;346;77;1;-3;0.0;1021;116;NNE;28;20
-5;-12;34;55;347;66;-4;-7;0.0;1022;122;NE;45;18
-6;-10;15;24;348;86;-3;-8;0.0;1023;113;NE;41;9
-4;-10;26;12;349;90;-1;-6;0.0;1018;113;NE;40;16
-7;-13;24;79;350;80;-5;-8;1.7;1011;326;NNE;15;14
-8;-12;14;78;351;85;-7;-10;0.8;1007;122;NNW;343;8
-10;-14;14;69;352;90;-7;-11;0.3;1007;119;E;88;8
-12;-18;25;75;353;90;-10;-13;3.1;1006;326;ENE;56;12
-11;-18;26;52;354;88;-9;-13;1.9;1008;119;WNW;285;16
-11;-17;22;67;355;96;-7;-14;1.0;1011;119;SSE;153;14
0;-6;44;99;356;98;2;-2;4.7;1002;326;SSE;151;25
5;1;42;76;357;96;7;4;20.5;998;302;WSW;247;24
6;3;24;100;358;98;8;4;4.3;1001;266;SE;131;17
9;6;43;84;359;93;12;8;29.0;995;356;WSW;253;25
2;-1;23;15;360;86;4;-2;0.2;1011;113;W;268;14
1;-1;10;54;361;87;4;-3;0.0;1009;119;SW;216;6
2;-2;21;51;362;82;5;-2;0.0;1006;119;W;273;14
0;-4;17;33;363;85;3;-4;1.7;1010;116;ESE;107;12
0;-4;28;92;364;95;2;-2;9.6;1000;143;SSE;162;14
4;2;12;70;365;97;8;2;11.9;996;143;S;180;7
