HeatIndexC;WindChillC;WindGustKmph;cloudcover;day;humidity;maxtemp;mintemp;precipMM;pressure;weatherCode;winddir16Point;winddirDegree;windspeed
28;26;15;7;244;48;33;24;0.0;1010;113;SSE;168;10
20;19;27;45;245;64;23;18;0.2;1014;266;SW;232;20
21;20;17;48;246;57;26;16;0.8;1014;116;NNE;29;11
21;20;18;32;247;62;25;17;1.9;1014;113;NW;320;13
14;14;14;76;248;78;18;13;6.8;1013;302;WNW;284;9
14;13;36;62;249;61;17;14;0.9;1016;353;WNW;290;26
13;11;31;66;250;67;16;12;0.5;1021;353;WNW;290;22
14;14;17;47;251;63;19;12;0.2;1022;176;NW;322;12
15;15;16;62;252;65;19;13;2.0;1022;353;NE;55;10
17;15;21;35;253;59;21;12;0.3;1022;116;ENE;75;13
16;15;18;81;254;73;21;15;0.2;1021;122;SE;141;13
18;17;21;17;255;67;24;14;0.0;1020;113;SSE;166;13
19;19;42;12;256;54;25;16;0.0;1017;113;SSE;148;29
23;22;48;30;257;58;29;18;10.5;1009;116;S;177;36
20;19;15;45;258;76;25;19;0.2;1012;176;S;175;10
24;23;32;10;259;64;30;18;0.0;1006;113;S;180;24
26;25;32;3;260;59;32;20;0.0;1005;113;SSW;197;22
20;19;16;28;261;53;25;16;0.0;1017;113;SW;228;10
20;19;23;33;262;59;24;16;0.0;1019;113;N;10;15
19;18;28;31;263;55;21;17;0.0;1018;116;NNW;333;20
14;13;16;33;264;69;18;11;0.0;1018;122;NW;323;11
16;15;24;20;265;54;22;13;0.0;1011;122;SSE;162;16
18;16;25;26;266;60;22;14;0.0;1010;116;SW;234;17
18;16;28;36;267;65;23;12;0.0;1017;116;SE;124;19
16;16;27;79;268;59;21;15;0.9;1017;176;N;6;19
14;13;23;80;269;75;17;13;3.7;1021;266;NNE;22;16
13;11;26;11;270;63;18;11;0.0;1027;113;NNE;25;18
13;11;29;9;271;60;17;9;0.0;1031;116;NNE;33;20
13;11;34;6;272;63;17;10;0.0;1032;113;NE;46;23
10;8;30;8;273;64;15;8;0.0;1033;116;ENE;64;21
13;11;15;2;274;59;17;7;0.0;1032;113;E;79;9
14;12;23;2;275;54;19;9;0.0;1027;113;SE;144;14
16;14;41;13;276;58;21;12;0.0;1020;116;SSE;158;28
16;15;21;42;277;72;21;13;0.0;1017;119;SSW;207;14
18;17;12;50;278;72;22;14;0.0;1016;119;SE;132;8
17;16;18;29;279;72;21;13;0.0;1013;116;SSE;146;12
16;16;15;65;280;72;20;14;0.4;1013;176;S;175;10
14;14;13;92;281;81;17;14;0.4;1017;122;SSW;196;9
11;11;12;87;282;80;14;10;1.5;1020;176;NE;39;9
8;5;27;90;283;59;10;7;0.6;1019;266;NE;42;18
7;2;45;85;284;45;9;5;0.0;1016;122;NE;41;35
5;0;34;33;285;68;8;3;0.0;1018;119;NNE;23;25
5;3;21;32;286;70;12;2;0.0;1019;116;SSE;150;14
8;5;23;100;287;88;10;6;13.1;1017;302;ESE;117;14
11;8;39;98;288;91;12;9;17.9;1013;302;SE;131;24
12;10;33;91;289;92;14;11;8.3;1016;266;SSE;146;22
9;8;9;57;290;82;12;7;0.0;1019;122;W;271;6
9;8;8;48;291;75;13;5;0.1;1019;122;SE;144;5
9;7;18;61;292;72;14;8;0.6;1019;176;NNE;26;12
9;6;24;82;293;74;12;7;0.9;1018;122;NNW;335;18
8;6;18;81;294;80;12;6;0.4;1019;176;NNW;328;12
8;7;14;50;295;75;13;6;0.0;1018;122;NW;306;9
10;8;20;40;296;77;15;9;0.2;1022;113;NNW;332;13
9;8;12;15;297;77;14;6;0.0;1023;113;SE;144;7
9;8;15;39;298;83;15;6;0.0;1023;122;W;265;8
10;8;18;19;299;80;15;8;0.0;1025;113;E;88;10
9;7;27;16;300;71;14;7;0.0;1023;116;SE;143;17
10;6;40;8;301;67;14;7;0.0;1019;113;SE;145;27
9;7;30;68;302;67;13;7;0.1;1020;122;S;171;18
9;9;8;15;303;71;15;5;0.0;1028;113;ESE;122;5
9;8;20;1;304;73;14;6;0.0;1035;113;SSE;151;12
7;4;28;5;305;68;12;5;0.0;1038;113;SSE;164;17
6;3;19;22;306;58;12;2;0.0;1033;113;SE;141;11
5;3;19;18;307;60;12;1;0.0;1026;116;SSE;148;11
4;4;6;28;308;68;10;0;0.0;1023;113;SSW;205;3
6;6;8;28;309;63;14;2;0.0;1023;116;NNW;340;4
8;7;7;23;310;77;15;4;0.0;1025;116;W;278;4
11;10;15;68;311;85;14;8;1.6;1026;296;SW;227;8
13;12;17;53;312;82;18;11;0.1;1028;119;NW;312;10
12;11;24;46;313;81;18;9;0.7;1024;176;W;265;15
13;12;33;71;314;78;17;12;2.2;1023;122;WNW;292;22
13;12;20;77;315;85;16;12;0.5;1024;266;WNW;289;12
10;10;15;17;316;82;15;9;0.0;1027;116;WNW;295;9
8;7;16;25;317;84;13;7;0.0;1026;116;S;172;10
8;5;31;50;318;66;10;7;0.7;1027;116;WNW;286;22
9;6;36;91;319;80;12;7;21.2;1015;302;WSW;245;23
12;10;32;28;320;74;15;12;0.3;1015;176;WNW;292;21
10;8;19;60;321;79;12;7;3.7;1017;266;SW;220;11
11;9;36;58;322;77;15;11;0.6;1016;176;W;274;22
10;7;32;67;323;79;13;8;3.6;1017;296;WSW;243;19
10;8;36;81;324;78;13;8;11.1;1006;266;WSW;250;22
5;2;22;77;325;75;7;4;0.9;996;119;NNW;330;14
3;0;17;93;326;76;6;2;0.3;1002;176;NW;310;12
1;-3;21;41;327;77;5;-1;0.2;1020;176;SW;233;14
0;-2;11;9;328;81;3;-2;0.0;1025;113;S;185;6
0;-5;24;48;329;75;3;-2;0.0;1013;122;SSE;157;16
0;-3;16;39;330;76;5;-1;0.1;1013;176;NNW;347;9
1;-3;19;35;331;85;3;0;0.0;1018;116;NNE;19;14
-1;-3;15;41;332;80;4;-1;0.6;1013;113;WNW;298;9
1;-2;25;55;333;84;4;-1;2.6;1020;266;SW;216;14
7;3;48;87;334;76;9;6;10.0;1017;296;WNW;287;27
8;5;42;77;335;72;10;7;3.0;1019;353;NW;323;28
7;5;19;57;336;85;13;5;3.5;1028;176;W;275;12
5;5;7;20;337;89;10;5;0.0;1032;113;S;178;4
5;2;18;60;338;92;7;3;0.2;1032;176;S;175;12
4;3;11;24;339;89;8;2;0.0;1035;113;S;179;6
2;0;14;33;340;92;5;1;0.0;1031;119;S;183;8
1;0;6;30;341;87;7;1;0.0;1036;116;S;178;4
2;1;10;18;342;89;6;1;0.0;1036;113;ESE;118;6
2;0;10;95;343;92;5;0;2.9;1034;122;SSW;211;6
3;1;15;20;344;89;6;2;1.3;1037;113;WSW;238;8
1;-2;16;17;345;78;5;0;0.0;1030;113;S;177;9
4;1;23;63;346;84;7;5;1.2;1025;266;WSW;257;13
4;1;22;42;347;80;7;2;0.0;1021;122;SW;216;12
2;1;9;56;348;79;5;0;0.0;1027;122;ESE;104;5
1;0;8;80;349;88;3;0;0.1;1028;122;SSW;202;5
1;0;9;19;350;89;4;1;0.0;1032;113;S;174;5
1;-2;16;95;351;93;3;0;4.3;1030;302;SSE;167;10
3;1;9;96;352;90;5;2;0.3;1027;122;SSW;195;6
4;3;10;51;353;94;8;2;0.0;1028;143;SSE;150;6
3;1;14;69;354;92;5;2;0.0;1029;116;SSE;148;10
4;1;14;87;355;91;5;3;0.9;1028;122;SSW;193;10
6;4;21;37;356;83;11;5;0.1;1030;116;SW;221;11
4;2;12;18;357;86;7;4;0.0;1030;113;S;178;6
4;3;11;15;358;91;8;2;0.0;1031;116;SE;129;6
2;0;13;35;359;87;6;2;0.0;1032;113;S;170;7
5;4;16;48;360;80;9;4;0.0;1031;119;SSW;203;8
4;2;12;10;361;75;9;2;0.0;1031;113;SSW;204;6
3;2;12;33;362;81;9;2;0.0;1031;119;SSW;205;6
2;-1;21;42;363;87;5;1;0.0;1033;122;ENE;61;12
-1;-5;21;18;364;62;3;-2;0.0;1037;122;SSE;149;13
-3;-9;27;32;365;50;-1;-4;0.0;1032;113;SSE;152;20
