HeatIndexC;WindChillC;WindGustKmph;cloudcover;day;humidity;maxtemp;mintemp;precipMM;pressure;weatherCode;winddir16Point;winddirDegree;windspeed
12;10;37;50;244;76;15;10;3.6;1013;119;NW;324;23
13;13;19;55;245;74;17;14;0.4;1016;176;NW;307;12
13;13;10;47;246;71;17;13;0.4;1019;176;NW;322;6
11;11;11;54;247;84;13;9;9.4;1019;302;NE;45;6
11;9;17;38;248;75;15;11;0.0;1022;116;NNE;24;10
11;10;17;25;249;72;15;11;0.0;1021;116;NE;36;10
12;11;19;37;250;72;16;11;0.0;1016;122;SE;138;11
11;10;23;88;251;82;13;10;2.1;1012;266;ESE;107;13
14;14;12;64;252;83;19;12;11.7;1015;119;WSW;239;7
15;15;14;32;253;75;18;16;0.0;1021;116;NNW;342;8
15;15;17;38;254;78;18;16;0.0;1021;116;NE;36;11
16;16;9;53;255;80;22;15;0.0;1020;119;ENE;64;6
16;16;13;28;256;76;20;16;0.0;1020;119;WNW;298;8
14;14;16;63;257;74;18;14;0.4;1023;116;W;270;9
17;16;18;38;258;70;21;14;1.7;1014;116;SW;220;12
16;15;17;39;259;74;18;15;1.2;1013;116;WSW;259;12
13;13;14;67;260;83;16;12;5.1;1013;296;SW;230;8
13;13;8;27;261;60;17;13;0.0;1016;116;WSW;255;5
12;11;14;27;262;58;15;13;0.0;1018;113;NNW;343;8
12;11;9;15;263;64;19;12;0.0;1021;113;S;189;5
12;12;10;6;264;72;17;11;0.0;1021;113;S;177;6
14;14;7;2;265;74;22;14;0.0;1023;113;SE;126;4
15;14;26;11;266;69;21;13;0.0;1019;113;SSE;158;15
16;15;32;3;267;66;19;15;0.0;1009;113;SSE;151;21
16;16;23;48;268;65;19;14;0.8;1003;116;SE;137;15
10;8;23;100;269;94;12;8;32.4;1003;302;WNW;289;12
9;7;26;61;270;86;12;6;23.0;1008;299;WSW;241;14
8;6;29;64;271;90;10;7;7.3;1011;302;WSW;255;16
9;7;23;77;272;86;12;10;0.3;1016;263;NW;315;14
8;6;13;55;273;77;11;8;0.2;1019;116;NNW;337;9
7;7;8;19;274;79;11;7;0.0;1018;113;E;91;5
9;8;15;31;275;76;13;7;0.0;1021;116;SSE;148;9
8;6;23;55;276;81;10;7;1.4;1017;113;SE;126;12
8;5;39;75;277;79;10;7;1.6;1016;266;SE;137;20
8;5;31;97;278;91;8;7;3.9;1014;266;SE;128;15
10;9;12;80;279;93;12;8;4.0;1019;296;SE;133;6
11;11;14;24;280;81;17;10;0.0;1025;113;SE;146;8
10;9;16;11;281;77;16;10;0.0;1028;113;SSE;149;9
8;7;14;15;282;71;15;7;0.0;1025;113;NE;49;8
7;6;15;5;283;77;12;5;0.0;1018;113;NE;43;9
9;8;12;1;284;71;14;6;0.0;1016;113;NE;48;7
9;9;9;0;285;74;14;7;0.0;1017;113;SE;125;5
7;5;16;0;286;73;12;4;0.0;1017;113;NE;37;10
7;6;13;5;287;73;11;4;0.0;1014;113;NW;316;7
7;6;11;33;288;81;12;4;0.0;1012;119;NW;324;6
9;9;7;72;289;78;12;9;0.3;1011;353;SE;125;5
5;2;22;84;290;84;8;6;1.2;1016;266;NE;41;12
6;4;13;69;291;86;8;3;2.2;1019;266;NNE;23;9
6;5;12;15;292;80;11;3;0.0;1012;113;WNW;298;7
6;3;18;52;293;85;8;5;1.0;1007;386;W;271;10
6;3;21;40;294;74;9;3;0.3;1022;119;WNW;284;15
6;4;14;31;295;82;10;2;0.0;1025;116;S;172;10
8;6;15;68;296;89;10;5;0.0;1018;119;SSE;164;11
8;7;12;80;297;88;10;6;0.8;1012;122;S;184;8
6;3;18;93;298;93;7;4;6.6;1017;317;ESE;122;12
5;3;17;41;299;81;9;5;0.2;1025;116;NW;322;12
3;2;8;13;300;80;8;1;0.0;1029;116;WSW;245;5
3;1;13;15;301;80;7;2;0.0;1026;116;S;172;8
4;2;15;5;302;76;8;2;0.0;1022;113;SSE;154;9
5;2;30;14;303;66;9;4;0.0;1015;113;SSE;153;19
9;5;41;24;304;77;12;6;0.0;1012;116;SSE;153;27
12;10;31;29;305;78;15;10;0.0;1012;116;SSE;155;23
11;10;11;40;306;88;13;10;0.0;1015;116;SSE;163;8
10;9;14;36;307;80;13;8;0.0;1019;116;SW;222;9
14;13;25;38;308;83;17;11;0.0;1023;119;WSW;242;17
15;14;23;24;309;83;18;13;0.0;1022;119;W;269;16
13;11;24;34;310;77;15;11;0.0;1015;113;WSW;258;17
10;9;16;87;311;89;12;10;0.8;1004;266;SE;142;10
8;5;28;99;312;95;10;6;11.6;988;302;SSE;149;14
7;4;26;82;313;91;8;3;16.9;985;119;SE;146;14
8;6;13;91;314;94;12;6;2.7;993;122;SSE;147;8
6;3;19;51;315;84;8;2;0.1;1010;116;W;260;13
9;6;24;46;316;90;13;3;2.1;1003;176;SW;234;18
12;10;25;57;317;90;16;10;5.8;1007;116;SSW;202;16
9;7;21;84;318;94;10;7;1.0;1009;263;SE;144;12
9;8;18;83;319;94;11;7;1.3;1012;263;ESE;119;10
12;11;9;86;320;94;15;9;0.6;1012;143;SE;141;6
10;9;11;65;321;92;12;8;0.1;1010;116;NNE;17;7
6;5;16;88;322;95;11;5;2.3;1010;296;S;172;9
5;4;10;84;323;94;6;4;10.0;1017;302;SSE;165;5
4;3;8;38;324;88;7;3;0.0;1019;116;SSE;159;5
5;2;23;87;325;92;7;5;1.1;1012;317;SE;128;14
6;2;37;86;326;94;7;5;6.3;1000;296;SE;137;19
3;0;22;54;327;87;6;1;0.1;999;119;W;277;15
3;-1;21;72;328;88;5;1;0.9;1003;326;W;278;16
2;-1;13;54;329;90;5;-2;0.4;1007;368;SW;227;9
3;0;17;43;330;87;6;1;0.2;1003;119;SE;146;12
0;-3;17;45;331;86;3;-1;2.1;1006;116;WNW;302;12
-1;-4;18;80;332;93;3;-3;3.4;1010;122;ESE;120;11
-2;-6;23;85;333;96;0;-3;6.1;1000;326;NW;307;14
-5;-9;15;43;334;94;-2;-9;0.0;1016;143;NNE;33;10
-5;-9;19;69;335;95;-2;-8;10.6;1008;143;SE;144;12
-5;-8;15;59;336;94;-4;-11;4.1;1009;143;S;184;9
-6;-10;16;80;337;97;-2;-7;11.0;1011;338;ESE;122;9
-11;-15;11;14;338;95;-4;-16;0.2;1022;143;NW;325;6
-11;-16;19;51;339;98;-8;-12;0.2;1018;143;SSE;152;11
-2;-5;13;99;340;99;-2;-5;1.7;1006;326;ESE;115;8
3;1;10;98;341;100;4;2;6.3;1004;332;SW;217;6
4;3;12;97;342;100;5;4;1.1;1005;248;SSE;164;6
-1;-7;38;78;343;92;0;-4;6.7;1011;326;WNW;300;21
-5;-11;45;37;344;82;-3;-5;0.6;1022;116;NW;323;23
-1;-6;27;64;345;94;1;-4;12.8;1015;338;SW;215;17
1;-5;40;81;346;95;3;-1;6.1;1006;332;WNW;285;24
-6;-13;47;42;347;84;-3;-8;0.0;1015;116;NW;325;25
-7;-14;31;86;348;92;-5;-9;2.2;1018;326;NW;307;17
-6;-11;24;96;349;94;-6;-9;3.4;1018;326;WNW;289;13
-8;-12;10;53;350;95;-6;-12;0.0;1017;143;SSW;201;7
-11;-19;42;93;351;96;-8;-12;0.5;1003;122;SSE;150;23
-9;-12;10;74;352;95;-9;-12;2.4;1005;332;W;268;6
-8;-14;26;69;353;96;-5;-10;0.5;1008;122;SSE;155;15
-4;-9;24;98;354;98;-4;-7;2.1;1006;326;S;170;13
-1;-4;14;94;355;98;2;-2;0.7;1011;326;SSE;152;9
3;1;13;91;356;99;4;3;2.5;1009;326;SE;125;9
6;2;26;84;357;99;8;5;2.8;1004;266;SE;142;18
7;4;28;94;358;98;10;5;4.8;997;296;SE;129;19
-3;-9;44;85;359;92;-2;-4;3.0;1007;326;NW;321;22
-8;-14;33;78;360;80;-6;-9;0.1;1023;122;NW;323;18
-7;-9;7;43;361;87;-4;-10;0.0;1025;119;WSW;249;4
-6;-11;18;66;362;96;-4;-8;5.4;1023;338;WSW;250;11
-9;-12;8;8;363;92;-6;-14;0.0;1028;143;SSW;201;5
-11;-13;8;3;364;88;-8;-15;0.0;1027;113;SSW;203;4
-8;-12;11;60;365;94;-8;-10;0.4;1025;260;S;172;7
