HeatIndexC;WindChillC;WindGustKmph;cloudcover;day;humidity;maxtemp;mintemp;precipMM;pressure;weatherCode;winddir16Point;winddirDegree;windspeed
22;22;12;6;244;58;28;20;0.0;1021;113;WNW;282;7
22;21;14;24;245;65;26;19;0.0;1022;116;SE;127;9
22;22;11;26;246;63;28;18;0.0;1019;119;SW;222;6
24;24;18;32;247;63;30;20;0.1;1015;113;SW;228;12
18;18;28;66;248;79;21;17;17.4;1015;353;NW;313;19
16;16;30;74;249;82;21;15;0.8;1022;266;NNE;31;21
23;22;17;8;250;75;28;17;0.0;1023;113;ENE;63;11
23;23;12;7;251;63;28;20;0.0;1017;113;SSE;165;8
25;24;6;8;252;58;30;23;0.0;1017;113;SW;214;4
25;24;10;7;253;61;30;22;0.0;1017;113;ENE;73;6
25;24;10;10;254;58;30;23;0.0;1018;113;S;177;6
26;25;13;9;255;59;31;24;0.0;1020;113;ENE;76;7
26;25;15;13;256;58;30;22;0.0;1018;113;E;97;9
25;24;18;19;257;61;29;21;0.0;1016;116;ENE;61;11
22;21;22;11;258;59;27;18;0.0;1016;113;SE;141;14
23;22;14;21;259;68;27;19;0.0;1013;116;S;185;9
18;18;20;66;260;78;21;17;7.5;1010;302;WSW;247;13
19;18;14;66;261;72;23;16;0.0;1012;119;SW;216;9
16;15;23;51;262;78;21;14;0.0;1012;119;NNE;25;16
14;12;21;15;263;64;18;12;0.0;1016;113;NNE;17;14
13;12;13;48;264;74;19;11;1.0;1019;353;NNE;19;8
14;13;13;12;265;66;19;11;0.0;1022;113;WSW;238;8
14;13;6;55;266;65;21;11;0.0;1024;122;W;260;4
18;17;8;19;267;68;23;13;0.0;1026;116;WNW;285;5
17;16;15;11;268;66;22;14;0.0;1023;113;ENE;58;9
15;15;10;3;269;65;21;12;0.0;1023;113;ENE;71;5
17;16;6;11;270;67;22;13;0.0;1026;113;SE;136;4
18;17;17;20;271;66;23;13;0.0;1027;119;WSW;238;10
20;19;16;12;272;67;25;14;0.0;1022;113;SW;227;10
20;19;13;17;273;64;25;15;0.0;1017;113;SSW;193;8
19;18;14;7;274;71;24;15;0.0;1013;113;SSE;154;9
16;15;9;71;275;77;20;15;0.7;1015;353;SE;134;6
13;12;21;66;276;76;15;13;2.7;1021;353;NW;323;14
10;7;34;64;277;81;12;11;14.1;1022;302;NNE;12;23
7;3;32;77;278;69;11;5;1.3;1022;266;NNW;338;23
8;5;25;71;279;83;10;8;3.6;1014;296;NNW;340;17
7;5;14;44;280;80;11;3;0.0;1018;122;NE;41;10
7;6;10;63;281;77;13;4;1.1;1019;353;WNW;296;6
10;8;9;75;282;79;14;7;0.4;1022;353;W;268;6
8;6;14;36;283;78;13;6;0.2;1023;176;NNE;30;9
7;5;20;81;284;81;11;5;0.5;1017;353;NNE;30;14
7;4;24;90;285;83;12;7;0.4;1015;176;NNE;21;17
8;6;19;76;286;80;11;5;0.2;1019;122;ENE;76;13
8;5;33;50;287;69;12;6;0.0;1019;116;SE;140;23
12;10;26;39;288;69;17;10;0.0;1016;113;SSE;169;19
12;12;15;35;289;80;18;10;0.0;1023;116;NNE;26;10
9;8;19;77;290;83;13;7;0.3;1027;176;SSE;151;13
9;6;24;100;291;85;11;7;2.1;1025;266;SSE;159;16
8;7;14;98;292;89;11;7;5.3;1021;296;S;172;9
6;5;12;86;293;94;8;4;11.5;1018;302;SSE;147;7
5;5;4;72;294;90;11;4;0.1;1016;176;ESE;108;2
6;4;13;10;295;78;11;2;0.0;1017;113;SSW;208;7
8;5;24;39;296;82;13;4;0.0;1019;122;SE;145;15
10;8;21;71;297;88;15;8;0.0;1020;122;SSE;154;14
12;12;11;98;298;89;16;11;0.9;1021;176;SSE;166;7
9;7;19;48;299;81;12;8;0.0;1027;119;NNE;30;13
7;6;12;43;300;81;12;4;0.0;1032;122;SW;229;7
7;6;11;54;301;82;14;3;0.1;1033;119;SW;221;6
9;7;25;67;302;83;12;9;0.2;1029;122;NW;321;15
7;4;28;46;303;77;10;7;0.0;1027;122;NW;321;19
5;3;13;28;304;82;10;3;0.0;1029;116;NW;315;8
7;6;11;61;305;84;13;4;0.0;1022;119;SSW;210;7
6;4;20;54;306;80;9;5;0.8;1015;266;W;278;12
4;1;21;41;307;72;8;5;0.7;1021;116;NW;311;14
3;0;21;64;308;76;7;-1;0.0;1021;122;SSE;153;13
4;0;33;73;309;79;8;0;0.4;1009;176;SE;145;22
8;6;14;93;310;90;10;7;5.9;1000;296;SW;233;11
4;2;15;49;311;79;8;2;1.3;1007;119;WNW;282;10
2;1;9;52;312;81;5;0;0.0;1011;122;WSW;240;5
0;-2;12;14;313;78;5;-1;0.0;1010;113;NW;324;7
2;-1;19;92;314;81;7;1;2.9;1009;326;S;188;12
2;-1;18;73;315;87;6;0;0.7;1015;176;ENE;75;11
1;-4;35;72;316;82;4;-1;2.3;1022;116;NNE;14;23
-1;-5;22;45;317;73;3;-3;0.0;1028;116;NNE;12;14
-1;-4;19;10;318;86;4;-2;0.0;1035;113;NE;39;11
-1;-3;14;42;319;79;5;-3;0.3;1032;116;S;180;9
1;-3;15;100;320;94;2;-1;6.8;1023;266;SSE;157;10
2;-1;16;100;321;94;3;1;7.0;1017;296;SSE;163;11
6;4;20;95;322;93;10;3;0.8;1013;266;SE;145;13
9;6;28;100;323;93;13;9;21.6;1012;389;SSE;160;19
8;6;26;76;324;92;11;6;0.8;1015;266;SSE;154;17
10;6;56;79;325;85;12;9;0.2;1015;119;SSE;153;39
10;6;42;66;326;83;12;8;0.0;1017;122;SSE;152;32
7;4;23;81;327;81;11;6;0.2;1022;122;SE;146;15
7;5;14;97;328;81;8;7;1.2;1021;266;E;84;9
8;6;15;99;329;87;10;6;0.8;1021;176;NE;52;11
7;5;12;86;330;88;11;4;0.3;1018;122;SE;143;7
5;1;25;63;331;79;7;3;0.1;1014;122;NW;316;17
1;-4;28;46;332;66;3;0;0.0;1023;116;NNW;338;19
-1;-5;17;16;333;71;3;-2;0.0;1033;116;NNW;332;10
-1;-4;15;56;334;50;4;-4;1.9;1030;119;WSW;258;9
2;-3;33;100;335;89;4;1;7.3;1019;338;W;268;19
3;-1;42;38;336;74;6;3;2.5;1014;113;NNW;329;28
-1;-3;10;12;337;83;4;-2;0.0;1026;116;SW;234;6
-2;-2;5;10;338;74;3;-3;0.0;1031;113;NE;53;3
-2;-5;13;12;339;63;2;-3;0.0;1031;113;SSE;151;8
-3;-5;11;23;340;70;2;-5;0.0;1031;113;NW;320;6
-2;-5;13;45;341;86;2;-4;0.0;1038;119;SE;136;7
-2;-5;10;37;342;86;1;-3;0.0;1034;116;S;190;6
1;-1;13;53;343;76;5;-2;0.0;1029;122;WSW;240;6
2;0;14;51;344;92;7;2;0.0;1025;119;SSW;204;7
3;0;25;46;345;83;8;1;0.7;1017;266;WSW;253;13
4;0;28;66;346;81;8;4;2.3;1020;389;NNW;330;18
-2;-4;9;45;347;55;1;-3;0.0;1031;119;S;171;6
-2;-3;8;81;348;72;1;-3;0.3;1026;326;SSW;191;5
-1;-4;17;20;349;90;3;-2;0.0;1031;116;NNE;18;9
-2;-5;13;24;350;85;1;-4;0.0;1036;119;SE;139;7
-4;-5;8;18;351;86;0;-6;0.0;1038;113;SSW;203;4
-2;-3;7;85;352;93;1;-4;3.2;1034;296;SW;221;4
-1;-4;10;47;353;83;1;-3;0.1;1034;119;ESE;123;7
-4;-7;15;35;354;90;-1;-7;0.0;1032;116;ESE;106;8
-6;-8;12;25;355;91;-2;-7;0.0;1034;113;SSE;147;7
-6;-8;7;35;356;93;-3;-7;0.0;1035;116;S;181;4
-5;-6;5;15;357;88;0;-8;0.0;1035;116;S;172;3
-4;-7;13;59;358;92;-2;-6;0.6;1030;284;S;173;7
4;0;31;94;359;92;6;3;4.6;1024;296;W;269;17
6;3;27;62;360;91;8;4;0.9;1025;176;W;261;14
3;-2;36;71;361;81;5;2;2.8;1029;353;WNW;286;22
1;-4;26;9;362;76;4;0;0.0;1034;113;NNW;346;15
0;-3;14;8;363;78;2;-1;0.0;1042;113;NNE;17;10
-2;-3;4;10;364;59;2;-4;0.0;1039;113;WSW;249;2
-3;-4;7;9;365;57;2;-5;0.0;1033;113;SSW;193;3
