HeatIndexC;WindChillC;WindGustKmph;cloudcover;day;humidity;maxtemp;mintemp;precipMM;pressure;weatherCode;winddir16Point;winddirDegree;windspeed
17;17;9;52;244;65;21;17;0.6;1015;122;SSE;158;5
19;18;9;14;245;70;23;19;0.0;1015;116;WNW;282;5
20;20;7;9;246;66;26;21;0.0;1016;113;SSE;155;4
23;22;22;12;247;58;27;21;0.0;1014;113;SSE;156;14
20;19;24;36;248;69;24;20;11.2;1014;356;SW;236;14
15;15;15;26;249;74;19;14;1.2;1022;113;NNW;329;9
16;16;22;36;250;69;22;17;0.2;1016;263;W;266;14
14;13;23;76;251;76;15;14;0.9;1012;266;W;264;13
15;15;16;67;252;79;17;15;0.6;1014;353;WNW;282;10
19;18;12;35;253;80;23;18;0.0;1016;119;SSE;164;7
21;20;12;11;254;77;24;19;0.0;1015;113;SSE;161;7
20;19;17;18;255;74;22;21;1.0;1015;116;WNW;297;10
19;18;12;13;256;76;23;18;0.0;1016;113;WSW;244;7
17;17;12;53;257;76;20;16;0.3;1017;266;NW;309;6
14;14;14;0;258;68;19;14;0.0;1020;113;NW;315;8
14;14;5;7;259;69;21;15;0.0;1020;113;S;187;3
17;17;13;25;260;65;20;16;0.0;1016;116;SSE;160;7
18;17;33;33;261;62;22;18;0.0;1008;119;SSE;159;20
11;9;23;80;262;86;14;10;6.4;1011;353;NNW;343;12
13;12;21;78;263;89;16;10;11.0;1020;296;NNW;342;11
15;15;12;16;264;79;19;14;0.0;1020;113;NNE;11;8
16;16;15;8;265;76;20;16;0.0;1018;113;WNW;304;9
14;14;11;11;266;73;19;14;0.0;1018;113;NW;322;6
14;13;10;3;267;69;18;12;0.0;1019;113;NNE;23;6
14;14;13;7;268;70;20;14;0.0;1022;113;SSE;159;8
15;15;6;2;269;69;21;14;0.0;1025;113;S;183;4
17;16;6;2;270;66;24;14;0.0;1028;113;SSW;203;3
16;15;20;10;271;67;20;16;0.0;1030;116;NNE;30;12
16;15;15;9;272;55;20;13;0.0;1030;113;N;11;9
17;16;16;5;273;71;21;14;0.0;1028;113;NNE;26;9
18;17;15;8;274;65;22;15;0.0;1027;113;NNE;24;8
17;16;15;2;275;70;21;14;0.0;1025;113;N;8;8
16;16;10;1;276;72;21;14;0.0;1023;113;SSW;205;5
17;16;13;9;277;71;21;14;0.0;1021;113;W;263;7
15;15;14;26;278;78;21;15;0.0;1021;119;WNW;296;8
16;16;16;27;279;78;20;15;0.0;1016;119;SSW;192;9
10;8;23;67;280;77;12;8;4.2;1010;293;WNW;284;13
7;5;23;61;281;84;10;6;2.9;1010;353;WNW;290;14
6;4;22;42;282;85;8;6;0.3;1019;266;NNW;328;13
6;4;15;74;283;86;7;5;3.0;1019;266;SSW;208;9
14;13;32;67;284;82;17;13;2.4;1016;122;W;279;19
9;8;22;87;285;84;12;7;8.8;1016;293;WNW;296;11
8;7;18;23;286;79;13;8;0.1;1024;116;NNW;334;11
6;4;18;10;287;74;11;6;0.0;1032;116;NNE;18;11
6;4;16;6;288;72;10;4;0.0;1033;113;NNE;22;10
5;3;13;18;289;74;9;4;0.0;1032;122;SSE;165;8
5;3;16;2;290;56;10;4;0.0;1027;113;SSE;165;9
5;3;17;3;291;64;8;3;0.0;1020;113;SSE;162;10
7;5;12;41;292;70;9;4;0.1;1016;119;SE;143;8
5;3;21;49;293;82;6;4;2.1;1024;317;NW;314;12
5;3;16;1;294;77;9;3;0.0;1029;113;NNE;18;10
5;3;11;5;295;78;9;2;0.0;1028;113;ENE;79;6
6;5;12;66;296;72;11;4;0.1;1025;119;SE;126;6
8;6;25;89;297;83;12;7;2.3;1021;296;SE;140;14
6;1;50;100;298;90;7;5;9.0;1016;296;SE;134;25
9;5;37;49;299;80;9;7;0.4;1019;263;SSE;151;22
9;7;28;80;300;73;9;9;0.8;1024;122;SSE;147;16
8;7;16;36;301;74;9;7;0.0;1027;116;SSE;163;10
8;8;6;33;302;86;12;6;0.0;1028;116;SSE;163;3
7;7;9;31;303;86;11;6;0.0;1025;116;S;178;5
7;7;8;18;304;82;12;5;0.0;1023;113;SSE;157;4
8;7;14;4;305;69;12;6;0.0;1022;113;SSE;151;7
8;6;19;2;306;70;11;5;0.0;1021;113;SE;146;11
8;6;26;4;307;74;11;5;0.0;1017;113;SSE;147;16
6;3;35;67;308;69;8;5;0.1;1014;122;SSE;147;18
8;5;39;77;309;66;10;6;0.6;1014;122;SE;137;19
11;8;31;4;310;59;14;9;0.0;1019;113;SE;144;21
10;7;27;17;311;64;13;8;0.0;1024;113;SSE;152;18
9;6;24;10;312;79;12;7;0.0;1025;113;SE;140;17
8;7;10;2;313;83;11;5;0.0;1024;113;ESE;118;6
5;2;23;6;314;75;10;3;0.0;1024;116;NNE;28;14
1;-1;16;32;315;69;3;-2;0.1;1031;116;ENE;62;9
2;1;8;1;316;72;7;-1;0.0;1037;113;ESE;112;5
1;1;6;4;317;72;7;-3;0.0;1036;113;ESE;119;3
1;-1;8;11;318;72;5;-3;0.0;1030;113;SSE;154;4
1;0;9;5;319;76;6;-3;0.0;1025;113;NE;55;5
0;-2;11;5;320;73;4;-4;0.0;1026;113;ENE;63;6
-1;-3;13;19;321;80;3;-4;0.0;1027;116;SSE;168;7
-2;-2;5;8;322;81;3;-6;0.0;1026;113;SSW;206;3
-1;-2;8;59;323;90;4;-5;0.0;1025;122;SSE;163;4
-1;-3;9;38;324;81;3;-5;0.0;1026;113;SSE;159;5
-1;-4;11;43;325;63;1;-5;0.0;1025;119;SSE;163;7
-1;-2;6;28;326;60;2;-6;0.0;1023;113;SE;146;3
-1;-2;10;21;327;72;4;-4;0.0;1027;113;SSE;148;5
-3;-4;7;9;328;82;1;-7;0.0;1035;113;S;189;4
-3;-5;12;5;329;79;0;-6;0.0;1032;113;SSE;157;7
-1;-3;11;19;330;85;3;-4;0.0;1031;116;WNW;296;6
1;-2;17;18;331;83;3;-3;0.0;1026;113;S;169;10
3;0;15;6;332;87;6;-4;0.0;1031;113;NW;307;9
1;-2;20;3;333;86;4;-2;0.0;1028;113;SSE;148;12
-1;-2;8;40;334;84;0;-3;0.0;1029;122;S;188;6
0;-2;13;19;335;87;4;-3;0.0;1027;116;SSE;159;8
-2;-5;17;66;336;85;1;-3;0.1;1020;122;SSE;165;10
-2;-4;13;62;337;82;0;-4;0.2;1017;122;S;172;8
4;1;19;82;338;96;5;2;7.9;1009;317;S;184;13
5;1;29;46;339;83;8;2;4.7;1002;179;W;278;18
3;-1;22;62;340;82;5;0;1.0;1011;326;WSW;240;15
2;-3;28;52;341;90;3;-1;4.4;1010;332;S;176;18
2;-3;45;49;342;86;2;0;1.0;1017;119;WNW;284;26
1;-2;22;72;343;82;3;-1;6.8;1016;317;SSE;162;14
3;2;12;54;344;94;6;2;8.5;1016;323;WSW;247;8
1;-1;10;18;345;85;4;-3;0.0;1022;113;SSE;152;6
1;-1;14;95;346;85;1;-1;0.8;1016;326;SE;133;9
2;-1;17;39;347;90;4;-1;1.1;1017;116;SSE;161;10
3;0;16;69;348;94;5;1;1.0;1015;326;SSE;158;10
4;2;13;68;349;89;6;2;0.8;1014;317;SSW;206;8
2;-2;41;70;350;91;5;0;6.2;996;227;SSE;154;24
2;-2;23;53;351;84;3;0;1.9;1010;116;SW;226;14
1;-4;27;28;352;76;2;-2;0.1;1011;116;SW;236;18
0;-2;9;46;353;79;3;-4;0.0;1019;116;NW;307;6
-2;-4;9;29;354;76;0;-7;0.0;1016;113;WSW;254;6
0;-4;22;84;355;86;2;-2;3.9;1014;332;W;265;14
-1;-4;12;34;356;91;1;-7;0.0;1023;116;NW;312;8
0;-2;11;72;357;95;3;-1;0.7;1023;143;S;177;6
2;-2;22;78;358;95;3;0;1.3;1021;326;SW;230;15
2;-2;21;58;359;90;2;-1;1.2;1032;119;WNW;287;14
3;2;9;84;360;96;5;1;0.2;1038;266;WSW;242;5
3;2;8;54;361;94;5;-2;0.0;1037;143;S;183;5
2;0;14;67;362;93;4;0;0.4;1032;143;SSE;160;10
0;-3;17;49;363;84;2;-4;0.0;1024;122;WSW;253;10
1;-4;28;54;364;88;0;-2;4.3;1011;329;SW;226;17
0;-3;16;25;365;90;1;-5;0.0;1017;113;WSW;239;11
