HeatIndexC;WindChillC;WindGustKmph;cloudcover;day;humidity;maxtemp;mintemp;precipMM;pressure;weatherCode;winddir16Point;winddirDegree;windspeed
17;16;21;27;244;52;20;16;0.0;1018;116;SSE;159;12
20;19;13;21;245;60;24;19;0.0;1015;113;S;176;8
22;21;18;5;246;60;25;19;0.0;1011;113;S;169;11
21;20;12;26;247;70;24;20;0.7;1010;116;SW;223;7
22;21;13;10;248;67;26;20;0.6;1010;113;S;180;8
23;22;17;5;249;65;26;21;0.0;1008;113;SE;146;10
22;21;13;26;250;70;25;21;1.0;1010;116;W;267;9
17;16;21;33;251;67;22;14;7.7;1017;116;NW;316;12
18;18;9;5;252;64;22;17;0.0;1021;113;S;185;5
19;19;10;18;253;64;24;17;0.1;1018;116;SW;217;6
22;21;10;40;254;65;24;20;0.6;1014;116;W;272;6
17;16;24;15;255;61;22;15;0.1;1011;113;NE;38;13
9;7;38;8;256;54;14;6;0.0;1017;113;NE;44;21
8;6;22;31;257;66;12;5;1.7;1020;263;NE;49;12
6;2;35;93;258;91;7;5;33.2;1016;302;NNE;20;17
5;1;39;100;259;94;6;4;15.3;1016;320;ESE;119;21
6;4;24;76;260;79;8;5;0.7;1021;122;ESE;121;14
9;8;14;48;261;65;12;7;0.0;1024;119;ESE;124;9
9;7;22;54;262;64;11;6;0.0;1023;119;WSW;242;13
8;5;34;89;263;80;9;7;3.1;1024;266;N;350;18
8;6;25;90;264;80;9;7;2.0;1020;266;N;9;13
9;8;12;81;265;79;12;8;0.4;1016;122;SW;235;7
11;10;11;68;266;73;14;11;0.0;1016;122;N;349;7
10;9;12;85;267;88;12;8;6.0;1019;296;NNW;347;7
10;7;33;63;268;80;12;9;1.3;1024;122;NNE;34;18
11;8;32;16;269;67;14;9;0.0;1029;116;NE;38;19
11;10;19;15;270;71;15;11;0.0;1030;113;NE;37;12
11;11;9;1;271;72;18;10;0.0;1025;113;W;267;5
12;11;14;17;272;67;17;10;0.0;1018;113;SW;219;8
12;11;18;65;273;72;16;11;1.7;1013;122;SW;224;11
12;10;30;63;274;77;14;9;8.0;1007;263;SW;225;17
12;12;16;66;275;84;14;10;4.8;1008;266;S;190;10
9;9;10;73;276;90;10;8;11.9;1009;293;W;281;5
8;5;23;60;277;83;10;6;4.4;1013;296;NNW;335;13
8;7;14;13;278;70;11;6;0.0;1016;113;WSW;258;9
11;11;13;60;279;78;16;9;0.4;1015;122;W;260;8
13;13;11;55;280;82;15;14;0.2;1018;119;SW;224;7
11;10;12;33;281;84;14;11;0.1;1019;119;SE;134;6
12;12;8;79;282;88;14;10;0.7;1027;266;S;187;4
13;13;12;24;283;82;16;13;0.1;1033;113;N;8;8
12;12;7;19;284;84;17;11;0.0;1032;113;SSW;194;4
12;12;11;3;285;82;16;10;0.0;1029;113;SW;219;6
12;12;10;5;286;81;17;10;0.0;1024;113;SSW;195;5
13;12;12;29;287;82;15;10;0.0;1020;116;SSW;191;6
14;14;10;42;288;86;18;11;0.0;1019;122;SW;219;6
13;12;18;69;289;94;15;12;14.1;1011;302;SSW;200;10
8;5;29;17;290;71;10;5;1.2;1017;113;WNW;294;17
8;6;17;6;291;75;11;5;0.0;1023;113;SSE;163;10
8;7;12;17;292;77;12;6;0.0;1024;116;WSW;250;8
9;8;15;11;293;81;12;7;0.0;1023;113;SSE;166;8
10;9;17;63;294;92;12;9;0.4;1018;119;SSE;158;10
11;10;13;89;295;88;13;11;0.4;1018;122;SE;138;8
7;5;28;49;296;77;8;5;2.3;1028;266;NNE;17;15
5;4;12;10;297;85;10;4;0.0;1029;116;SSE;152;7
6;5;9;4;298;83;10;3;0.0;1032;113;NNW;342;5
5;3;12;3;299;83;9;3;0.0;1028;113;S;175;7
5;3;18;79;300;89;7;3;0.2;1015;122;SSE;164;12
5;3;17;92;301;94;8;4;1.8;1010;266;ESE;123;9
11;8;41;60;302;91;12;9;2.8;1005;296;SE;144;24
13;12;53;43;303;70;16;13;3.1;997;116;S;182;29
11;10;23;47;304;75;13;9;0.2;1011;119;S;171;15
13;12;28;48;305;79;16;12;0.4;1011;263;SE;141;18
12;12;10;91;306;91;13;11;0.7;1017;266;E;86;6
13;11;34;46;307;84;14;10;0.4;1018;119;SSE;148;20
13;12;22;35;308;87;15;12;0.0;1020;122;SE;144;15
14;13;32;21;309;79;17;12;0.3;1017;113;SSE;152;20
14;14;21;22;310;79;18;13;0.0;1017;113;SE;139;14
12;11;19;53;311;79;14;11;0.6;1018;119;SSE;149;12
9;7;22;91;312;89;11;8;5.9;1023;296;SSE;156;13
8;6;17;93;313;94;10;7;0.9;1028;266;SSE;159;9
7;4;28;82;314;90;9;6;0.8;1029;266;SSE;160;15
6;2;32;24;315;80;8;5;0.0;1022;119;SSE;159;19
4;3;9;98;316;92;5;3;1.4;1020;266;SE;142;5
7;6;6;99;317;92;9;5;2.0;1023;266;WSW;237;4
7;6;10;54;318;89;10;4;0.2;1027;116;SSW;205;6
6;4;14;12;319;85;9;4;0.0;1028;113;SW;231;8
6;4;17;47;320;89;8;4;0.2;1024;119;W;264;10
4;0;28;33;321;75;7;3;0.6;1026;326;NW;326;17
1;-3;19;14;322;76;4;-2;0.0;1021;116;SSE;162;12
4;1;21;57;323;86;6;1;2.3;1015;119;W;280;14
6;1;45;84;324;80;8;5;1.6;1008;266;WSW;258;25
3;-2;40;77;325;91;3;1;16.7;997;332;SW;226;22
-1;-6;28;71;326;81;1;-2;2.2;995;326;NW;306;18
-2;-8;44;69;327;85;-1;-2;2.6;1001;371;WNW;282;25
-1;-5;21;66;328;91;1;-2;1.3;998;326;S;184;13
0;-2;11;49;329;95;3;-2;0.7;1008;143;W;268;8
0;-4;19;46;330;91;3;-3;0.0;1022;119;WNW;290;12
2;-1;17;52;331;93;4;0;0.6;1024;143;SSW;197;11
-2;-8;38;16;332;87;-1;-3;0.0;1016;116;SSE;152;23
-1;-7;44;87;333;92;-1;-2;4.3;1003;332;SSE;155;23
4;-1;57;99;334;93;6;2;3.0;1004;296;SSE;160;30
7;2;53;74;335;87;11;6;2.2;1003;293;SSE;147;29
4;2;17;61;336;87;6;2;2.3;1009;326;S;190;10
3;1;11;58;337;90;6;-1;3.3;1008;317;SSE;155;8
0;-3;19;65;338;92;1;-1;0.7;1006;116;SE;145;11
2;-1;19;82;339;91;3;0;6.1;998;143;SE;145;11
5;2;18;60;340;86;7;3;7.3;1007;119;SW;235;12
4;0;25;58;341;86;6;1;0.0;1018;119;NW;318;16
2;-2;22;42;342;87;5;0;0.9;1024;326;NW;304;14
1;-2;14;19;343;84;4;-3;0.0;1020;113;SSE;157;9
-1;-6;30;82;344;89;0;-3;1.5;1015;122;SE;139;17
1;-5;46;85;345;89;2;0;4.5;1012;326;SE;139;23
3;1;15;70;346;83;4;1;3.0;1015;326;SE;134;9
3;0;21;61;347;86;6;1;0.4;1015;122;SE;130;12
2;-4;58;99;348;90;2;1;2.9;1014;326;SE;145;28
3;-2;49;99;349;90;3;2;3.4;1019;326;SSE;150;23
3;-2;52;96;350;92;3;3;3.1;1018;296;SSE;151;26
3;-1;34;98;351;93;4;3;5.4;1012;317;SSE;149;17
3;0;28;95;352;94;4;3;21.1;1014;332;WSW;238;15
2;-3;35;81;353;93;3;1;14.4;1017;332;WNW;301;19
3;-2;34;70;354;86;3;1;1.8;1021;326;WSW;259;19
4;-1;37;40;355;81;6;2;0.0;1025;119;NW;312;23
6;2;35;84;356;87;8;5;2.0;1025;266;WNW;282;21
4;-2;49;61;357;76;5;3;0.2;1027;122;NW;322;29
2;-1;18;48;358;89;5;0;1.7;1027;326;WNW;284;12
-2;-8;42;30;359;76;-2;-4;0.2;1030;116;NE;37;22
-4;-9;36;76;360;74;-2;-4;0.0;1038;122;NNE;30;19
-3;-8;28;69;361;75;-2;-4;0.3;1037;122;NE;41;15
-4;-8;12;5;362;68;-3;-7;0.0;1036;113;ENE;70;8
-4;-8;12;9;363;71;-2;-8;0.0;1038;113;ESE;107;7
-6;-11;21;11;364;73;-3;-7;0.0;1040;116;SE;140;13
-7;-14;32;0;365;57;-5;-8;0.0;1033;113;SSE;153;18
