HeatIndexC;WindChillC;WindGustKmph;cloudcover;day;humidity;maxtemp;mintemp;precipMM;pressure;weatherCode;winddir16Point;winddirDegree;windspeed
17;17;20;33;244;65;22;18;0.9;1021;116;NW;320;13
15;15;20;52;245;58;22;13;0.0;1022;116;W;281;14
16;15;23;63;246;86;20;16;3.5;1022;263;NW;308;15
18;18;8;62;247;79;25;18;0.9;1024;176;NW;315;5
19;19;10;28;248;69;26;18;0.1;1020;116;NE;54;6
17;17;12;0;249;62;25;14;0.0;1017;113;SE;133;8
18;18;11;0;250;57;26;17;0.0;1019;113;SE;142;7
19;19;19;14;251;46;26;16;0.0;1020;113;SSE;150;13
15;15;17;49;252;69;20;14;3.1;1017;296;WSW;256;11
16;16;14;24;253;66;23;14;1.2;1017;116;SSE;160;9
14;14;9;53;254;73;20;11;3.7;1016;263;NW;307;6
14;14;14;41;255;64;20;13;0.0;1015;116;WSW;251;9
12;11;14;80;256;84;17;11;1.3;1017;353;NW;306;9
12;11;17;71;257;91;18;11;25.2;1015;302;NW;313;11
16;15;6;55;258;83;23;14;0.1;1011;122;SW;233;4
15;15;10;66;259;82;20;16;2.0;1006;266;W;275;7
11;10;21;53;260;77;14;11;14.1;1003;116;NW;319;14
8;7;15;68;261;91;10;8;6.0;1003;296;SSE;167;10
11;9;22;28;262;79;15;9;0.1;1010;119;NW;315;14
11;11;15;36;263;80;17;9;1.2;1016;119;WSW;238;9
12;11;20;47;264;85;16;12;1.9;1022;353;NW;322;13
13;12;12;25;265;77;19;10;0.0;1026;116;WNW;300;7
14;13;26;42;266;82;19;12;0.0;1020;122;NW;307;18
16;15;23;51;267;75;21;14;0.0;1015;119;NW;309;16
14;14;10;25;268;77;20;12;0.0;1014;116;SE;132;6
14;14;18;51;269;80;20;14;0.8;1012;176;WNW;300;12
9;9;8;18;270;70;16;7;0.0;1019;116;SE;143;5
9;9;6;9;271;66;17;7;0.0;1017;113;SSE;149;3
10;9;18;19;272;67;16;7;0.0;1016;116;E;98;11
9;7;21;26;273;68;15;6;0.0;1013;119;NE;39;14
7;5;22;5;274;73;13;4;0.0;1014;113;NNE;23;14
6;3;24;11;275;65;12;4;0.0;1023;113;NE;38;16
5;3;13;0;276;59;10;2;0.0;1031;113;SE;125;8
5;2;23;0;277;50;11;2;0.0;1030;113;SSE;152;14
7;4;25;11;278;46;13;3;0.0;1024;113;SSE;154;16
9;8;9;70;279;60;14;7;0.0;1024;122;S;172;6
10;9;6;9;280;77;18;6;0.0;1027;113;E;96;3
12;11;14;8;281;63;19;9;0.0;1026;113;SSE;148;8
10;10;13;57;282;71;14;11;0.3;1020;266;SE;145;8
11;10;23;68;283;88;15;9;3.8;1011;266;SE;138;15
15;14;24;76;284;75;21;12;5.0;1015;116;SE;127;17
14;14;20;45;285;86;20;12;4.4;1019;119;SE;143;13
12;11;14;54;286;85;16;11;0.1;1021;119;WNW;292;9
11;10;8;22;287;79;17;8;0.0;1021;113;ENE;76;4
10;10;8;45;288;76;16;7;0.0;1014;116;SSW;208;5
9;8;19;52;289;84;13;8;2.8;1011;353;NNW;329;13
9;7;17;55;290;81;13;5;0.1;1016;122;W;275;10
10;8;24;43;291;79;15;8;0.6;1018;119;NW;311;15
9;7;22;19;292;77;14;6;0.0;1023;113;SSE;149;14
9;8;13;35;293;87;14;6;0.0;1021;122;SSE;167;8
12;12;11;21;294;83;19;9;0.0;1020;113;SSW;198;6
14;14;16;46;295;86;19;11;0.0;1019;116;SSE;148;9
14;13;16;61;296;91;16;14;1.0;1014;263;S;173;10
13;13;9;39;297;90;17;12;2.5;1020;116;S;191;5
14;14;11;39;298;86;20;10;0.0;1021;119;SSE;149;6
14;13;13;30;299;89;18;11;0.0;1019;116;S;178;7
13;13;16;27;300;83;18;11;3.4;1015;116;S;176;9
15;14;25;46;301;83;19;14;1.2;1013;263;SSE;163;15
12;12;12;45;302;84;14;11;3.4;1016;119;NNW;336;8
9;8;11;64;303;86;11;7;2.1;1023;266;NW;306;6
7;6;13;4;304;72;12;5;0.0;1028;113;ESE;103;7
8;7;14;11;305;79;12;5;0.0;1022;116;S;172;8
8;7;17;68;306;90;11;7;0.5;1013;266;S;185;10
9;8;19;61;307;90;12;8;6.0;1008;302;SSW;209;12
8;5;26;59;308;85;11;5;0.2;1005;122;SSE;158;18
7;5;15;72;309;86;9;6;4.8;1000;296;NW;314;10
6;3;25;49;310;79;11;5;2.8;1004;119;W;277;16
11;9;24;56;311;88;16;10;4.7;1013;116;WSW;242;14
10;9;17;25;312;87;14;9;0.0;1015;113;SSE;159;10
10;9;14;74;313;83;13;10;2.2;1013;119;WNW;290;10
8;6;14;62;314;85;11;5;5.1;1009;116;SSE;151;9
6;2;29;50;315;80;8;4;2.3;1024;116;N;352;19
3;1;12;28;316;88;6;2;0.0;1028;119;NE;37;8
5;3;16;32;317;83;9;4;0.0;1027;116;NNW;327;9
3;1;12;48;318;86;6;1;0.4;1024;119;ESE;106;7
5;4;9;41;319;87;9;2;0.1;1026;116;ENE;69;5
6;5;6;30;320;84;10;5;0.0;1030;116;SW;232;3
6;5;9;59;321;83;11;2;0.0;1025;119;ESE;117;5
7;4;26;51;322;82;9;6;0.0;1018;119;SSE;157;19
5;1;31;49;323;86;8;3;0.0;1010;116;SSE;148;20
5;2;22;78;324;90;7;4;2.6;1004;296;S;186;12
4;2;14;65;325;88;7;2;7.9;1003;296;ESE;109;9
7;5;16;75;326;89;10;5;0.3;1006;119;ESE;121;10
6;3;23;59;327;88;8;5;0.0;1010;119;NNE;34;17
6;3;26;83;328;85;10;7;3.4;1010;266;ESE;122;18
1;-5;39;41;329;73;4;0;0.4;1018;326;NNW;349;27
0;-5;27;41;330;82;2;-2;0.9;1026;332;SW;222;18
-2;-6;21;10;331;81;2;-2;0.0;1032;113;ESE;119;13
-1;-5;18;58;332;78;1;-3;0.7;1029;284;WSW;241;10
2;-1;23;66;333;87;5;1;0.2;1023;122;W;275;15
1;-1;15;54;334;88;5;0;2.6;1019;119;SSW;211;9
2;-1;14;42;335;89;5;0;0.0;1027;122;NW;308;9
1;-2;21;12;336;85;4;1;0.0;1034;113;SE;138;12
0;-3;18;38;337;80;3;0;0.0;1034;116;SSE;153;10
-2;-5;15;19;338;78;0;-3;0.0;1025;113;S;174;9
1;-3;26;41;339;85;4;0;0.3;1022;119;WSW;242;15
1;-5;46;58;340;79;3;0;6.4;1011;368;W;259;32
0;-6;40;49;341;83;1;-1;1.3;1020;368;WNW;292;26
2;-2;23;72;342;88;6;1;0.1;1026;122;W;263;13
4;-1;43;89;343;86;6;2;6.3;1024;296;W;280;24
2;0;13;54;344;83;5;1;0.0;1036;119;ENE;68;8
1;-1;9;69;345;84;3;0;0.0;1037;119;SSE;155;6
0;-1;6;7;346;89;3;-2;0.0;1033;113;S;185;3
-1;-2;6;20;347;90;2;-3;0.1;1027;113;S;172;4
-1;-3;10;38;348;86;2;-2;0.1;1028;116;SSW;209;6
0;-2;12;48;349;85;3;-1;0.0;1033;116;W;270;7
1;-2;11;10;350;89;3;0;0.0;1035;113;SSE;158;8
-2;-6;16;12;351;88;1;-4;0.0;1034;113;SSE;155;10
-3;-6;14;99;352;87;-1;-3;0.7;1029;122;S;172;10
-3;-8;19;88;353;84;-2;-4;0.9;1021;350;SSE;164;14
-3;-5;9;69;354;86;-1;-5;0.0;1027;122;SSE;158;5
-1;-4;14;11;355;90;3;-4;0.0;1034;113;SSE;158;7
0;-3;18;96;356;94;2;-1;0.9;1029;266;SSE;161;10
0;-4;18;93;357;97;2;-1;1.5;1025;284;SSE;164;10
2;-4;45;56;358;91;4;0;0.5;1016;116;SE;145;26
4;-1;49;63;359;89;6;3;1.1;1003;266;SSE;146;31
5;0;53;57;360;87;7;4;0.5;1000;119;SE;145;35
5;3;15;70;361;93;7;4;3.7;1011;119;S;174;9
6;2;37;79;362;93;8;4;0.2;1011;119;SSE;153;27
4;2;19;69;363;86;8;3;0.0;1018;119;W;277;12
3;1;13;29;364;85;5;2;0.0;1028;113;SW;231;7
3;1;11;91;365;88;5;2;2.9;1025;266;SE;131;7
