HeatIndexC;WindChillC;WindGustKmph;cloudcover;day;humidity;maxtemp;mintemp;precipMM;pressure;weatherCode;winddir16Point;winddirDegree;windspeed
18;17;17;86;244;84;21;15;5.2;1020;122;N;9;12
21;20;9;45;245;83;26;16;0.0;1021;116;SSW;210;6
22;21;15;13;246;79;27;18;0.0;1020;116;NNE;13;9
21;20;19;6;247;74;25;17;0.0;1019;113;NNE;22;13
20;19;15;5;248;73;25;16;0.0;1017;113;N;6;9
17;16;20;20;249;67;21;17;0.0;1021;116;NNW;346;14
15;15;10;8;250;59;23;12;0.0;1023;113;W;280;7
19;19;13;31;251;61;25;15;0.0;1021;116;NW;308;9
19;19;10;1;252;67;25;16;0.0;1020;113;E;86;6
20;20;19;13;253;51;26;16;0.0;1019;116;S;173;12
21;21;18;7;254;47;28;17;0.0;1015;113;S;176;12
19;18;17;58;255;75;25;18;16.8;1010;356;SW;220;11
11;9;22;82;256;90;13;9;26.9;1012;296;ESE;120;17
13;13;14;43;257;69;18;10;0.1;1015;116;SW;233;10
14;13;17;20;258;72;19;11;0.1;1015;116;NW;324;12
15;14;6;12;259;73;21;12;0.0;1018;113;NE;52;4
16;15;13;22;260;71;21;12;0.0;1016;116;S;176;8
18;17;16;7;261;75;23;13;0.0;1014;113;S;173;10
13;12;17;66;262;86;19;10;5.9;1013;353;NW;319;12
12;11;18;34;263;60;16;9;0.0;1022;116;NNW;339;12
11;10;13;12;264;62;17;9;0.0;1022;113;SSE;156;8
13;11;21;39;265;67;18;9;0.0;1015;122;SSW;209;13
12;11;10;32;266;67;16;9;0.0;1019;116;S;173;6
15;14;17;54;267;73;21;12;0.0;1006;122;SE;140;12
18;17;18;38;268;70;21;12;1.3;1008;113;SSW;196;12
18;17;24;37;269;73;23;14;0.0;1006;119;SSE;162;16
20;20;15;44;270;68;23;16;0.1;1010;116;SW;233;11
15;15;14;11;271;62;19;11;0.0;1019;113;W;269;9
15;15;14;34;272;72;19;12;0.0;1018;119;SE;142;9
15;14;15;29;273;73;19;11;0.4;1021;116;NNE;15;9
16;16;11;43;274;68;21;13;0.0;1018;119;SSW;196;7
16;16;13;44;275;72;20;13;0.0;1018;116;NW;310;8
15;14;10;4;276;65;20;10;0.0;1018;113;W;273;6
16;15;15;19;277;70;20;12;0.8;1016;116;S;181;10
13;12;18;15;278;74;17;8;0.0;1019;116;S;171;11
16;15;18;10;279;77;20;11;0.0;1016;113;S;173;11
12;11;22;49;280;85;14;12;11.1;1015;302;WSW;255;14
9;7;15;21;281;75;13;6;0.0;1021;116;NW;308;10
8;7;15;36;282;77;13;5;0.1;1013;122;SSW;202;9
7;6;11;14;283;71;12;4;0.0;1015;116;WNW;303;6
8;7;9;5;284;72;13;4;0.0;1016;113;SW;225;5
9;8;19;52;285;60;14;7;0.0;1014;116;SE;144;12
10;9;9;48;286;76;13;9;0.6;1015;116;W;265;6
11;9;20;61;287;77;14;7;0.7;1009;119;SSE;148;13
12;11;20;83;288;85;15;11;2.2;1007;266;SW;223;14
10;9;11;92;289;90;12;8;13.4;1012;302;SSW;206;8
9;7;17;26;290;84;13;5;0.0;1019;113;SE;139;10
12;10;24;19;291;75;16;8;0.0;1021;116;SE;142;15
12;11;15;13;292;73;16;8;0.0;1021;113;SSE;149;9
11;11;8;20;293;87;16;8;0.0;1020;116;S;182;4
11;11;10;0;294;83;18;7;0.0;1020;113;SSE;147;5
11;11;9;2;295;76;17;7;0.0;1022;113;ESE;118;5
11;9;18;9;296;81;16;7;0.0;1024;113;NNE;21;10
9;9;8;17;297;85;14;6;0.0;1019;113;SE;137;5
10;10;10;41;298;81;14;6;0.0;1013;116;SW;231;6
7;5;16;53;299;76;8;5;0.7;1010;119;NE;44;11
5;1;27;92;300;90;6;4;31.9;995;302;NNE;33;18
2;-3;26;46;301;80;4;0;0.4;1008;119;N;11;20
1;-4;26;95;302;86;1;0;7.8;1013;338;SW;233;18
-1;-4;14;62;303;93;1;-6;0.1;1011;116;S;186;8
2;-2;23;39;304;91;4;-2;0.1;1010;116;SE;136;14
4;0;26;74;305;84;5;2;3.6;1000;296;SSE;149;16
7;6;11;61;306;92;9;5;4.8;1006;299;SW;232;7
7;4;18;59;307;88;10;3;0.1;1010;119;SSE;150;12
9;8;15;75;308;93;10;7;1.4;1008;266;SE;129;9
8;5;24;79;309;92;9;6;12.7;1002;296;WNW;300;16
5;2;21;39;310;83;8;3;0.0;1015;122;WNW;299;13
5;1;26;64;311;85;6;3;0.9;1023;266;W;261;17
5;3;13;41;312;88;8;3;0.0;1023;116;S;181;8
6;4;13;35;313;88;9;4;0.5;1020;116;NNW;330;8
6;2;40;13;314;81;9;3;0.0;1015;113;SSE;149;26
7;3;37;13;315;74;10;5;0.0;1014;113;SSE;152;24
9;8;8;65;316;83;11;6;2.2;1024;119;NNE;14;5
6;4;19;17;317;87;10;4;0.0;1032;113;NNE;22;11
3;1;13;4;318;86;7;1;0.0;1033;113;E;81;7
3;1;17;28;319;87;7;1;0.0;1027;116;SSE;147;10
4;1;21;22;320;89;7;2;0.0;1024;116;SSE;148;12
4;0;23;23;321;83;7;1;0.0;1019;113;SSE;158;14
5;3;14;90;322;87;7;4;0.4;1017;122;SSE;167;10
5;4;6;58;323;89;8;1;0.0;1021;116;ENE;60;4
6;5;10;31;324;89;10;4;0.0;1022;116;SE;134;6
6;4;16;46;325;84;9;4;1.2;1022;266;SE;137;9
6;5;8;75;326;91;8;3;0.2;1025;122;S;169;5
5;4;7;83;327;93;6;3;2.6;1024;296;SSE;163;4
4;3;10;93;328;93;6;2;0.2;1024;122;SSE;152;6
6;4;18;85;329;93;7;5;1.0;1021;266;S;169;12
6;4;17;94;330;91;7;5;1.6;1016;266;SE;131;12
7;6;14;90;331;94;8;6;2.0;1008;266;SE;137;9
8;5;27;76;332;87;9;6;1.0;1002;266;SE;138;18
7;3;37;77;333;81;11;6;4.1;991;353;SSW;198;26
2;-1;21;62;334;79;4;0;0.0;1005;119;NW;310;15
0;-3;12;12;335;83;2;-2;0.0;1015;113;ESE;123;7
-1;-3;10;57;336;87;1;-3;1.1;1014;326;SW;221;6
-1;-6;21;44;337;81;1;-3;0.1;1013;116;NW;320;14
-1;-6;22;79;338;84;0;-3;2.5;1004;329;SSE;151;14
-1;-4;11;61;339;90;1;-4;0.1;1003;119;SW;214;6
-3;-7;21;62;340;89;1;-4;0.6;1011;323;WSW;236;12
-7;-10;15;31;341;91;-5;-9;0.1;1016;143;S;169;8
-6;-11;20;33;342;85;-4;-8;0.2;1019;116;N;10;13
-8;-12;15;24;343;87;-6;-11;0.7;1020;113;WNW;300;9
-3;-7;21;98;344;96;-1;-5;5.6;1008;395;SSE;161;13
-4;-8;18;87;345;94;-1;-7;1.1;1015;326;NW;325;11
-7;-13;23;47;346;89;-5;-9;0.3;1022;119;NW;309;14
-9;-14;15;65;347;93;-7;-10;0.0;1022;122;SE;132;8
-5;-11;30;87;348;93;-4;-7;1.6;1018;326;SE;135;18
0;-3;19;96;349;96;1;-2;6.1;1010;317;ESE;112;13
1;-2;14;77;350;98;2;-1;2.7;1013;296;S;186;8
1;-3;19;100;351;99;2;0;3.1;1012;317;SSE;154;12
2;0;8;99;352;98;2;0;0.4;1015;248;SSE;161;5
2;-1;14;65;353;91;3;0;0.0;1022;122;NNW;349;9
-1;-5;17;26;354;85;0;-3;0.1;1023;113;NE;43;11
-1;-3;10;68;355;82;0;-2;0.1;1017;119;SE;140;6
-3;-5;9;62;356;77;-1;-4;0.0;1022;116;E;96;6
-2;-8;27;92;357;90;-1;-4;16.0;1017;338;SSE;156;19
-1;-4;23;94;358;98;1;-2;4.4;1016;260;SSE;150;12
1;-2;18;93;359;98;2;0;1.2;1012;266;SSE;168;10
2;-1;19;77;360;95;4;0;1.3;1015;263;SW;219;10
1;-2;22;70;361;94;2;0;12.0;1014;302;SSE;160;12
1;-3;23;46;362;89;4;-2;1.1;1022;176;SW;231;14
-1;-5;17;14;363;68;0;-3;0.0;1029;116;SSE;147;11
-2;-6;23;22;364;67;-1;-3;0.0;1026;119;SSE;166;14
0;-4;19;20;365;85;3;-1;0.0;1025;113;SSE;167;10
