HeatIndexC;WindChillC;WindGustKmph;cloudcover;day;humidity;maxtemp;mintemp;precipMM;pressure;weatherCode;winddir16Point;winddirDegree;windspeed
22;22;11;7;244;45;29;22;0.0;1018;113;SW;231;7
23;23;13;12;245;46;30;21;0.0;1017;113;WSW;254;8
19;19;16;20;246;51;27;17;0.4;1017;119;WNW;291;12
19;19;19;11;247;50;27;18;0.0;1020;113;NNW;335;12
20;20;11;12;248;48;27;19;0.0;1019;116;SW;235;6
20;20;13;22;249;47;27;18;0.0;1016;116;SSE;148;8
21;21;12;15;250;44;29;19;0.0;1018;113;S;170;6
21;21;12;21;251;47;30;20;0.0;1022;113;E;100;7
22;22;14;26;252;50;29;19;0.0;1021;113;SE;130;9
25;24;7;28;253;53;32;23;0.7;1017;116;WSW;242;4
23;23;18;36;254;61;30;21;5.8;1015;119;E;87;12
25;24;12;15;255;57;32;23;5.3;1013;113;SSW;200;7
23;23;17;27;256;60;29;23;5.8;1012;176;WSW;259;12
19;18;19;45;257;52;23;17;0.3;1014;116;W;267;14
18;18;16;7;258;54;26;15;0.0;1011;113;W;275;10
20;20;10;8;259;53;27;19;0.0;1009;113;ESE;114;6
22;21;14;28;260;56;28;19;0.2;1003;116;SE;132;9
16;15;26;26;261;59;21;12;2.4;1003;113;W;262;19
15;14;15;48;262;60;20;14;2.3;1007;266;WSW;258;10
15;15;13;35;263;63;21;14;0.0;1014;113;WSW;238;9
17;16;14;16;264;53;23;14;0.0;1017;113;W;268;9
17;17;8;24;265;55;25;14;0.0;1020;116;SW;225;5
18;18;14;37;266;50;23;15;0.0;1014;116;WSW;255;11
18;17;15;19;267;59;25;15;0.0;1010;113;WNW;293;11
19;19;14;12;268;58;27;16;0.0;1014;116;SW;225;9
19;19;17;6;269;56;26;16;0.0;1012;113;WSW;250;10
16;16;22;32;270;55;19;17;0.0;1013;119;E;93;15
16;15;13;36;271;58;22;13;0.0;1015;116;SSW;206;9
13;12;19;85;272;81;15;13;11.5;1016;296;ENE;77;14
10;7;37;100;273;93;12;10;51.6;1014;308;ENE;57;28
8;4;41;92;274;89;9;8;45.7;1009;302;NNE;27;28
8;5;18;79;275;74;10;7;1.5;1019;266;ENE;57;13
7;5;12;54;276;61;11;4;0.0;1027;122;SE;126;8
7;6;9;14;277;59;11;5;0.0;1031;116;SSW;212;6
9;8;6;3;278;57;14;7;0.0;1029;113;SW;218;4
10;10;8;17;279;62;17;9;0.0;1028;113;SSE;165;5
12;12;9;4;280;64;18;9;0.0;1028;113;SE;128;5
12;11;16;14;281;77;18;9;0.0;1029;113;E;99;10
13;12;15;26;282;80;18;10;0.0;1024;116;ESE;101;10
16;15;8;29;283;76;22;13;0.0;1017;116;ESE;110;5
18;17;15;12;284;69;23;16;0.0;1020;113;E;80;9
17;16;19;15;285;77;22;14;0.0;1024;113;E;81;12
15;15;14;21;286;76;21;13;0.0;1024;113;E;91;9
17;17;11;14;287;75;23;15;0.0;1021;113;SE;139;6
16;16;13;38;288;83;21;14;0.7;1017;116;SE;139;8
16;16;18;40;289;77;23;15;6.6;1006;176;E;87;11
14;14;20;91;290;85;16;14;30.3;1006;302;NE;37;15
14;14;16;31;291;71;20;13;1.0;1012;200;NW;306;10
13;12;12;7;292;68;18;11;0.0;1024;113;ESE;116;6
12;11;13;13;293;66;19;9;0.0;1028;113;SSW;194;8
14;13;23;11;294;62;21;11;0.0;1022;116;WSW;242;13
17;17;12;6;295;75;22;15;0.0;1022;113;ESE;102;7
16;16;19;5;296;74;22;14;0.0;1026;113;E;99;11
16;15;13;6;297;79;22;13;0.0;1026;113;ESE;118;9
16;15;7;8;298;74;22;14;0.0;1024;116;SSE;154;5
15;15;11;8;299;70;22;12;0.0;1023;116;SE;141;6
16;15;22;1;300;64;22;12;0.0;1020;113;WSW;237;13
16;15;19;9;301;55;22;13;0.0;1017;113;WSW;243;10
19;18;10;5;302;70;24;16;0.0;1017;113;SW;214;6
18;18;9;24;303;72;23;15;0.0;1019;116;E;90;5
16;15;23;12;304;71;20;15;0.0;1025;113;ENE;70;15
13;12;14;52;305;73;18;11;0.0;1026;119;E;95;9
14;14;10;22;306;80;19;12;0.0;1019;116;SW;220;6
15;14;21;28;307;71;21;11;0.0;1015;113;WSW;241;12
17;16;21;10;308;67;22;13;0.0;1012;113;SW;229;12
17;16;14;22;309;81;22;14;0.0;1005;116;SE;142;8
17;16;19;43;310;74;21;14;2.3;1004;116;WSW;245;13
12;11;14;9;311;63;16;9;0.0;1016;113;WSW;248;8
13;13;11;7;312;68;18;11;0.0;1021;113;S;178;6
14;13;13;4;313;69;19;12;0.0;1018;113;ESE;107;8
12;12;9;14;314;71;17;10;0.0;1012;113;SSE;154;5
13;12;27;60;315;76;16;10;0.3;1013;119;ENE;62;18
12;10;26;85;316;76;14;12;0.8;1024;266;ENE;73;18
10;10;11;39;317;85;14;9;0.0;1023;116;E;98;7
9;7;18;35;318;74;12;9;0.0;1023;116;ENE;75;13
6;3;23;27;319;71;10;4;0.0;1027;116;ENE;68;16
6;5;10;6;320;72;11;5;0.0;1028;113;SW;235;6
8;7;17;36;321;67;13;6;0.0;1025;116;WSW;236;10
7;4;20;30;322;75;10;5;0.0;1025;113;ENE;79;13
7;5;20;77;323;87;11;6;0.6;1021;266;ENE;70;13
9;8;11;54;324;88;12;7;0.1;1012;116;E;82;6
10;10;10;22;325;88;15;7;0.0;1007;116;ESE;119;5
11;10;13;59;326;93;13;10;1.3;1008;266;ENE;76;8
10;9;23;68;327;92;13;9;0.1;1009;122;ENE;75;14
12;10;22;87;328;91;14;11;7.6;1006;296;SE;131;13
9;6;33;41;329;76;13;8;1.5;1004;116;WSW;252;24
4;1;21;78;330;71;6;4;1.9;1016;296;ENE;78;16
1;-4;29;81;331;79;4;-1;4.6;1025;326;ENE;70;18
2;-3;28;37;332;89;4;1;0.0;1026;116;WSW;250;22
0;-4;23;31;333;92;3;-1;0.0;1021;116;WSW;252;14
0;-2;11;17;334;87;4;-2;0.0;1023;116;S;181;6
2;1;11;46;335;78;5;2;0.1;1024;116;ESE;114;6
2;0;17;20;336;77;6;1;0.0;1026;116;SE;125;9
2;1;7;22;337;73;6;0;0.0;1037;113;SSE;155;4
0;-5;23;17;338;77;2;-1;0.0;1026;113;WSW;239;17
1;-2;21;6;339;53;6;-1;0.0;1020;113;S;189;11
1;-4;32;38;340;75;4;-2;0.0;1014;119;WSW;251;19
2;-4;44;20;341;62;5;1;0.0;1017;116;W;275;32
1;-2;19;30;342;66;4;0;0.4;1026;326;WSW;237;13
2;-3;31;55;343;78;6;0;0.4;1022;119;WSW;253;19
2;-1;18;22;344;67;4;0;0.5;1030;116;SE;125;12
0;-4;17;37;345;68;2;-1;0.0;1038;119;WSW;252;13
1;-1;11;81;346;63;4;1;0.1;1031;122;SW;215;8
2;-1;13;19;347;77;4;1;0.0;1025;113;SW;229;9
2;0;14;11;348;83;5;1;0.0;1027;116;S;190;9
1;0;10;21;349;91;5;0;0.0;1031;113;SW;219;5
1;0;8;11;350;74;4;0;0.0;1036;113;SSW;207;5
2;0;11;2;351;74;5;1;0.0;1037;113;WSW;239;8
0;-4;23;0;352;76;4;-2;0.0;1031;113;WSW;238;13
0;-4;23;9;353;69;5;-2;0.0;1025;113;SW;232;13
1;-3;27;2;354;51;5;-1;0.0;1027;113;SW;236;14
1;-2;23;6;355;36;7;-1;0.0;1034;113;S;174;12
2;-1;14;1;356;65;6;1;0.0;1034;113;SW;225;8
1;-3;27;15;357;75;4;-1;0.0;1028;116;WSW;244;13
2;-1;18;28;358;75;5;0;0.0;1027;116;E;82;9
2;1;10;25;359;74;5;1;0.0;1022;116;E;96;5
4;1;19;11;360;80;7;3;0.0;1016;113;ENE;77;10
6;4;23;57;361;81;10;4;0.0;1016;116;E;83;12
6;3;26;18;362;77;9;5;0.0;1020;116;ENE;69;14
5;3;13;3;363;85;11;1;0.0;1021;113;S;187;6
2;0;13;9;364;82;6;1;0.0;1025;113;E;91;8
1;-1;11;81;365;89;4;0;0.0;1029;122;E;80;8
