HeatIndexC;WindChillC;WindGustKmph;cloudcover;day;humidity;maxtemp;mintemp;precipMM;pressure;weatherCode;winddir16Point;winddirDegree;windspeed
23;22;18;23;244;54;29;20;0.0;1012;119;ENE;77;12
24;24;22;12;245;52;31;21;0.0;1009;116;ENE;69;14
24;23;29;41;246;74;29;24;5.7;1011;356;ENE;76;21
23;23;32;33;247;63;29;21;9.9;1013;356;NE;53;20
23;22;29;48;248;51;28;21;0.0;1014;116;ENE;60;20
21;21;29;8;249;40;27;19;0.0;1013;113;ENE;61;19
22;23;14;16;250;38;30;21;0.0;1013;113;NE;47;8
25;25;8;14;251;50;32;24;1.2;1014;113;S;187;5
24;24;6;22;252;51;31;23;0.8;1015;113;ESE;116;4
25;24;8;17;253;55;31;23;2.5;1014;176;SW;228;5
24;23;15;11;254;49;31;23;0.0;1015;113;ESE;119;10
23;22;18;20;255;56;29;20;0.0;1017;113;E;88;12
23;22;20;32;256;65;29;21;0.1;1018;116;E;81;13
22;22;19;13;257;56;29;19;0.0;1017;113;ENE;75;13
21;21;20;12;258;55;27;19;0.0;1017;113;E;80;13
20;20;28;15;259;42;25;19;0.0;1018;113;ENE;61;19
18;18;24;20;260;43;23;16;0.0;1020;116;ENE;60;16
18;18;23;11;261;41;24;17;0.0;1022;116;ENE;59;15
19;19;12;11;262;39;26;18;0.0;1024;116;E;89;7
20;20;9;22;263;36;27;19;0.0;1020;113;SSE;151;5
22;22;12;36;264;49;29;21;2.1;1013;113;WSW;251;8
23;22;18;25;265;67;28;20;5.9;1007;113;WSW;246;12
13;12;21;45;266;81;15;13;29.3;1009;308;WNW;286;13
17;15;12;3;267;70;21;11;0.0;1018;113;SSW;212;8
16;14;13;14;268;56;23;11;0.0;1017;113;S;184;8
12;12;11;82;269;75;14;12;8.2;1016;302;SSE;146;8
15;14;13;64;270;68;21;13;2.0;1021;116;NE;52;9
18;17;11;18;271;58;23;13;0.0;1026;116;ENE;74;6
17;17;12;9;272;59;22;15;0.0;1029;113;WSW;239;7
18;17;20;12;273;56;25;14;0.0;1024;113;SW;232;12
19;19;14;19;274;54;26;16;0.0;1024;113;E;94;8
16;16;22;80;275;75;20;16;0.1;1027;122;E;80;15
14;13;22;67;276;60;19;13;0.0;1026;122;ENE;71;15
14;13;16;27;277;53;19;11;0.0;1024;116;ENE;73;11
13;12;17;6;278;43;18;9;0.0;1023;113;E;83;10
14;13;21;21;279;64;19;11;0.0;1024;116;ENE;78;14
13;11;31;100;280;92;15;13;36.6;1024;302;NE;54;23
13;12;25;90;281;87;15;13;4.3;1025;293;ENE;58;17
14;14;13;23;282;78;19;12;0.0;1025;116;E;86;8
16;15;12;11;283;76;22;13;0.0;1023;113;E;96;8
17;16;11;1;284;71;22;13;0.0;1021;113;ESE;103;7
15;15;8;12;285;64;21;14;0.0;1019;113;ESE;122;5
17;17;6;1;286;66;23;16;0.0;1017;113;SE;140;4
18;17;8;5;287;65;24;17;0.0;1015;113;S;187;5
20;20;15;14;288;50;26;18;0.0;1012;113;SW;216;9
20;19;26;37;289;72;26;17;4.9;1010;356;W;268;16
20;19;15;47;290;72;24;17;4.1;1013;116;WSW;243;9
16;16;16;46;291;73;20;16;2.2;1019;353;NE;53;10
13;12;10;41;292;72;16;12;0.0;1029;119;SSE;152;7
13;12;25;13;293;68;19;10;0.0;1019;116;WSW;242;15
17;16;17;20;294;64;23;14;0.0;1011;116;SW;220;9
17;16;14;14;295;71;22;14;0.0;1003;113;E;88;9
14;14;28;71;296;89;17;14;13.9;1002;356;ENE;69;16
9;6;30;92;297;81;11;7;3.9;1015;266;NE;52;22
3;-2;40;51;298;68;6;3;0.2;1027;176;ENE;56;29
5;1;27;55;299;60;8;4;0.8;1031;176;ENE;63;21
4;0;21;27;300;53;8;1;0.0;1032;116;ENE;74;14
4;2;14;77;301;68;6;5;2.1;1029;296;NE;54;10
6;5;8;85;302;73;9;5;13.8;1025;302;SSE;154;6
8;8;8;69;303;81;10;8;2.8;1023;266;WSW;241;6
9;8;10;24;304;82;13;7;0.0;1023;113;SW;222;6
8;7;10;28;305;87;12;6;0.0;1025;119;S;178;6
7;6;13;16;306;79;11;6;0.0;1026;116;E;92;8
7;6;12;8;307;70;13;5;0.0;1026;113;SE;133;8
8;7;13;0;308;76;13;7;0.0;1021;113;SE;141;8
10;10;6;0;309;77;15;7;0.0;1020;113;SE;136;4
11;10;15;3;310;63;16;8;0.0;1021;113;SW;231;8
13;12;13;8;311;64;19;10;0.0;1019;116;SE;133;7
13;12;17;16;312;80;17;11;0.2;1017;116;E;86;10
13;12;21;25;313;83;18;11;0.0;1018;116;ENE;73;12
12;12;4;6;314;79;18;9;0.0;1021;113;SSE;154;2
11;11;11;12;315;83;17;8;0.0;1022;113;ESE;111;6
12;11;20;90;316;91;15;11;1.2;1018;266;E;84;13
12;10;26;100;317;94;13;12;11.8;1015;302;ENE;71;18
9;7;31;87;318;88;12;9;17.1;1018;302;ENE;60;21
7;5;16;45;319;82;10;6;0.0;1021;116;E;80;11
7;5;19;67;320;85;10;5;0.2;1020;119;ENE;77;13
9;7;17;84;321;93;11;8;4.3;1017;296;ENE;63;12
8;6;20;66;322;91;10;7;0.3;1019;116;ENE;69;14
9;8;13;95;323;94;11;8;13.7;1015;353;ENE;59;9
8;6;13;90;324;97;8;8;51.2;1016;302;WSW;255;9
6;5;8;97;325;96;8;5;8.6;1020;296;SSE;148;5
5;3;8;77;326;92;7;4;0.1;1026;119;S;189;6
4;3;8;74;327;86;6;2;0.0;1030;122;E;83;5
3;-1;20;72;328;81;5;2;0.7;1030;122;NE;55;15
2;0;8;27;329;78;5;2;0.0;1030;116;NE;47;6
1;-1;8;10;330;67;4;-1;0.0;1028;113;E;88;6
0;-3;9;39;331;74;2;-1;0.0;1026;116;E;87;8
-1;-4;13;43;332;82;1;-2;0.1;1025;119;ENE;64;9
0;-4;19;70;333;87;2;-1;1.8;1025;176;ENE;76;14
0;-5;20;92;334;82;1;-1;0.9;1024;119;ENE;76;15
-2;-8;31;98;335;86;-1;-2;10.0;1026;338;ENE;75;23
0;-6;43;100;336;99;2;0;12.8;1022;302;ENE;61;25
2;-4;44;100;337;99;3;2;7.0;1026;296;NE;49;27
1;-4;31;99;338;100;2;2;7.2;1025;296;NE;53;20
1;-3;21;100;339;98;2;2;2.7;1025;266;ENE;64;14
2;-3;34;100;340;97;4;1;15.0;1022;302;NE;54;21
3;-1;28;100;341;95;4;3;23.0;1018;296;ENE;62;19
2;-1;14;100;342;94;3;2;6.7;1016;176;ENE;64;10
3;-1;31;100;343;92;4;3;24.2;1014;296;NE;52;20
2;0;15;100;344;99;4;3;24.1;1020;302;WSW;243;10
1;-3;29;15;345;94;3;1;0.0;1020;113;WSW;241;16
3;1;15;4;346;80;8;1;0.0;1021;113;W;276;8
4;2;12;4;347;73;9;2;0.0;1025;113;SSW;209;6
3;0;24;19;348;65;8;2;0.0;1024;113;WSW;237;13
3;1;14;14;349;60;9;3;0.0;1024;116;SW;227;7
4;3;10;49;350;64;9;3;0.0;1020;116;S;188;5
4;1;25;15;351;71;7;3;0.0;1014;113;WSW;240;13
5;3;13;32;352;85;8;3;0.0;1017;113;SW;230;7
4;0;30;14;353;82;8;2;0.0;1021;116;WSW;248;17
6;3;23;15;354;85;9;3;0.0;1019;116;WSW;241;13
5;2;22;40;355;73;8;5;0.9;1021;353;WNW;286;12
3;-1;33;38;356;76;5;1;0.0;1025;119;WSW;247;19
6;3;40;18;357;74;10;4;0.0;1020;116;W;278;21
7;5;31;35;358;71;12;6;0.0;1021;116;W;267;16
6;4;23;8;359;71;10;4;0.0;1019;113;WSW;248;13
4;1;25;59;360;83;8;3;7.6;1017;266;NE;54;17
1;-3;24;100;361;95;3;0;30.3;1013;338;E;87;14
-2;-6;26;62;362;95;1;-5;3.2;1011;122;E;81;16
0;-4;27;100;363;96;2;-1;28.2;1007;338;W;273;17
-8;-13;18;63;364;95;-5;-12;4.6;1027;326;ESE;120;11
-13;-18;19;9;365;89;-6;-13;0.0;1034;113;NE;42;10
