HeatIndexC;WindChillC;WindGustKmph;cloudcover;day;humidity;maxtemp;mintemp;precipMM;pressure;weatherCode;winddir16Point;winddirDegree;windspeed
16;15;32;22;244;61;21;13;0.9;1005;116;WSW;255;22
17;16;26;15;245;57;24;14;0.0;1012;113;W;273;17
18;18;8;11;246;54;24;15;0.0;1019;113;SW;234;5
18;18;15;67;247;61;23;17;2.1;1018;266;SSE;148;10
20;19;11;24;248;64;25;18;0.1;1016;116;W;263;7
20;19;9;40;249;62;26;18;0.3;1016;353;E;88;5
20;19;10;30;250;67;27;17;3.7;1016;176;SW;224;6
22;22;10;14;251;58;31;20;0.0;1014;113;ESE;120;6
20;19;26;59;252;72;26;16;0.0;1019;116;ENE;61;19
19;18;26;86;253;75;22;18;1.2;1020;353;ENE;65;18
18;17;23;26;254;54;23;16;0.0;1019;116;ENE;75;15
19;18;20;40;255;42;24;17;0.0;1017;119;NE;53;13
20;20;13;18;256;40;28;18;0.0;1016;113;ESE;122;8
21;21;13;14;257;42;28;20;0.0;1018;113;NNE;26;8
21;21;9;14;258;43;29;19;0.0;1017;113;WSW;253;5
22;22;8;5;259;46;29;21;0.0;1014;113;SW;221;5
23;23;6;14;260;46;30;21;0.0;1014;113;SSW;193;4
24;24;14;14;261;41;31;22;0.0;1013;113;WSW;250;8
20;20;19;22;262;62;27;16;1.5;1012;113;ENE;66;13
18;17;14;68;263;71;22;17;10.2;1015;353;ESE;103;9
17;17;8;24;264;61;23;15;0.1;1021;113;WSW;248;5
19;19;8;1;265;54;26;17;0.0;1022;113;E;100;5
19;18;10;4;266;53;26;17;0.0;1023;113;ESE;106;6
17;17;17;13;267;63;22;15;0.0;1018;113;E;80;11
19;18;21;56;268;75;23;16;0.0;1011;119;ESE;108;13
21;21;21;60;269;80;26;18;16.9;1006;353;SSE;150;13
20;20;15;13;270;67;26;17;1.1;1010;113;W;280;9
20;19;17;15;271;58;25;18;0.0;1012;113;WSW;258;10
16;16;8;75;272;80;18;15;15.6;1010;308;SE;127;5
15;14;14;43;273;70;19;13;1.5;1013;176;WSW;256;10
13;13;7;37;274;63;18;11;0.0;1017;113;S;188;4
13;12;14;45;275;67;17;11;0.4;1021;176;E;81;9
11;10;15;56;276;62;15;9;1.2;1022;113;ESE;103;10
10;8;21;65;277;57;14;8;0.0;1025;119;ENE;73;14
9;7;20;75;278;61;12;7;4.4;1024;122;ENE;69;13
10;7;27;98;279;81;11;9;2.5;1024;266;NE;54;19
8;5;27;32;280;62;12;6;0.0;1027;113;ENE;57;17
7;5;18;86;281;60;12;5;0.3;1027;122;NE;41;11
7;5;20;68;282;80;8;6;7.6;1019;296;WNW;285;12
9;8;14;62;283;78;15;7;1.9;1013;263;SW;231;8
11;10;15;4;284;71;17;8;0.0;1015;113;SW;233;9
12;11;11;4;285;69;18;9;0.0;1016;113;ESE;123;6
11;10;17;17;286;68;16;9;0.0;1015;113;E;83;10
10;8;20;82;287;74;12;8;4.0;1013;296;ENE;65;13
12;12;8;50;288;80;17;10;2.2;1010;116;SSW;206;5
11;9;18;99;289;93;11;10;13.4;1011;302;NE;56;12
12;12;15;83;290;92;17;11;1.9;1013;119;ENE;67;9
11;9;27;97;291;95;13;11;22.8;1015;302;NE;56;18
11;9;32;99;292;98;12;11;28.7;1006;353;NE;51;21
13;12;15;60;293;90;18;11;0.3;1005;116;WSW;257;9
10;9;24;20;294;81;15;10;0.4;1018;176;WSW;249;14
8;8;9;2;295;67;14;6;0.0;1030;113;SSE;150;5
8;7;10;6;296;75;13;5;0.0;1025;113;ESE;115;5
9;9;10;15;297;82;15;7;0.0;1020;113;SE;134;6
11;10;13;61;298;88;15;8;0.0;1016;113;ENE;76;9
12;12;10;75;299;90;17;11;2.2;1015;266;WSW;253;6
7;4;22;99;300;84;8;6;3.7;1023;296;ENE;74;15
5;3;15;30;301;73;8;3;0.1;1025;116;ENE;72;10
5;3;13;5;302;79;10;2;0.0;1024;113;WSW;238;8
6;5;12;17;303;68;12;4;0.0;1023;116;SSE;152;6
7;5;15;39;304;76;12;4;0.0;1024;119;E;100;8
10;9;11;44;305;90;14;7;0.2;1023;116;ENE;74;7
9;8;7;47;306;86;14;7;0.0;1020;116;SE;143;4
9;8;12;7;307;75;14;6;0.0;1021;113;SSW;206;7
11;9;26;4;308;74;17;7;0.0;1026;113;WSW;247;14
13;12;24;1;309;74;18;9;0.0;1023;113;WSW;247;13
13;13;15;1;310;76;18;11;0.0;1016;113;SW;224;8
13;12;18;9;311;73;18;10;0.0;1010;113;SW;235;10
14;13;22;25;312;72;19;10;2.0;1002;176;S;173;12
17;16;33;38;313;74;21;14;1.1;997;176;SSW;195;19
17;17;25;22;314;69;24;14;0.3;1003;113;SSW;213;14
15;15;19;43;315;76;18;14;0.0;1012;119;W;263;10
14;13;22;14;316;82;18;11;0.0;1009;113;WSW;250;12
13;12;14;6;317;76;17;10;0.0;1014;113;WSW;244;8
14;14;12;9;318;70;20;11;0.0;1017;113;WSW;243;6
16;16;8;7;319;65;23;13;0.0;1018;113;SE;136;4
14;14;19;15;320;76;19;12;2.1;1016;176;ENE;75;10
13;12;21;65;321;86;18;10;0.1;1013;116;E;92;12
13;12;13;69;322;92;15;12;7.0;1014;356;SW;223;9
13;13;10;17;323;80;17;10;0.3;1021;113;SSE;159;6
11;11;13;36;324;85;15;10;0.8;1019;116;WSW;256;8
10;9;10;8;325;85;14;7;0.0;1018;113;E;84;7
9;7;21;45;326;90;13;5;0.3;1012;119;E;83;13
11;9;21;46;327;89;17;9;9.2;998;386;S;170;12
7;3;30;43;328;84;10;6;0.0;1002;116;WSW;246;19
4;3;12;21;329;76;9;2;0.0;1010;113;WSW;244;7
7;5;13;57;330;88;10;4;2.0;1006;296;W;277;8
6;3;23;42;331;81;11;4;0.8;1008;113;WNW;288;14
6;3;23;78;332;83;8;4;1.6;1015;266;ENE;62;15
12;10;33;45;333;88;17;11;9.8;1003;386;WSW;251;17
7;5;24;72;334;83;9;7;3.1;1013;266;W;269;14
6;3;26;70;335;89;12;1;17.3;1010;176;SSE;147;15
2;-1;16;74;336;90;6;0;4.7;1012;353;ENE;78;11
4;2;16;75;337;94;7;2;3.6;1014;296;NE;46;9
5;2;26;76;338;97;8;3;39.3;1011;308;ESE;116;17
4;2;12;92;339;91;6;3;7.6;1020;317;SW;231;9
3;1;13;32;340;86;5;0;0.1;1020;113;SW;234;8
4;1;23;19;341;82;8;2;0.0;1014;116;WSW;242;12
7;4;29;9;342;86;12;4;0.0;1014;113;WSW;242;15
10;7;31;38;343;92;14;8;0.0;1006;119;WSW;246;16
5;3;16;65;344;74;4;2;5.4;1009;362;SW;232;10
0;-2;12;26;345;60;3;-2;0.1;1016;116;W;267;8
-1;-4;13;13;346;55;1;-4;0.0;1010;116;WSW;244;9
-1;-3;10;53;347;85;3;-3;0.4;1007;143;SW;217;6
-1;-3;8;92;348;89;1;-3;2.2;1012;332;ESE;123;5
-2;-7;23;29;349;68;0;-5;0.2;1017;113;WSW;249;16
-5;-10;19;54;350;80;-4;-6;3.7;1017;332;ENE;61;13
-5;-10;24;83;351;97;-2;-5;13.8;1007;338;WSW;258;15
-6;-11;24;34;352;95;-2;-10;0.5;1006;143;SSE;155;13
-4;-10;31;43;353;96;-3;-7;1.0;1014;116;WSW;252;18
-4;-7;15;22;354;87;0;-6;0.0;1018;116;SW;232;8
1;-3;27;46;355;96;4;-1;0.0;1017;248;WSW;243;13
4;2;19;95;356;99;5;3;0.6;1018;266;SW;226;9
7;4;20;93;357;100;9;5;0.9;1015;266;SW;233;11
7;6;13;70;358;95;10;5;0.0;1009;248;SE;127;8
8;6;19;71;359;97;11;6;8.5;1003;389;WSW;238;11
5;2;25;37;360;88;7;2;0.2;1012;119;SW;227;15
1;-3;22;100;361;92;3;-1;12.4;1020;338;ENE;77;15
-2;-5;13;98;362;98;-1;-2;3.2;1021;326;SW;234;9
-4;-6;8;80;363;97;-3;-5;1.2;1026;326;SW;221;5
-7;-12;19;54;364;97;-4;-9;0.1;1027;143;WSW;244;11
-7;-12;22;19;365;94;-4;-8;0.0;1025;116;WSW;237;12
