HeatIndexC;WindChillC;WindGustKmph;cloudcover;day;humidity;maxtemp;mintemp;precipMM;pressure;weatherCode;winddir16Point;winddirDegree;windspeed
32;32;19;1;244;32;37;29;0.0;1016;113;SE;143;13
32;31;16;0;245;33;39;27;0.0;1012;113;ESE;120;10
31;30;19;1;246;41;38;27;0.0;1011;113;ENE;74;12
32;30;19;7;247;44;38;26;0.0;1013;113;SE;125;12
30;30;18;10;248;34;38;28;0.0;1011;113;SSW;196;12
26;27;32;8;249;40;32;28;0.0;1011;113;W;267;25
24;23;18;4;250;33;28;21;0.0;1017;113;WSW;240;12
22;22;12;9;251;32;27;20;0.0;1018;113;SSE;165;8
21;21;22;9;252;34;27;18;0.0;1020;113;SE;129;15
20;20;31;88;253;59;22;19;7.1;1021;296;E;93;24
21;20;39;77;254;45;22;19;0.6;1021;176;NE;48;30
20;19;17;65;255;57;24;18;1.2;1022;176;SW;220;11
21;21;11;44;256;63;27;19;0.0;1022;116;SSE;159;6
23;22;19;12;257;56;27;20;0.0;1021;113;ESE;117;13
23;22;19;5;258;56;28;19;0.0;1020;113;ESE;105;13
24;23;19;4;259;54;29;20;0.0;1019;113;ESE;109;13
26;26;11;4;260;48;33;22;0.0;1017;113;SE;126;7
29;28;16;5;261;46;34;25;0.0;1018;113;E;94;10
28;27;19;3;262;45;32;24;0.0;1017;113;E;87;13
25;25;15;9;263;53;30;20;0.0;1011;113;E;93;10
24;24;22;17;264;47;29;23;0.0;1010;116;E;91;16
22;22;24;15;265;45;28;20;0.0;1013;113;ENE;70;16
25;24;18;39;266;50;29;22;2.1;1011;119;SE;138;13
25;24;13;40;267;57;30;23;0.1;1011;116;SE;138;8
26;25;10;16;268;51;30;22;0.0;1011;113;SSE;152;6
23;22;15;47;269;72;26;23;4.8;1013;296;SW;232;11
22;21;11;77;270;78;25;21;15.4;1017;356;SW;224;8
14;13;30;99;271;77;15;14;6.1;1023;266;ENE;57;22
13;12;30;66;272;66;18;13;11.6;1024;266;NE;41;22
15;15;19;38;273;56;19;14;0.0;1027;116;NE;44;14
17;16;13;65;274;52;21;14;0.0;1029;119;SSE;155;9
16;16;13;42;275;50;21;15;0.0;1029;119;ENE;67;8
19;18;12;4;276;53;24;15;0.0;1025;113;SSW;213;8
20;20;4;15;277;56;25;19;0.0;1022;116;SSW;196;3
20;20;16;37;278;54;26;18;3.2;1016;116;WSW;255;10
20;20;13;23;279;61;25;18;0.9;1012;113;ENE;68;9
18;16;33;38;280;56;22;17;0.4;1014;176;ENE;65;24
13;11;31;56;281;43;17;10;0.4;1022;116;E;84;24
12;12;11;69;282;78;15;11;3.5;1021;296;ESE;115;8
12;10;34;100;283;87;15;12;6.6;1020;176;ENE;69;23
11;8;54;100;284;86;13;11;12.3;1011;296;ENE;58;40
10;7;28;100;285;84;10;9;12.3;1015;296;NNE;32;19
11;10;14;82;286;74;14;9;0.5;1023;122;NE;55;11
9;7;21;18;287;60;14;6;0.0;1024;116;ENE;77;14
12;10;31;40;288;67;17;10;0.0;1025;116;ENE;75;21
13;11;30;95;289;80;17;11;0.2;1025;176;ENE;68;21
15;14;26;84;290;83;17;14;1.4;1022;176;ENE;65;19
16;16;10;16;291;73;21;14;0.0;1020;113;WSW;240;6
17;17;15;29;292;71;22;15;0.0;1016;113;E;90;9
15;14;18;89;293;91;17;14;4.5;1013;296;SW;229;12
13;12;14;30;294;70;18;10;1.6;1015;113;WSW;250;10
11;9;19;62;295;73;13;10;4.0;1015;296;ENE;68;13
12;10;19;58;296;72;15;10;1.4;1018;122;SSW;193;12
12;11;15;8;297;66;16;10;0.0;1022;113;W;265;9
12;12;17;12;298;61;17;11;0.0;1023;113;WSW;256;10
12;11;19;34;299;62;16;10;0.0;1023;113;E;83;12
11;9;19;35;300;61;14;10;0.0;1026;119;E;81;12
11;11;8;1;301;55;16;9;0.0;1026;113;SSE;147;5
10;8;19;5;302;51;14;8;0.0;1026;113;E;84;12
10;8;24;36;303;76;14;8;0.0;1030;119;ENE;71;15
8;4;35;0;304;44;11;6;0.0;1040;113;ENE;62;25
8;6;19;0;305;49;12;5;0.0;1041;113;ENE;67;12
9;6;28;37;306;40;14;6;0.0;1033;116;WSW;248;17
11;10;9;3;307;39;17;8;0.0;1028;113;ESE;104;5
13;13;6;0;308;33;19;10;0.0;1023;113;S;189;4
13;13;15;0;309;30;20;11;0.0;1020;113;SSE;159;8
12;12;10;0;310;47;18;9;0.0;1023;113;SSE;158;6
10;9;12;4;311;64;15;8;0.0;1026;113;SSE;162;7
10;9;16;12;312;56;15;8;0.0;1026;113;S;189;9
13;12;14;38;313;64;18;10;0.2;1021;116;SW;222;8
14;14;21;27;314;65;18;12;0.6;1018;116;WSW;256;12
16;15;16;28;315;65;22;13;0.8;1019;176;WSW;249;9
15;15;18;7;316;70;19;13;0.0;1024;113;SW;225;10
14;14;15;4;317;69;17;13;0.0;1028;113;ESE;111;10
13;13;16;15;318;70;18;11;0.0;1022;119;W;260;10
10;9;19;38;319;42;14;8;0.0;1019;116;W;267;12
14;12;30;50;320;53;19;10;0.7;1013;119;SSW;212;20
10;9;15;38;321;52;14;7;0.0;1022;113;S;184;10
12;10;28;13;322;56;17;8;0.0;1017;116;WSW;257;16
12;11;21;25;323;60;17;10;0.0;1020;116;WSW;251;11
13;12;30;45;324;48;18;11;0.0;1013;119;WSW;247;18
13;13;20;41;325;53;18;12;0.0;999;116;SSW;206;12
15;14;33;57;326;65;21;14;3.7;999;296;W;260;21
12;11;18;44;327;63;14;11;2.8;1019;113;WSW;246;13
9;6;26;100;328;83;10;8;14.6;1022;296;NE;54;20
6;2;32;100;329;87;7;6;9.0;1012;302;NE;54;25
7;4;33;82;330;88;9;6;22.2;1003;296;W;279;23
5;0;44;100;331;84;6;5;11.8;1012;266;ENE;59;33
7;4;38;74;332;90;10;6;12.0;1008;176;S;185;24
5;3;23;35;333;76;9;4;0.0;1017;119;W;277;15
6;3;32;36;334;69;11;3;0.0;1020;122;W;272;19
10;6;43;43;335;69;15;7;0.3;1018;116;W;266;28
6;4;19;14;336;63;9;5;0.0;1026;113;NW;316;12
6;5;8;24;337;68;10;4;0.0;1031;116;SW;228;4
7;5;13;28;338;78;9;6;0.0;1036;116;ESE;108;8
7;6;10;6;339;83;11;4;0.0;1035;113;W;269;6
7;4;29;33;340;76;11;4;0.0;1033;122;WSW;245;16
7;5;19;41;341;68;12;6;0.0;1033;122;SSW;193;9
6;4;19;66;342;77;10;5;0.0;1037;116;ENE;62;11
4;2;16;19;343;82;8;3;0.0;1035;113;ENE;65;10
3;1;15;36;344;81;7;1;0.0;1033;119;SSE;168;9
5;3;13;74;345;74;7;4;0.0;1031;122;W;269;9
4;1;24;7;346;74;7;2;0.0;1025;113;WSW;258;15
4;3;13;13;347;76;8;2;0.0;1024;116;S;187;7
4;2;22;16;348;66;8;3;0.0;1025;113;ESE;106;12
3;1;17;31;349;68;7;2;0.0;1030;113;ENE;79;10
2;-1;20;91;350;84;4;1;1.1;1032;266;ENE;62;14
2;-1;16;21;351;74;5;2;0.0;1034;113;WSW;243;10
2;-2;28;46;352;76;6;0;0.0;1027;122;WSW;253;17
4;2;12;42;353;65;8;2;0.0;1028;116;SW;231;6
6;3;26;11;354;76;10;4;0.0;1031;113;WSW;246;14
7;4;34;2;355;75;12;5;0.0;1029;113;WSW;246;19
7;5;21;1;356;70;11;4;0.0;1030;113;WSW;253;11
9;7;22;6;357;73;13;6;0.0;1031;113;WSW;254;12
9;6;26;3;358;73;13;8;0.0;1031;113;ENE;76;15
7;5;17;5;359;84;11;5;0.0;1031;113;W;276;9
7;5;22;6;360;75;11;5;0.0;1033;113;WSW;242;12
9;7;24;6;361;69;14;6;0.0;1031;113;WSW;245;12
9;7;23;11;362;60;13;7;0.0;1028;116;WSW;252;12
4;-1;38;84;363;68;7;2;1.0;1030;317;ENE;68;27
-1;-7;32;48;364;36;1;-1;0.0;1037;122;NE;47;23
-3;-8;17;10;365;55;-1;-4;0.0;1036;113;NW;321;12
