HeatIndexC;WindChillC;WindGustKmph;cloudcover;day;humidity;maxtemp;mintemp;precipMM;pressure;weatherCode;winddir16Point;winddirDegree;windspeed
25;24;13;8;244;52;30;22;0.0;1014;113;SE;138;8
25;24;8;20;245;58;29;24;2.1;1013;176;WSW;240;5
23;22;15;16;246;63;28;20;0.0;1016;113;E;83;9
23;22;16;24;247;61;27;20;0.0;1019;116;E;87;10
23;23;14;16;248;58;29;21;0.0;1018;113;SE;139;9
23;23;15;17;249;56;29;20;0.0;1017;113;SE;125;10
23;22;12;40;250;69;27;20;9.4;1013;116;ESE;113;8
24;23;10;28;251;55;29;21;1.3;1009;119;WNW;297;6
21;21;17;25;252;47;27;20;0.0;1011;116;W;280;11
20;20;9;8;253;52;25;19;0.0;1018;113;SSW;209;5
24;23;7;5;254;52;29;22;0.0;1018;113;SSW;204;5
26;25;9;2;255;52;31;23;0.0;1015;113;SSW;198;5
26;26;10;4;256;47;32;24;0.0;1014;113;SW;223;6
26;26;10;6;257;47;32;24;0.0;1014;113;SSW;213;6
26;26;6;4;258;44;33;24;0.0;1014;113;SSE;153;4
25;24;17;11;259;53;29;22;0.0;1016;113;E;83;10
23;22;17;10;260;64;27;20;0.0;1017;113;E;79;11
23;22;20;12;261;62;28;19;0.0;1016;113;ESE;115;13
21;21;19;24;262;64;26;19;0.0;1016;116;ESE;103;13
20;19;24;29;263;64;25;17;0.0;1017;116;E;86;16
19;18;26;44;264;63;22;17;0.5;1016;263;NE;53;16
20;20;14;22;265;39;26;17;0.0;1016;116;E;81;8
20;21;5;6;266;40;28;19;0.0;1015;113;SSE;148;3
21;20;11;25;267;52;25;19;0.0;1016;116;SE;132;7
19;19;22;43;268;48;23;17;0.0;1023;119;E;80;15
18;18;17;12;269;50;23;16;0.0;1027;113;E;85;10
18;18;10;1;270;51;23;16;0.0;1028;113;E;94;7
20;20;6;9;271;50;27;19;0.0;1025;113;SSW;199;4
19;18;17;33;272;52;23;15;0.0;1023;113;WSW;237;10
16;16;8;73;273;78;18;15;2.7;1024;266;S;171;6
19;19;16;32;274;60;24;16;0.1;1022;116;WSW;244;10
18;18;14;51;275;58;21;16;0.1;1021;119;SE;127;9
17;17;13;38;276;47;22;14;0.0;1024;113;SE;142;9
19;19;15;0;277;49;25;17;0.0;1020;113;SW;236;9
20;20;13;6;278;42;26;18;0.0;1019;113;SW;227;8
20;20;13;16;279;46;26;18;0.0;1018;113;SW;217;8
20;20;12;7;280;47;26;18;0.0;1010;113;SW;215;7
18;17;20;33;281;55;22;17;2.2;1006;116;WSW;253;14
10;8;17;86;282;80;11;9;19.7;1009;302;SE;137;12
11;11;6;33;283;70;15;8;0.3;1015;116;S;175;4
12;11;17;28;284;61;16;11;0.0;1015;116;SW;233;10
14;14;18;39;285;65;20;11;0.2;1013;116;WSW;243;10
10;9;16;78;286;78;10;10;1.9;1018;266;E;83;11
11;10;10;21;287;58;15;9;0.3;1025;113;SE;145;7
8;7;12;68;288;73;12;7;8.7;1026;353;SSW;211;8
6;3;30;46;289;63;10;5;1.1;1028;119;NE;37;20
6;3;29;29;290;56;10;4;0.0;1025;116;NNE;33;19
8;7;15;19;291;46;13;6;0.1;1022;116;SW;225;9
9;7;16;0;292;44;15;5;0.0;1022;113;SW;231;9
12;12;5;3;293;48;19;10;0.0;1021;113;SSE;166;3
11;10;20;35;294;64;16;10;0.0;1022;113;ENE;71;12
11;9;25;58;295;73;15;8;0.1;1026;119;ENE;68;17
11;9;21;92;296;69;13;9;0.1;1027;122;ENE;76;14
9;7;27;63;297;57;12;9;0.1;1026;119;ENE;69;18
9;6;22;39;298;67;13;6;0.0;1027;116;ENE;74;14
8;5;24;30;299;74;12;6;0.0;1029;116;ENE;75;15
7;4;18;5;300;67;11;4;0.0;1032;113;ENE;77;11
7;5;15;2;301;71;11;4;0.0;1032;113;ENE;77;9
8;7;10;1;302;74;13;5;0.0;1031;113;E;80;7
9;9;6;0;303;73;13;6;0.0;1028;113;SE;140;4
8;7;8;6;304;64;12;6;0.0;1024;113;SSW;205;5
9;9;3;6;305;59;15;6;0.0;1023;113;SE;139;1
10;9;13;57;306;72;13;7;0.0;1025;119;ENE;72;8
10;9;8;37;307;68;13;8;0.0;1024;116;E;95;5
10;9;10;0;308;75;14;7;0.0;1023;113;SE;124;6
9;8;15;12;309;78;13;6;0.0;1024;113;E;94;9
9;7;28;78;310;80;13;7;0.2;1029;119;ENE;78;18
9;7;24;68;311;82;11;8;1.3;1033;353;E;80;16
7;6;12;10;312;77;11;5;0.0;1030;113;SE;131;8
9;7;22;6;313;68;15;6;0.0;1021;116;WSW;248;13
5;1;28;58;314;71;7;4;0.6;1023;266;ENE;75;19
2;-1;21;30;315;63;6;0;0.0;1032;119;ENE;68;14
2;1;4;22;316;65;5;0;0.0;1036;116;WSW;250;3
2;0;14;41;317;68;6;0;0.0;1037;116;ENE;59;8
2;0;12;6;318;72;7;0;0.0;1031;113;S;188;7
3;2;8;11;319;70;9;0;0.0;1024;113;SSW;195;4
3;2;10;21;320;68;8;2;0.0;1025;113;ESE;101;6
3;1;12;60;321;78;5;1;0.0;1029;119;S;188;7
3;0;21;2;322;71;7;0;0.0;1026;113;SW;236;12
4;3;11;1;323;62;9;3;0.0;1025;113;SW;227;6
2;2;6;37;324;71;7;0;0.0;1026;116;S;178;3
3;3;5;8;325;72;7;1;0.0;1026;116;ESE;112;3
3;1;13;15;326;65;7;1;0.0;1023;116;SW;236;8
2;-2;25;10;327;59;6;0;0.0;1029;113;ENE;75;14
2;-1;21;86;328;87;4;1;1.1;1036;266;ENE;59;12
4;3;6;82;329;86;5;3;0.2;1034;119;SSW;205;4
2;-1;22;9;330;78;6;-1;0.0;1028;113;WSW;244;13
1;-4;28;7;331;62;4;-1;0.0;1028;113;WSW;238;17
3;1;21;12;332;60;9;0;0.0;1026;116;SSW;209;11
4;3;9;1;333;69;8;2;0.0;1032;113;S;178;5
4;1;20;3;334;56;8;2;0.0;1028;113;WSW;239;10
3;2;7;8;335;53;7;0;0.0;1027;113;S;190;4
3;1;13;27;336;65;7;1;0.0;1025;113;SW;221;7
4;1;26;5;337;62;9;1;0.0;1021;113;WSW;242;13
7;3;31;11;338;62;11;4;0.0;1018;113;WSW;244;16
8;6;26;44;339;68;11;5;0.6;1011;266;WSW;240;14
8;6;15;89;340;87;10;7;16.5;1010;308;ENE;75;10
5;4;10;48;341;84;7;4;2.0;1017;116;S;171;6
3;-1;31;22;342;75;6;2;1.5;1016;293;WSW;258;21
2;-1;20;10;343;80;4;2;0.0;1025;113;WSW;241;12
4;0;30;37;344;55;7;2;0.0;1021;116;WSW;242;16
6;3;28;46;345;76;11;4;0.0;1022;116;SSW;210;15
5;2;22;80;346;90;8;3;0.2;1023;122;ENE;66;13
6;5;18;33;347;89;10;5;0.0;1019;116;WSW;248;10
7;5;24;5;348;83;11;4;0.0;1020;113;WSW;243;13
6;4;17;14;349;83;10;4;0.0;1018;113;SSW;209;9
6;3;27;38;350;82;10;4;0.9;1008;263;WSW;252;15
4;1;24;35;351;78;8;3;1.5;1014;113;SSW;196;14
4;1;24;14;352;70;7;3;0.3;1013;113;W;264;15
2;-2;28;76;353;78;3;1;4.5;1018;296;ENE;59;17
3;1;10;95;354;94;4;3;4.1;1011;266;SW;235;7
2;-2;20;60;355;85;3;1;3.2;1014;317;WSW;242;13
0;-4;26;85;356;80;1;-1;4.3;1020;332;NE;49;17
0;-1;10;36;357;80;3;-1;0.1;1024;113;SSE;156;6
0;-2;9;34;358;78;2;-2;0.0;1023;116;SSW;205;6
-1;-4;16;19;359;62;2;-3;0.0;1028;113;WSW;240;10
-1;-4;19;29;360;81;2;-2;0.0;1038;116;WSW;240;10
0;-4;26;12;361;74;3;-1;0.0;1037;113;WSW;243;14
1;-1;13;57;362;80;3;-1;0.0;1034;119;S;187;7
1;0;13;64;363;82;5;0;0.0;1024;119;SSW;195;6
1;-4;23;21;364;66;3;-1;0.0;1014;116;WSW;240;15
1;0;6;62;365;79;2;0;1.2;1015;317;SSE;154;4
