HeatIndexC;WindChillC;WindGustKmph;cloudcover;day;humidity;maxtemp;mintemp;precipMM;pressure;weatherCode;winddir16Point;winddirDegree;windspeed
27;26;8;0;244;35;32;23;0.0;1013;113;SW;221;5
29;29;10;0;245;34;35;25;0.0;1011;113;SW;232;6
29;28;25;11;246;41;34;24;1.3;1007;176;SE;140;18
21;20;31;4;247;51;24;17;0.3;1012;113;W;260;24
21;20;8;38;248;46;25;18;0.0;1017;119;WSW;237;5
21;21;14;2;249;41;26;17;0.0;1014;113;WNW;284;10
23;23;13;0;250;42;29;20;0.0;1014;113;WSW;255;9
26;25;10;11;251;39;31;22;0.0;1014;116;ESE;112;7
26;26;22;29;252;44;32;21;0.0;1012;116;SE;126;15
25;25;10;2;253;54;30;21;0.0;1011;113;WSW;243;8
29;28;19;0;254;41;34;23;0.0;1009;113;ESE;105;12
26;25;26;4;255;45;31;23;0.0;1005;116;W;263;17
25;25;26;4;256;41;30;22;0.0;1015;113;W;265;19
23;24;7;0;257;35;30;21;0.0;1015;113;SW;234;5
27;27;8;0;258;29;33;24;0.0;1013;113;WSW;257;6
27;27;18;0;259;38;34;21;0.0;1015;113;ESE;121;12
28;28;17;0;260;40;35;22;0.0;1013;113;SE;138;10
27;26;14;0;261;42;32;24;0.0;1013;113;W;277;9
25;24;32;15;262;52;30;20;3.8;1011;200;ENE;76;22
21;21;28;48;263;75;25;18;17.7;1007;200;NE;36;18
18;18;32;16;264;58;22;15;1.9;1010;113;WSW;259;24
16;15;28;25;265;58;21;13;0.0;1014;119;W;266;20
18;17;18;38;266;55;21;15;0.0;1017;122;WSW;252;13
19;19;11;3;267;47;23;16;0.0;1019;116;W;280;8
20;19;21;71;268;49;24;16;0.0;1021;122;ENE;67;14
19;19;38;67;269;47;22;18;0.0;1022;119;NE;54;27
16;15;35;28;270;41;19;14;0.0;1028;119;NE;54;25
14;13;29;33;271;44;18;12;0.0;1031;116;ENE;59;21
13;12;30;5;272;41;17;11;0.0;1029;113;NE;55;21
13;11;28;19;273;36;16;11;0.0;1026;113;NE;56;19
12;11;22;28;274;41;17;10;0.0;1026;116;ENE;61;15
13;13;11;0;275;45;19;9;0.0;1028;113;ENE;59;8
15;15;8;0;276;51;20;12;0.0;1025;113;SSW;208;6
17;17;10;19;277;51;22;13;0.0;1022;116;W;266;7
18;17;17;10;278;47;22;13;0.0;1016;113;W;260;11
19;18;24;27;279;49;24;17;2.3;1008;116;SW;217;17
10;7;32;93;280;82;10;9;61.3;1013;308;NE;37;23
10;8;24;81;281;81;12;9;38.7;1011;302;W;264;16
13;12;13;30;282;64;17;10;0.0;1015;116;SW;218;8
14;14;8;0;283;54;17;12;0.0;1020;113;WSW;249;6
14;15;10;0;284;46;19;12;0.0;1023;113;WSW;257;6
16;15;18;10;285;50;21;13;0.0;1023;113;WSW;255;11
18;17;13;3;286;53;22;14;0.0;1021;113;WSW;247;8
16;16;6;25;287;56;19;14;0.0;1024;113;WSW;236;4
17;17;15;13;288;48;22;14;0.0;1026;113;WSW;258;10
19;19;10;0;289;57;23;17;0.0;1028;113;SSW;209;6
21;20;12;0;290;52;26;16;0.0;1026;113;SW;225;8
22;22;4;0;291;48;27;19;0.0;1021;113;SE;137;3
20;20;11;62;292;46;25;17;0.0;1017;119;SW;232;6
21;20;14;6;293;48;25;16;0.0;1017;113;WSW;256;8
20;19;11;10;294;43;24;17;0.0;1016;113;SW;234;7
17;16;15;13;295;52;20;15;0.0;1015;116;ESE;107;10
15;14;27;90;296;74;16;13;17.3;1009;176;E;97;19
13;11;58;94;297;81;16;11;85.1;1009;389;ENE;70;38
10;7;25;51;298;62;12;8;0.0;1025;119;SE;133;17
11;9;21;3;299;73;15;8;0.0;1024;113;WSW;254;14
13;13;11;23;300;70;17;10;0.0;1014;116;WSW;239;7
11;10;13;85;301;80;12;11;14.1;1009;353;S;188;9
11;9;37;32;302;60;14;8;0.4;1001;122;WSW;247;26
10;6;47;4;303;41;12;9;0.0;1008;113;WNW;282;32
7;5;23;0;304;43;10;5;0.0;1021;113;W;279;16
7;5;18;0;305;49;11;4;0.0;1025;113;WSW;254;12
9;7;24;7;306;59;13;6;0.0;1019;116;WSW;249;15
9;8;18;62;307;71;11;8;3.5;1014;296;SSW;194;11
11;11;7;40;308;66;14;10;2.2;1022;116;NNE;29;5
12;11;5;5;309;66;16;9;0.0;1022;113;SE;134;4
11;9;17;81;310;77;13;9;0.1;1020;122;ENE;76;11
9;7;22;18;311;68;12;7;0.0;1024;116;ENE;75;15
9;6;30;85;312;79;12;6;0.7;1023;176;ENE;73;21
11;9;17;100;313;92;12;10;8.7;1021;389;ENE;74;12
12;11;10;58;314;79;14;10;0.7;1020;119;WSW;256;7
11;10;14;14;315;71;15;8;0.0;1016;116;WSW;256;9
12;11;13;48;316;68;15;9;0.0;1012;119;WSW;255;9
15;14;23;36;317;69;21;11;0.1;1006;116;S;184;14
12;10;25;40;318;69;14;12;0.0;1014;116;ENE;74;18
7;4;26;95;319;62;9;7;2.9;1026;266;ENE;60;18
8;5;21;88;320;61;8;6;0.0;1027;122;ENE;65;14
6;3;22;100;321;79;7;5;5.3;1023;296;NE;53;16
7;6;12;96;322;87;8;7;4.1;1017;296;NNE;30;8
8;6;18;70;323;80;11;6;0.0;1012;119;WSW;253;12
7;6;13;63;324;63;9;6;6.3;1013;119;SSW;191;9
6;4;15;33;325;57;9;3;0.0;1018;119;W;265;9
7;6;8;52;326;64;10;4;0.1;1017;116;W;260;5
7;6;13;22;327;76;10;4;0.2;1021;116;ENE;71;8
7;7;8;14;328;81;11;4;0.0;1022;116;SSW;196;5
7;6;8;22;329;82;11;4;0.0;1022;116;ENE;61;5
8;8;6;30;330;76;11;5;0.1;1016;116;SSW;193;4
7;5;14;95;331;83;8;6;21.4;1014;296;SE;135;10
5;2;20;100;332;87;6;5;39.2;1012;296;W;269;14
5;3;14;31;333;69;7;2;1.4;1016;116;SW;231;9
5;3;16;59;334;73;8;2;0.1;1010;176;NE;47;9
8;7;15;90;335;91;9;9;5.4;1010;266;W;270;9
6;2;32;100;336;86;6;5;23.4;1015;302;ENE;68;22
4;0;31;88;337;86;5;4;6.0;1017;353;SE;140;21
3;-1;25;42;338;71;5;2;0.1;1021;119;WSW;256;17
2;1;11;45;339;63;6;1;0.1;1025;326;WNW;299;7
3;0;23;34;340;67;6;1;0.0;1026;116;WSW;250;14
5;2;21;14;341;71;8;2;0.0;1025;116;WSW;254;12
5;2;25;1;342;70;9;2;0.0;1020;116;WSW;248;14
6;5;11;19;343;61;10;4;0.0;1010;116;S;191;6
4;0;33;60;344;69;6;4;9.2;1011;317;W;261;21
3;1;15;12;345;53;6;1;0.0;1018;116;WSW;252;9
6;3;28;3;346;63;10;3;0.0;1018;116;WSW;245;15
9;7;25;29;347;77;12;7;0.2;1016;116;WSW;248;14
8;6;23;49;348;78;11;6;1.6;1012;116;WSW;249;14
8;7;11;26;349;74;12;6;0.0;1010;116;S;172;6
9;9;11;39;350;75;14;7;0.7;1005;116;W;261;7
6;3;23;99;351;82;6;5;27.7;1013;302;NE;44;16
4;1;15;99;352;82;4;2;4.9;1019;326;SW;217;11
2;0;13;99;353;80;3;2;2.0;1026;338;SSW;200;9
1;0;6;57;354;81;3;0;2.2;1031;122;SSW;196;4
0;-3;14;10;355;68;2;-1;0.0;1032;116;WSW;259;9
0;-4;20;42;356;57;2;-2;0.0;1027;122;W;268;13
0;-3;15;52;357;67;3;0;0.6;1023;332;WSW;239;9
3;0;22;28;358;76;6;1;0.0;1020;116;WSW;252;13
5;3;19;9;359;80;9;2;0.0;1023;116;WSW;251;10
6;4;15;13;360;79;9;3;0.0;1019;116;WSW;238;8
7;5;16;21;361;75;10;4;0.0;1011;116;WSW;238;9
8;7;14;24;362;78;13;4;0.0;1005;116;SE;132;8
8;6;16;73;363;89;9;8;6.1;1005;299;W;266;9
5;3;15;75;364;80;6;4;3.4;1014;266;WSW;245;10
4;1;22;20;365;67;6;1;0.0;1018;116;WSW;252;13
