HeatIndexC;WindChillC;WindGustKmph;cloudcover;day;humidity;maxtemp;mintemp;precipMM;pressure;weatherCode;winddir16Point;winddirDegree;windspeed
20;21;8;18;244;56;29;15;0.0;1022;113;ESE;106;4
20;20;12;31;245;46;25;18;0.0;1017;116;ENE;77;9
23;22;8;12;246;45;29;14;0.0;1014;113;SSW;201;5
25;25;7;4;247;42;34;17;0.0;1012;113;SSW;197;4
27;27;13;12;248;36;35;20;0.0;1011;113;SSW;210;8
19;19;16;61;249;66;19;16;5.6;1017;296;ENE;62;10
16;16;14;43;250;69;19;14;4.5;1019;263;SE;129;9
18;17;18;70;251;71;23;14;6.7;1020;296;NNE;24;12
19;19;19;41;252;60;24;17;0.7;1020;266;NE;40;12
20;20;15;44;253;49;25;17;0.0;1019;116;SSW;191;9
23;23;22;15;254;42;28;18;0.0;1016;116;ENE;57;15
23;23;22;22;255;38;28;20;0.0;1014;116;NE;50;14
22;21;9;62;256;50;23;19;0.0;1014;122;W;268;6
21;21;10;16;257;57;28;16;0.0;1016;113;ESE;112;6
22;22;14;23;258;51;28;17;0.0;1019;116;E;92;9
22;22;11;15;259;46;29;18;0.0;1019;113;ENE;73;6
21;22;12;16;260;49;27;17;0.0;1015;113;E;97;7
22;21;10;40;261;56;27;18;0.3;1015;119;SE;130;6
18;18;18;45;262;62;21;16;2.9;1019;263;NE;53;12
17;16;15;14;263;40;21;13;0.0;1022;113;ENE;65;10
17;17;10;11;264;43;24;12;0.0;1023;113;ENE;74;6
19;19;6;8;265;45;26;11;0.0;1024;113;WSW;242;4
20;21;12;11;266;44;28;15;0.0;1025;113;SW;230;6
21;21;12;5;267;46;28;16;0.0;1021;113;WSW;237;8
22;22;10;9;268;43;30;15;0.0;1017;113;S;178;6
21;21;18;24;269;44;26;18;0.0;1023;116;ENE;67;13
19;18;12;14;270;47;24;14;0.0;1027;113;ENE;74;8
19;18;8;8;271;53;24;13;0.0;1024;113;SSW;205;5
19;19;17;12;272;49;26;14;0.0;1015;113;WSW;239;11
21;20;14;16;273;48;26;15;0.0;1013;116;WNW;284;9
19;19;12;20;274;52;26;15;0.0;1017;116;SE;129;9
20;20;13;20;275;49;27;14;0.0;1011;116;WSW;255;8
14;13;28;84;276;74;15;12;7.9;1014;296;NE;53;19
13;12;16;82;277;82;16;11;6.8;1017;296;SE;140;12
18;17;14;25;278;63;25;13;0.0;1018;113;WSW;246;9
19;18;9;10;279;55;24;14;0.0;1021;116;SSW;210;5
20;19;10;11;280;55;26;13;0.0;1021;113;SW;232;6
21;21;12;10;281;55;27;16;0.0;1019;113;SSW;209;7
21;21;13;5;282;53;27;16;0.0;1016;113;SW;227;8
19;19;23;13;283;62;22;16;0.0;1019;113;ENE;70;15
19;19;11;12;284;70;26;14;0.0;1015;113;S;174;7
16;16;14;51;285;78;18;15;4.2;1008;293;SSW;199;9
15;14;33;63;286;79;24;9;3.4;997;353;S;188;22
8;5;38;19;287;55;11;6;0.2;1008;116;WSW;256;25
7;5;23;9;288;56;12;4;0.0;1020;113;WSW;258;15
6;5;16;88;289;74;7;6;22.5;1017;302;E;88;10
7;7;8;48;290;81;11;6;0.4;1017;263;SSE;158;5
7;5;19;68;291;86;9;5;4.5;1016;296;ENE;66;11
9;6;32;100;292;92;10;8;48.0;1015;389;NE;50;19
11;10;17;72;293;91;13;9;12.7;1015;356;SW;224;10
10;9;23;3;294;75;15;7;0.0;1019;113;WSW;254;14
12;12;7;12;295;75;18;7;0.0;1019;113;ESE;106;4
14;14;12;15;296;77;20;10;0.0;1015;113;ESE;106;6
16;16;22;4;297;75;21;13;0.0;1012;113;ENE;69;13
15;14;22;14;298;76;19;12;0.0;1018;116;ENE;68;13
14;13;19;53;299;84;17;13;0.7;1021;176;ENE;72;12
13;12;13;33;300;80;17;10;8.3;1017;293;SSE;169;8
13;13;11;50;301;85;15;12;9.7;1016;353;WSW;246;7
10;10;9;62;302;88;12;8;1.7;1017;296;E;100;6
7;4;23;81;303;86;8;5;8.1;1023;302;NE;48;14
6;5;12;39;304;75;8;4;0.3;1027;119;E;87;8
4;2;10;30;305;69;6;1;0.2;1026;122;ENE;64;8
1;-2;13;18;306;60;4;-1;0.0;1022;116;ENE;78;9
0;-5;28;67;307;71;2;-2;0.6;1012;122;ENE;62;18
5;1;35;95;308;92;7;3;17.6;1005;302;NE;46;21
7;5;22;73;309;84;10;5;4.3;1011;119;ENE;72;13
10;9;24;67;310;86;14;8;5.0;1010;113;ENE;72;14
15;14;16;86;311;91;18;13;1.2;1012;263;E;92;9
15;15;27;28;312;82;19;13;0.0;1009;113;E;81;16
13;11;31;66;313;83;16;11;0.9;1010;266;ENE;60;20
14;13;27;67;314;87;17;12;17.0;1007;356;SE;139;15
12;11;23;26;315;81;14;11;15.0;1002;116;WSW;253;14
8;4;30;43;316;77;10;5;0.0;1008;119;WSW;255;18
8;6;13;24;317;77;12;5;0.0;1018;119;W;268;8
8;8;7;26;318;77;12;6;0.0;1024;119;ESE;123;4
8;8;7;53;319;82;11;6;6.4;1019;296;ESE;113;5
8;7;9;54;320;88;10;5;0.5;1019;143;SW;224;6
9;8;9;37;321;85;12;7;1.1;1021;116;ESE;110;5
10;8;17;24;322;86;14;7;0.0;1023;116;WSW;240;10
11;10;16;20;323;82;15;9;0.0;1025;116;WSW;250;9
11;10;17;4;324;76;15;8;0.0;1027;113;WSW;255;9
11;11;9;2;325;76;16;8;0.0;1028;113;SE;144;5
10;10;8;7;326;73;14;7;0.0;1023;113;ENE;77;4
10;8;22;2;327;71;14;7;0.0;1017;113;WSW;240;12
9;9;10;6;328;80;13;7;0.0;1017;113;SSW;207;6
9;8;17;10;329;76;14;6;0.0;1018;113;WSW;257;9
10;9;17;20;330;81;14;7;0.0;1019;116;SW;233;9
10;9;14;14;331;72;13;7;0.0;1018;116;SE;132;7
9;8;16;26;332;71;13;6;0.0;1016;116;WSW;242;9
11;9;23;18;333;78;14;9;1.2;1018;113;W;260;14
9;9;9;5;334;79;15;6;0.0;1019;113;S;177;5
10;9;9;16;335;87;15;7;0.0;1015;143;SE;131;5
12;11;17;39;336;85;17;10;0.0;1015;248;ESE;107;9
10;8;25;45;337;76;12;7;0.3;1012;119;ENE;58;16
7;6;8;59;338;73;9;5;0.2;1012;122;SE;132;5
6;4;14;45;339;81;9;4;0.0;1014;116;ENE;71;9
6;6;6;42;340;81;10;5;0.0;1018;116;E;96;3
6;5;9;24;341;80;10;3;0.0;1020;116;SE;135;5
5;3;14;37;342;83;7;3;0.0;1020;116;E;100;8
5;1;33;87;343;90;6;4;5.2;1018;296;ENE;66;19
4;0;26;41;344;75;6;3;0.3;1022;116;ENE;69;17
1;-1;12;28;345;77;4;0;0.1;1019;119;ENE;69;7
0;-5;30;68;346;66;1;-2;0.4;1017;122;NE;56;19
-1;-4;15;64;347;77;1;-4;0.2;1019;122;SSW;193;9
-1;-3;10;51;348;87;1;-3;0.0;1022;116;SSE;152;6
-2;-9;40;91;349;93;-1;-4;10.0;1015;326;NE;52;26
-3;-9;36;100;350;89;-2;-4;4.8;1008;332;NE;48;22
-5;-8;14;95;351;93;-3;-6;3.3;1008;332;SSE;163;8
-7;-13;26;100;352;96;-5;-9;22.6;1006;338;ENE;59;15
-9;-15;22;41;353;94;-7;-12;0.3;1009;143;S;176;12
-3;-9;32;78;354;97;-1;-3;32.6;1002;335;W;262;19
-10;-16;25;4;355;93;-7;-13;0.0;1019;113;WSW;241;14
-7;-10;15;35;356;86;0;-11;0.0;1020;119;SSW;212;8
-1;-3;13;37;357;89;2;-4;0.0;1014;248;S;175;6
2;-1;22;53;358;96;4;0;0.1;1014;248;WSW;236;10
4;2;15;33;359;96;7;3;0.3;1009;176;SW;217;8
9;6;32;38;360;88;12;8;0.0;1008;119;W;260;18
4;0;29;75;361;95;6;2;37.0;1009;308;NE;54;21
3;0;25;64;362;92;4;3;21.2;1004;302;W;264;15
3;-1;31;14;363;81;6;1;0.0;1010;116;WSW;254;17
3;2;9;17;364;80;6;1;0.0;1011;116;SSW;205;5
8;5;33;32;365;92;13;5;0.0;1002;116;WSW;254;18
