HeatIndexC;WindChillC;WindGustKmph;cloudcover;day;humidity;maxtemp;mintemp;precipMM;pressure;weatherCode;winddir16Point;winddirDegree;windspeed
25;24;19;26;244;38;29;23;0.0;1021;113;ENE;73;12
25;25;11;23;245;38;31;24;0.0;1017;116;E;92;7
26;26;7;43;246;41;31;23;0.0;1017;116;ENE;57;5
27;26;13;17;247;38;33;24;0.0;1018;113;SSE;165;7
27;27;18;8;248;35;33;26;0.0;1013;113;S;186;12
27;26;23;34;249;55;32;23;0.0;1015;116;ESE;110;17
26;26;25;11;250;43;33;23;0.0;1021;113;E;93;17
27;27;20;18;251;39;32;25;0.0;1017;116;ESE;106;14
28;28;21;12;252;36;33;26;0.0;1015;113;ESE;109;13
29;28;18;11;253;37;34;27;0.0;1017;113;E;99;12
27;26;18;13;254;42;32;24;0.0;1018;113;E;90;12
27;27;17;12;255;45;32;25;0.0;1020;113;ENE;77;11
26;26;14;20;256;40;31;24;0.0;1018;116;ENE;73;9
27;27;14;48;257;34;32;25;0.0;1014;119;SSW;192;8
26;25;20;19;258;42;30;22;1.2;1017;113;E;89;13
26;26;14;9;259;49;32;23;0.0;1017;113;SW;228;9
28;27;12;11;260;35;34;26;0.0;1012;113;SW;232;8
29;28;18;19;261;38;34;27;0.0;1010;113;WSW;243;12
18;18;39;93;262;87;20;18;15.8;1007;356;NE;51;26
14;13;25;91;263;83;17;13;16.4;1008;302;ENE;73;17
14;13;9;74;264;76;16;14;0.6;1015;176;SE;134;8
13;13;10;53;265;69;18;12;2.1;1018;263;S;169;6
16;15;14;12;266;53;21;14;0.2;1024;113;SW;225;9
20;18;7;13;267;46;23;16;0.0;1026;113;W;265;4
16;16;17;73;268;63;22;15;7.5;1021;353;E;80;12
17;16;15;69;269;63;21;15;0.6;1022;200;NE;44;9
18;17;10;59;270;58;22;15;0.0;1025;119;SSW;213;6
20;19;13;5;271;52;25;16;0.0;1028;113;SW;218;8
19;19;18;12;272;46;25;15;0.0;1023;113;WSW;251;11
22;22;9;4;273;46;27;20;0.0;1021;113;SSE;161;5
23;22;10;13;274;51;27;18;0.0;1018;116;E;79;6
24;23;8;4;275;47;30;21;0.0;1017;113;SE;144;5
22;21;15;28;276;65;27;18;0.0;1016;116;SSW;205;9
18;17;34;5;277;54;23;16;0.0;1014;113;WSW;255;24
15;14;21;21;278;53;20;13;0.1;1013;116;W;271;15
12;11;17;18;279;42;17;9;0.0;1018;113;WSW;248;12
15;14;10;55;280;55;20;13;5.2;1015;119;W;262;7
12;11;13;88;281;82;15;12;5.2;1015;266;SW;236;10
13;12;10;11;282;67;17;9;0.0;1022;113;WSW;246;7
14;13;15;55;283;60;20;12;2.1;1020;176;ENE;60;10
13;11;28;100;284;95;14;12;41.4;1012;389;ENE;73;18
14;13;21;75;285;86;18;14;2.8;1007;353;SW;236;14
12;11;31;30;286;71;18;10;0.0;1015;116;W;264;21
9;7;18;13;287;69;13;7;0.0;1026;113;E;85;12
9;7;17;33;288;72;13;8;0.0;1026;116;ENE;66;12
10;8;33;88;289;89;14;11;6.1;1025;296;E;82;23
8;5;34;69;290;79;11;7;4.7;1034;296;ENE;57;24
7;5;19;20;291;72;12;5;0.0;1032;116;E;84;13
8;6;15;66;292;75;13;6;0.1;1026;122;ENE;71;10
9;8;19;59;293;80;15;7;0.0;1024;116;ENE;77;12
12;10;22;74;294;75;16;10;0.1;1022;119;E;92;15
12;11;21;93;295;87;14;11;0.9;1018;266;ENE;59;15
14;13;17;86;296;84;18;12;0.2;1023;176;ENE;68;11
12;11;22;90;297;85;14;12;1.7;1029;266;ENE;72;15
11;10;16;60;298;76;15;11;0.0;1030;119;ENE;77;12
9;7;15;84;299;93;11;9;15.3;1022;302;NE;45;10
9;6;25;46;300;79;12;8;0.0;1029;116;ENE;66;18
7;5;17;25;301;71;10;6;0.0;1034;116;SE;144;12
8;5;26;21;302;71;13;5;0.0;1024;113;WSW;252;17
9;9;12;31;303;64;15;8;0.1;1020;116;W;266;7
8;7;12;25;304;57;13;6;0.0;1023;116;SSW;198;6
8;7;11;33;305;57;12;6;0.1;1024;116;E;98;6
9;6;23;21;306;59;14;6;0.0;1018;113;WSW;238;13
11;10;13;77;307;76;15;11;1.8;1016;266;SSW;201;8
8;7;13;53;308;73;11;8;0.5;1024;119;SE;132;8
8;8;6;14;309;67;13;5;0.0;1021;113;SW;224;3
10;9;9;40;310;75;14;8;0.0;1012;119;WSW;251;6
14;14;16;25;311;76;20;12;0.0;1008;116;W;264;10
12;9;31;83;312;86;14;10;9.5;1006;356;ENE;57;21
9;6;25;84;313;93;10;8;10.1;1003;302;NNE;31;16
8;6;17;47;314;79;11;7;1.8;1011;176;WSW;238;12
7;7;10;30;315;68;12;5;0.1;1019;119;SW;232;5
9;7;30;69;316;86;14;6;2.7;1015;176;E;87;17
7;3;53;24;317;66;10;6;0.5;1013;116;W;266;37
4;2;13;22;318;64;8;3;0.0;1028;113;S;174;8
3;2;8;71;319;72;6;3;0.0;1033;122;SW;229;6
2;-1;19;21;320;73;7;0;0.0;1027;116;WSW;255;12
4;3;10;24;321;64;9;1;0.0;1024;116;SSW;201;5
7;6;12;7;322;60;12;4;0.0;1025;113;S;181;6
8;6;23;15;323;80;13;5;0.0;1026;113;ENE;74;13
9;8;17;94;324;88;11;9;0.1;1026;122;NE;52;12
8;6;17;85;325;84;10;7;0.0;1029;122;ENE;70;11
6;4;16;78;326;79;7;5;0.0;1030;122;ENE;75;10
6;5;13;56;327;87;9;6;0.0;1030;119;NE;49;9
6;4;12;20;328;83;10;3;0.0;1026;116;WSW;256;7
5;4;10;13;329;74;11;3;0.0;1021;119;SW;231;6
4;2;15;16;330;82;8;2;0.0;1022;113;E;83;9
5;2;32;21;331;79;10;2;0.0;1012;116;WSW;245;19
6;3;22;76;332;77;9;5;0.9;1013;176;NE;54;15
2;-3;26;84;333;70;4;0;1.0;1024;332;SE;140;17
0;-3;14;19;334;77;3;-1;0.0;1028;116;SW;214;10
-1;-5;23;44;335;79;4;-2;0.0;1018;116;WSW;249;14
4;-1;47;40;336;68;9;1;0.0;1006;119;W;275;30
2;-1;20;2;337;61;6;0;0.0;1021;113;WSW;257;12
1;-1;13;6;338;57;6;0;0.0;1031;113;WSW;250;8
1;-1;13;13;339;70;6;0;0.0;1035;113;SSE;156;8
1;-3;24;5;340;60;5;-1;0.0;1026;113;WSW;253;14
0;-2;14;60;341;66;4;0;0.1;1037;326;ENE;58;8
0;-4;28;8;342;69;5;-1;0.0;1036;113;WSW;254;18
3;0;24;29;343;63;8;1;0.0;1025;122;WSW;247;13
4;1;21;15;344;72;8;2;0.0;1022;113;SW;230;11
6;4;22;30;345;84;11;4;0.0;1016;113;SW;232;12
6;4;15;49;346;77;9;4;0.4;1012;176;WSW;258;9
0;-6;32;50;347;76;1;-1;6.7;1027;113;ESE;114;22
-1;-6;23;23;348;74;2;-2;0.0;1027;116;WSW;248;17
0;-3;16;45;349;64;3;-1;0.1;1025;116;WNW;300;9
0;-4;16;55;350;72;3;-1;0.2;1037;116;SE;136;11
-1;-6;21;45;351;79;1;-3;0.0;1038;116;WSW;257;16
-1;-2;8;21;352;60;3;-2;0.0;1034;113;S;170;4
0;-2;9;3;353;64;4;-2;0.0;1034;113;WSW;254;5
-1;-4;19;65;354;66;3;-3;0.0;1032;122;SW;223;11
0;-3;12;78;355;87;2;-1;0.0;1037;326;SE;136;8
0;-2;11;35;356;67;4;-2;0.0;1035;116;WSW;259;7
2;1;7;4;357;58;6;-1;0.0;1032;113;W;261;4
1;-2;14;23;358;65;3;0;0.0;1030;119;WSW;248;10
-1;-5;20;31;359;69;2;-3;0.1;1022;119;SW;228;11
1;-1;11;56;360;76;5;-2;0.2;1025;119;WSW;249;6
2;-1;18;43;361;83;5;1;0.2;1023;176;SW;224;11
1;-2;18;78;362;80;3;0;2.1;1021;395;ESE;111;10
0;-4;26;55;363;62;3;-1;0.0;1029;122;NE;38;16
0;-3;12;82;364;57;2;-1;0.4;1034;332;WSW;240;8
0;-3;13;22;365;68;2;-1;0.0;1031;116;W;272;9
