HeatIndexC;WindChillC;WindGustKmph;cloudcover;day;humidity;maxtemp;mintemp;precipMM;pressure;weatherCode;winddir16Point;winddirDegree;windspeed
22;22;19;0;244;61;27;19;0.0;1021;113;E;91;12
22;22;16;19;245;70;27;19;0.1;1023;116;E;91;10
22;22;14;0;246;61;27;19;0.0;1020;113;E;94;9
23;23;9;3;247;57;29;19;0.0;1017;113;ESE;110;5
23;23;14;0;248;51;28;21;0.0;1016;113;E;97;9
24;24;10;17;249;43;31;20;0.0;1013;113;SE;125;6
22;22;16;38;250;56;25;19;0.0;1018;119;S;191;10
23;23;9;15;251;39;28;19;0.0;1018;113;SSW;202;5
23;23;17;10;252;40;29;20;0.0;1018;113;ENE;64;11
21;21;22;14;253;50;26;18;0.0;1023;113;E;80;15
20;19;17;17;254;51;25;16;0.0;1022;113;E;86;12
19;19;12;81;255;53;24;16;0.0;1015;122;ESE;104;8
21;21;14;4;256;54;27;19;0.0;1010;113;ESE;107;9
24;24;18;8;257;57;30;19;0.0;1010;113;E;98;11
26;25;14;21;258;55;31;21;0.0;1008;116;SSW;193;9
22;22;19;53;259;52;26;19;0.5;1015;353;ENE;69;15
20;19;18;41;260;58;22;17;5.8;1017;293;ENE;63;11
21;21;16;23;261;56;26;18;0.0;1017;116;E;81;10
21;21;15;23;262;55;25;18;0.0;1014;116;ESE;110;10
21;21;16;44;263;63;27;20;11.1;1011;176;SSE;167;11
13;12;15;82;264;83;14;12;17.1;1015;296;WNW;285;12
16;15;17;11;265;66;20;12;0.0;1017;113;WSW;239;11
20;20;10;2;266;51;26;15;0.0;1018;113;S;183;6
23;22;6;2;267;53;27;20;0.0;1013;113;SW;220;4
24;24;12;5;268;48;30;21;0.0;1009;113;WSW;241;8
23;23;7;10;269;54;29;19;0.0;1014;113;ESE;109;4
26;25;6;9;270;52;31;22;0.0;1018;113;E;101;4
26;26;7;4;271;52;31;22;0.0;1018;113;SSW;197;4
26;25;15;8;272;56;29;21;1.1;1020;113;ENE;74;9
26;25;8;9;273;51;31;22;0.0;1019;113;SSE;147;4
23;23;24;7;274;56;27;19;0.0;1022;113;ENE;77;15
23;22;20;4;275;65;28;19;0.0;1018;113;ENE;77;13
23;23;9;25;276;73;27;20;0.0;1015;116;SSE;161;5
21;21;10;29;277;70;25;19;8.6;1015;356;ESE;107;6
22;21;9;15;278;61;26;18;0.0;1018;113;WSW;256;6
22;21;8;1;279;54;26;19;0.0;1021;113;SW;217;5
22;22;14;2;280;49;26;19;0.0;1013;113;SW;231;9
17;17;18;25;281;53;21;16;2.7;1013;353;SE;132;12
13;13;10;7;282;51;17;11;0.0;1016;113;SW;226;7
15;14;12;16;283;44;20;11;0.0;1012;113;SSE;168;6
16;16;8;19;284;42;21;13;0.0;1012;116;WNW;288;4
15;14;17;37;285;55;19;11;0.0;1016;116;ENE;74;10
17;17;12;59;286;74;19;15;2.1;1014;296;ESE;117;8
16;15;16;53;287;81;20;13;0.4;1012;266;NE;42;11
19;19;9;19;288;75;23;15;0.0;1013;113;E;82;6
22;21;10;16;289;63;26;18;0.0;1014;116;ESE;116;6
20;19;22;12;290;51;24;16;0.0;1020;113;WNW;282;14
16;16;13;5;291;52;22;12;0.0;1026;113;E;87;8
17;17;10;3;292;49;23;15;0.0;1024;113;ESE;103;6
14;14;20;8;293;61;18;11;0.0;1024;113;ENE;66;12
16;15;15;31;294;70;20;13;0.0;1023;116;ENE;62;9
16;15;10;4;295;66;20;13;0.0;1021;113;ENE;64;6
16;16;9;2;296;59;22;13;0.0;1021;113;E;84;5
13;12;10;22;297;71;17;10;0.0;1020;116;ESE;120;6
14;13;16;12;298;63;18;11;0.0;1013;113;WSW;237;10
14;13;21;2;299;58;20;10;0.0;1010;113;SSW;210;12
14;14;20;25;300;70;19;10;1.3;1006;293;ESE;114;12
18;18;14;47;301;72;23;15;2.6;1001;116;WNW;284;9
10;8;30;89;302;74;9;8;11.9;1004;356;ENE;65;20
8;5;22;64;303;77;11;7;7.7;1009;302;WSW;247;16
7;6;16;18;304;62;12;3;0.0;1017;113;SSE;152;9
12;11;27;89;305;91;15;10;15.0;1011;308;ESE;108;17
15;14;17;25;306;83;18;12;0.0;1008;113;WSW;249;10
15;14;14;7;307;76;21;12;0.0;1016;113;WSW;242;8
14;14;7;19;308;75;18;12;0.0;1016;116;ESE;108;4
15;15;10;20;309;72;19;12;0.0;1009;116;SSW;206;5
15;14;18;37;310;69;16;14;0.0;1010;116;WSW;255;12
11;11;10;21;311;54;15;9;0.0;1020;113;NE;53;6
9;7;17;5;312;59;13;6;0.0;1024;113;WSW;244;10
9;7;19;55;313;68;13;6;0.1;1018;119;WSW;245;12
9;8;14;24;314;68;13;7;0.0;1024;113;NE;42;9
9;8;13;3;315;76;13;6;0.0;1027;113;E;90;8
10;10;7;18;316;76;14;7;0.0;1026;116;SSE;167;4
11;10;13;45;317;66;14;9;1.3;1025;119;ESE;118;8
8;5;26;64;318;68;10;7;0.7;1031;122;ENE;58;19
5;4;12;17;319;67;8;3;0.0;1029;113;E;86;8
6;5;14;5;320;57;10;4;0.0;1026;113;E;90;8
5;3;17;5;321;42;9;2;0.0;1025;113;E;82;10
5;3;14;6;322;67;10;2;0.0;1023;113;ENE;65;8
7;5;15;76;323;85;9;4;1.3;1022;266;ENE;57;9
8;5;27;66;324;77;11;8;0.8;1024;116;ENE;67;19
5;2;21;32;325;73;8;2;0.0;1027;116;ENE;67;14
5;3;14;44;326;84;9;2;0.0;1028;119;NE;56;9
4;3;7;21;327;81;7;1;0.0;1027;116;E;80;4
7;6;8;60;328;81;8;5;0.0;1026;119;SW;223;6
5;5;6;10;329;85;8;2;0.0;1025;113;SE;143;4
6;4;14;13;330;82;10;3;0.0;1021;113;SW;226;8
8;7;10;4;331;79;11;5;0.0;1017;113;SSW;201;5
8;6;17;30;332;75;11;5;0.0;1012;116;SW;231;10
11;10;10;27;333;84;16;7;4.5;1003;263;SSE;166;5
10;9;14;11;334;88;15;8;0.2;1005;113;WSW;243;8
10;9;14;24;335;75;13;7;0.0;1010;116;WSW;251;8
6;4;25;60;336;83;8;5;5.5;1013;122;ENE;68;17
6;3;34;65;337;81;10;5;26.9;1001;122;WSW;252;24
4;1;14;28;338;72;6;3;0.0;1008;116;WSW;249;9
3;0;16;64;339;81;6;0;5.4;1002;293;SSE;147;10
2;0;12;82;340;88;4;1;0.1;1008;122;SSW;201;8
1;0;10;48;341;68;4;0;0.0;1015;122;WSW;242;6
2;-2;25;49;342;76;4;-1;0.2;1017;122;E;87;15
3;-2;35;99;343;97;5;2;30.0;1007;308;SSE;159;22
-2;-7;28;57;344;93;-1;-2;4.5;1009;116;WSW;251;18
0;-4;20;47;345;77;2;-1;12.1;1011;332;ENE;79;16
-4;-10;35;67;346;95;-2;-4;6.5;1013;119;WSW;248;22
-4;-9;25;26;347;90;-2;-5;0.0;1025;113;WSW;251;16
-11;-14;12;13;348;94;-4;-16;0.0;1031;113;ENE;75;6
-5;-9;18;38;349;88;-2;-9;0.1;1028;116;ENE;66;9
-1;-3;12;97;350;98;1;-2;1.9;1020;266;WNW;292;6
1;-2;19;100;351;99;1;0;3.2;1017;296;ENE;57;10
0;-6;37;98;352;97;1;-1;2.9;1017;284;NE;54;25
-2;-8;32;87;353;85;-1;-3;2.3;1020;326;NE;41;24
-4;-7;8;100;354;95;-3;-5;8.1;1022;332;S;182;6
-6;-7;6;97;355;96;-4;-6;0.7;1020;143;SE;130;4
-7;-7;4;89;356;98;-5;-8;0.4;1023;260;SW;214;3
-3;-6;9;95;357;97;-2;-4;0.7;1025;260;SSE;150;7
-4;-8;20;63;358;95;-2;-5;0.0;1025;143;WSW;240;12
1;-3;25;36;359;87;3;-1;0.0;1020;248;WSW;239;12
4;0;32;19;360;83;5;3;0.0;1017;116;WSW;248;15
4;1;27;36;361;89;6;2;0.0;1017;122;WSW;246;14
3;1;20;73;362;92;6;1;0.0;1017;119;WSW;257;11
1;-2;21;14;363;77;3;-1;0.0;1031;113;ENE;64;13
-3;-5;8;1;364;85;2;-7;0.0;1031;113;SE;142;4
-1;-4;17;5;365;78;1;-3;0.0;1027;113;SW;227;9
