HeatIndexC;WindChillC;WindGustKmph;cloudcover;day;humidity;maxtemp;mintemp;precipMM;pressure;weatherCode;winddir16Point;winddirDegree;windspeed
20;21;10;4;244;41;28;14;0.0;1021;113;ESE;110;6
21;22;9;4;245;47;29;15;0.0;1020;113;E;91;6
24;23;12;6;246;58;30;18;0.0;1017;113;ESE;112;8
23;24;11;4;247;46;31;18;0.0;1016;113;E;87;8
26;26;7;6;248;39;36;18;0.0;1017;113;SSE;154;4
28;28;10;6;249;37;37;20;0.0;1016;113;SE;129;5
27;27;13;6;250;37;34;21;0.0;1016;113;E;98;8
28;27;10;5;251;43;35;21;0.0;1015;113;ESE;115;6
26;24;9;19;252;55;27;21;2.4;1015;353;ENE;61;6
23;22;13;36;253;44;27;19;0.0;1018;119;SSW;196;8
24;24;9;13;254;43;32;17;0.0;1014;113;ESE;114;5
25;25;12;25;255;40;33;19;0.0;1009;116;WSW;251;7
21;21;21;56;256;54;28;19;1.5;1009;176;SE;145;14
12;10;17;64;257;51;15;9;1.8;1018;266;ESE;106;12
12;9;32;95;258;81;13;10;20.8;1016;296;ENE;57;19
18;17;13;55;259;81;22;15;31.6;1008;356;SW;229;9
13;12;14;90;260;91;15;12;52.8;1011;305;SE;129;9
15;14;12;58;261;76;19;12;3.9;1015;119;W;276;8
14;14;13;40;262;64;18;10;0.0;1015;119;W;275;8
15;14;8;52;263;58;19;12;0.0;1015;119;ENE;59;5
14;14;12;43;264;59;19;11;0.1;1014;116;WSW;239;8
15;15;12;32;265;61;19;12;0.0;1013;119;WSW;240;8
14;14;10;32;266;64;20;10;0.0;1013;116;SW;220;7
15;15;6;27;267;66;21;11;0.0;1017;116;SSE;157;4
13;13;22;57;268;81;15;12;12.2;1019;302;NE;48;14
12;9;31;82;269;85;13;10;16.1;1021;296;NE;43;19
12;11;15;79;270;78;15;10;3.2;1024;296;E;86;9
14;13;11;80;271;65;18;11;0.0;1023;122;SE;129;6
15;15;10;21;272;58;20;10;0.0;1019;113;SSW;204;6
15;14;17;4;273;59;20;11;0.0;1017;113;WSW;240;10
16;16;18;15;274;59;22;12;0.0;1015;113;WSW;241;10
19;18;8;10;275;58;24;13;0.0;1014;113;SW;225;5
20;19;13;23;276;64;25;16;0.0;1011;113;E;94;8
20;19;12;45;277;78;25;14;0.0;1010;119;E;87;7
14;13;21;70;278;84;16;10;10.6;1003;356;SSW;199;13
11;10;25;67;279;77;16;9;3.1;1010;266;WNW;282;16
13;13;12;26;280;72;19;10;0.2;1016;119;SW;227;7
15;15;10;38;281;74;21;12;0.0;1019;116;E;95;6
16;16;10;27;282;73;21;13;0.0;1025;116;ENE;59;6
16;16;9;55;283;69;21;14;0.0;1030;119;SE;138;6
17;17;9;39;284;58;21;14;0.0;1031;116;ESE;120;6
16;16;10;13;285;68;21;12;0.0;1030;113;SSW;199;6
18;17;10;9;286;65;22;14;0.0;1024;113;SE;141;5
17;17;11;6;287;58;22;13;0.0;1022;113;SE;129;6
18;18;6;13;288;64;23;13;0.0;1018;113;ENE;78;4
18;17;10;8;289;67;23;13;0.0;1018;113;SW;230;6
18;18;19;11;290;61;23;14;0.0;1012;113;SW;236;12
14;14;10;47;291;65;17;12;2.7;1022;296;ESE;115;7
13;12;12;30;292;72;18;9;0.0;1027;119;SSE;151;7
14;14;12;6;293;60;18;11;0.0;1024;113;E;89;7
14;14;11;5;294;57;19;10;0.0;1023;113;ESE;119;6
13;12;14;3;295;69;18;10;0.0;1023;113;E;91;9
14;13;12;55;296;74;19;12;0.4;1023;266;SE;130;7
13;13;16;57;297;64;17;12;0.0;1026;119;NE;54;11
10;9;13;45;298;68;13;8;1.3;1030;119;NE;47;9
9;9;10;17;299;67;15;6;0.0;1030;116;ENE;61;6
10;10;5;5;300;70;15;6;0.0;1022;113;SW;235;3
12;12;6;1;301;72;18;8;0.0;1019;113;SE;141;4
12;12;10;16;302;72;19;8;0.0;1019;116;ESE;114;6
14;14;11;14;303;66;20;10;0.0;1015;116;E;98;6
17;17;14;4;304;65;23;14;0.0;1017;113;W;263;8
17;17;13;28;305;68;22;14;0.0;1021;116;ENE;63;7
19;18;10;19;306;68;23;15;0.0;1017;116;WSW;248;6
16;16;19;26;307;67;20;14;0.0;1022;113;ENE;67;12
15;15;9;3;308;72;21;12;0.0;1026;113;ESE;115;6
14;14;9;6;309;76;19;11;0.0;1025;113;SE;144;5
14;14;7;16;310;68;20;10;0.0;1021;116;SE;144;4
12;10;29;77;311;70;14;10;1.2;1027;266;ENE;66;19
10;8;23;78;312;70;12;8;0.3;1030;122;ENE;66;16
8;6;18;41;313;76;11;5;0.2;1034;122;ENE;75;11
9;8;13;0;314;70;14;6;0.0;1033;113;ENE;71;8
8;7;10;0;315;69;13;5;0.0;1029;113;ESE;106;7
7;7;9;1;316;67;11;5;0.0;1024;113;SW;215;6
7;7;5;7;317;68;13;4;0.0;1024;113;S;180;3
7;6;8;13;318;65;12;4;0.0;1026;113;ESE;107;5
6;5;10;14;319;63;11;3;0.0;1028;113;SW;230;6
6;4;18;3;320;62;11;4;0.0;1025;113;SW;231;10
6;4;17;35;321;66;10;4;2.3;1018;296;SE;145;10
6;4;13;34;322;66;8;3;0.7;1023;116;ENE;76;8
5;4;11;36;323;61;9;2;0.0;1019;116;SE;144;6
6;2;32;10;324;66;9;2;0.0;1014;116;WSW;248;19
9;6;35;30;325;55;13;7;0.0;1005;116;WSW;255;21
9;7;28;72;326;76;13;4;18.3;987;317;WSW;247;18
2;-3;38;10;327;65;5;0;0.4;1002;113;WSW;256;24
2;-1;18;7;328;62;7;-1;0.0;1013;116;SSE;165;11
5;4;10;17;329;85;10;1;0.0;1009;116;SSW;213;5
6;5;12;73;330;90;9;4;7.6;1013;353;ESE;102;7
4;3;9;51;331;78;6;2;1.7;1025;317;WSW;245;6
3;1;12;9;332;72;6;1;0.0;1026;113;SSE;165;7
4;0;22;69;333;95;6;1;8.6;1017;302;ENE;67;14
6;5;11;13;334;87;12;4;0.0;1018;113;S;187;6
7;7;7;7;335;82;14;5;0.0;1018;113;E;99;4
7;6;9;10;336;82;12;4;0.0;1016;113;SSW;211;5
8;7;20;44;337;93;11;6;0.5;1013;266;ENE;61;10
12;11;21;55;338;87;14;10;4.7;1011;353;ESE;113;11
13;12;27;9;339;77;15;12;0.2;1010;113;W;260;15
10;9;13;19;340;82;12;8;0.0;1014;116;SW;225;7
10;8;24;33;341;81;13;9;1.6;1008;263;WSW;247;14
5;3;20;80;342;84;7;4;7.8;1013;302;SW;219;11
4;2;15;10;343;74;8;2;0.0;1021;113;WNW;295;9
3;0;16;5;344;75;6;1;0.0;1025;113;SSW;203;9
3;0;20;25;345;83;7;1;0.0;1026;116;E;95;11
6;2;45;65;346;88;8;4;1.0;1022;266;ENE;64;26
5;0;59;100;347;85;8;3;10.2;1020;302;ENE;58;36
3;-2;45;100;348;92;5;2;12.2;1023;302;NE;52;27
4;-1;40;92;349;89;5;3;3.8;1029;266;ENE;64;24
4;1;19;85;350;87;6;2;0.9;1029;266;ENE;70;12
6;3;20;93;351;90;8;4;0.1;1023;122;E;80;12
9;6;37;86;352;93;10;7;26.0;1016;302;E;93;20
8;7;18;47;353;89;10;6;4.1;1014;143;WSW;240;11
6;4;18;68;354;88;9;4;1.4;1015;122;WSW;247;11
5;4;8;92;355;88;6;4;6.1;1016;296;NNE;33;5
4;2;18;18;356;79;7;2;0.1;1024;113;W;271;10
4;1;22;43;357;80;7;3;3.1;1016;116;W;274;13
3;-1;23;32;358;64;5;1;0.4;1019;116;NW;312;14
1;-1;10;49;359;67;3;-1;0.0;1023;122;SSE;168;6
0;-2;9;60;360;73;2;-2;0.0;1031;122;SE;129;6
-2;-5;14;51;361;68;0;-4;0.0;1035;119;E;91;9
-4;-8;17;43;362;76;-2;-6;0.7;1036;323;ESE;117;10
-4;-6;8;43;363;84;-2;-6;0.0;1036;122;WSW;241;5
-3;-6;13;29;364;79;-1;-5;0.0;1039;116;WSW;248;8
-3;-5;13;4;365;73;0;-5;0.0;1036;113;SW;221;8
