HeatIndexC;WindChillC;WindGustKmph;cloudcover;day;humidity;maxtemp;mintemp;precipMM;pressure;weatherCode;winddir16Point;winddirDegree;windspeed
20;20;23;23;244;52;26;19;0.4;1018;353;WNW;298;15
17;17;24;29;245;46;23;14;0.0;1022;116;WNW;297;16
18;17;32;28;246;69;24;14;1.1;1020;116;NW;307;23
19;18;10;9;247;60;28;14;0.0;1024;113;NW;314;6
19;19;7;18;248;51;28;18;0.0;1020;113;E;99;5
19;19;13;5;249;48;27;16;0.0;1018;113;E;94;8
21;21;7;1;250;44;31;19;0.0;1020;113;SE;139;4
20;20;12;6;251;44;29;18;0.0;1022;113;SE;131;8
16;16;11;33;252;68;21;17;8.3;1019;302;WNW;303;6
19;18;12;26;253;65;26;15;0.0;1017;116;SE;146;7
15;15;12;50;254;77;20;15;0.7;1014;266;WNW;301;8
14;14;15;50;255;67;19;14;1.7;1015;263;NW;311;10
14;12;24;29;256;72;18;12;0.2;1017;119;WNW;287;17
12;11;23;71;257;91;16;12;11.9;1015;302;W;279;16
17;17;13;34;258;73;25;14;0.0;1012;116;SW;230;8
19;19;11;34;259;72;25;16;0.3;1006;176;WNW;293;7
12;11;24;66;260;85;15;10;8.6;1001;296;NW;307;17
12;10;19;51;261;73;17;8;0.8;1005;119;WSW;237;13
13;12;28;19;262;70;18;12;0.9;1008;113;NW;313;20
14;13;19;24;263;66;19;10;0.0;1016;116;WNW;292;13
14;13;27;26;264;74;20;12;0.0;1020;116;NW;314;19
15;14;16;15;265;68;22;11;0.0;1025;113;NW;306;10
15;14;33;27;266;72;21;12;0.0;1018;116;NW;307;23
17;16;27;31;267;72;22;14;0.1;1014;116;WNW;303;19
17;17;14;8;268;67;24;14;0.0;1014;113;SSE;154;8
18;17;19;24;269;71;25;14;0.1;1012;116;W;278;13
13;13;12;16;270;69;19;10;0.0;1018;116;S;175;8
12;12;6;14;271;49;22;8;0.0;1016;116;WNW;300;4
12;11;17;22;272;56;18;10;0.0;1016;113;E;100;12
11;9;23;85;273;61;13;10;3.2;1011;266;ENE;62;16
12;11;15;25;274;51;18;9;0.0;1011;113;NNE;32;10
9;7;21;31;275;55;15;7;0.0;1020;116;NE;35;14
7;5;17;3;276;49;13;5;0.0;1030;113;ENE;62;12
8;7;10;0;277;48;15;5;0.0;1032;113;ESE;122;7
8;7;14;4;278;46;15;5;0.0;1027;113;SE;129;9
10;9;10;25;279;44;17;6;0.0;1025;119;SE;129;6
13;13;8;26;280;39;21;10;0.0;1026;116;ESE;114;5
14;13;12;11;281;45;21;10;0.0;1026;113;ESE;112;7
14;13;9;61;282;65;18;13;1.5;1020;293;SE;140;6
14;13;14;71;283;83;19;11;1.6;1013;119;SE;139;9
16;14;23;36;284;75;22;11;0.0;1016;113;ESE;112;15
17;17;16;13;285;78;23;13;0.2;1020;113;ESE;122;10
18;17;10;30;286;76;24;15;0.1;1020;119;SW;231;6
15;15;8;37;287;61;22;11;0.0;1021;116;WSW;254;5
15;15;12;57;288;78;19;14;4.6;1015;353;W;272;8
11;9;21;67;289;84;13;10;5.9;1007;293;NW;323;16
10;8;28;28;290;78;15;7;0.5;1014;113;NW;312;18
11;10;27;34;291;74;15;10;0.4;1017;116;NW;306;18
10;9;16;8;292;74;15;8;0.0;1025;113;SE;139;11
13;12;16;20;293;76;19;9;0.0;1023;113;S;170;9
16;15;14;32;294;81;22;12;0.0;1021;113;W;260;8
17;16;14;49;295;83;22;13;0.2;1020;119;SSE;161;9
18;18;25;25;296;72;24;14;0.1;1017;116;S;175;16
18;17;11;16;297;74;22;15;0.0;1020;113;W;275;6
18;18;10;5;298;79;23;15;0.0;1021;113;SE;133;6
18;17;13;7;299;77;24;14;0.0;1020;113;SW;215;8
17;16;17;9;300;80;22;14;0.0;1016;113;S;184;11
17;16;22;16;301;70;22;13;0.0;1016;116;S;185;14
15;15;13;56;302;87;18;14;0.2;1015;122;W;274;8
13;11;21;15;303;67;18;11;0.0;1020;113;NW;325;13
11;10;13;9;304;59;17;8;0.0;1027;113;ENE;61;8
11;11;10;29;305;72;16;9;0.0;1023;116;SSE;157;6
13;12;20;39;306;82;18;9;0.6;1015;266;S;186;12
13;12;28;68;307;84;17;13;7.5;1009;353;SSW;191;19
12;10;17;61;308;75;14;11;2.5;1008;266;SSE;157;13
11;9;17;81;309;90;13;11;16.4;998;302;WSW;243;12
8;6;28;36;310;74;13;6;0.9;1006;116;WNW;286;19
11;10;20;49;311;81;17;9;2.5;1015;266;WSW;254;13
12;11;15;33;312;76;16;8;0.1;1017;119;SSE;153;9
12;11;20;47;313;80;16;11;0.0;1013;119;W;278;13
10;8;14;47;314;81;13;7;1.6;1009;119;S;185;10
8;5;28;60;315;83;9;7;8.7;1016;299;NNW;348;18
7;6;15;15;316;76;12;5;0.0;1025;113;NNE;30;9
7;6;13;63;317;84;10;7;0.0;1024;119;NW;309;9
7;6;12;64;318;71;10;7;0.2;1023;122;ENE;65;8
6;5;12;37;319;76;12;3;0.0;1024;116;ENE;56;6
7;7;8;26;320;84;13;5;0.0;1029;116;NW;315;4
8;7;9;55;321;79;13;5;0.0;1025;119;NW;309;5
7;5;13;45;322;84;10;6;0.0;1020;119;ESE;118;9
6;3;23;51;323;84;10;4;1.3;1013;119;ESE;113;14
7;5;17;71;324;92;9;5;3.2;1005;296;ESE;123;10
7;5;14;50;325;87;10;4;2.5;1004;263;E;101;9
8;6;16;78;326;94;11;6;0.4;1006;263;E;96;10
8;6;24;52;327;86;12;6;0.9;1007;116;ENE;65;16
7;6;10;90;328;93;9;7;13.1;1006;302;SE;138;8
2;-3;32;81;329;85;3;1;9.9;1011;332;NW;320;23
1;-3;21;41;330;82;3;-1;0.0;1022;116;NNW;333;14
1;-3;19;15;331;64;4;-1;0.0;1028;113;SW;234;12
0;-3;20;20;332;65;4;-2;0.0;1029;113;W;266;13
1;-3;27;42;333;85;5;1;0.0;1023;116;WNW;301;17
3;1;12;54;334;79;6;1;0.0;1020;119;SSE;162;7
2;-1;17;6;335;88;7;1;0.0;1026;113;NW;311;10
2;0;15;7;336;84;8;-1;0.0;1032;113;WSW;245;9
1;-1;11;14;337;75;4;1;0.0;1035;113;E;95;7
0;-3;13;23;338;75;4;-2;0.0;1027;116;SW;215;7
0;-4;25;13;339;84;5;-1;0.0;1023;113;WNW;297;15
1;-5;47;34;340;70;4;-1;0.3;1014;113;W;276;30
1;-6;47;44;341;74;3;-1;0.2;1020;122;NW;306;32
2;-3;26;58;342;86;5;0;0.1;1027;122;WNW;293;15
3;-2;42;73;343;82;6;2;2.4;1024;293;W;278;25
2;0;12;42;344;80;4;2;0.2;1036;116;SE;132;8
1;0;8;17;345;60;4;-1;0.0;1039;113;SSW;213;5
2;1;6;2;346;79;7;1;0.0;1034;113;NW;315;4
0;-1;6;32;347;92;3;-2;0.0;1028;143;NW;315;4
0;-1;6;11;348;88;5;-3;0.0;1029;113;W;274;4
0;-2;10;24;349;88;3;-2;0.0;1034;116;NNW;335;7
1;0;7;19;350;87;6;-1;0.0;1037;113;SE;137;5
1;-1;9;2;351;86;4;-1;0.0;1037;113;SE;138;7
0;-2;9;25;352;89;4;-3;0.0;1031;116;ESE;117;6
-2;-5;12;20;353;81;0;-4;0.0;1024;113;ESE;120;9
-1;-4;12;29;354;64;4;-3;0.0;1028;113;ESE;120;7
1;-2;14;20;355;78;3;-2;0.0;1036;113;E;88;8
1;-2;13;59;356;84;3;0;0.1;1031;116;ESE;124;9
2;1;8;64;357;90;5;0;0.3;1027;143;S;176;4
2;-2;21;24;358;87;6;1;0.0;1022;113;SE;131;12
2;-2;35;13;359;77;6;-1;0.0;1012;116;SSE;161;19
4;0;28;63;360;88;7;1;3.1;1006;266;ESE;121;17
6;4;15;40;361;90;8;4;0.7;1011;116;ENE;69;9
5;2;22;38;362;92;9;4;0.0;1015;116;SSE;148;12
5;2;19;52;363;90;8;3;0.0;1018;116;WNW;302;11
5;3;16;64;364;84;8;4;1.0;1026;266;WSW;246;9
3;1;13;64;365;88;5;2;0.2;1025;122;E;95;9
