HeatIndexC;WindChillC;WindGustKmph;cloudcover;day;humidity;maxtemp;mintemp;precipMM;pressure;weatherCode;winddir16Point;winddirDegree;windspeed
26;26;9;4;244;48;32;25;0.0;1020;113;W;281;6
25;25;17;10;245;48;30;20;0.0;1019;113;N;11;10
25;24;9;22;246;50;31;22;0.0;1018;113;W;264;6
26;26;14;26;247;43;32;25;0.5;1015;116;SW;220;9
19;18;27;54;248;76;22;17;11.0;1014;308;NW;308;18
20;19;17;45;249;73;25;16;0.0;1018;119;ENE;66;11
24;23;23;7;250;61;30;20;0.1;1021;113;E;87;15
26;25;12;12;251;51;31;22;0.0;1016;113;ESE;106;7
27;27;15;6;252;44;32;24;0.0;1015;113;ENE;61;9
27;27;12;14;253;50;33;23;0.0;1016;113;E;83;7
28;27;10;16;254;46;33;25;0.0;1017;113;ENE;64;6
28;27;13;12;255;47;32;24;0.0;1018;113;E;80;8
27;26;14;18;256;49;32;24;0.4;1017;116;ENE;75;8
26;25;14;10;257;53;31;21;0.2;1015;113;E;93;9
25;25;16;13;258;50;31;20;0.0;1016;113;SSE;149;10
25;24;19;17;259;55;31;22;0.0;1014;116;SW;218;13
25;23;15;34;260;74;27;22;9.4;1010;356;SSW;197;10
21;20;17;37;261;63;26;18;0.0;1011;119;NNW;336;11
22;20;17;39;262;66;26;18;6.7;1008;356;SE;140;11
18;17;18;46;263;61;23;15;0.0;1012;116;SW;219;13
17;17;11;64;264;53;20;14;0.1;1017;176;NW;319;7
16;15;15;14;265;54;20;13;0.0;1021;113;NW;307;10
18;16;12;14;266;55;22;13;0.0;1025;113;WNW;296;8
18;17;13;23;267;53;24;15;0.0;1025;113;NW;309;8
19;18;15;22;268;57;23;15;0.0;1022;116;E;85;9
19;17;8;28;269;57;23;15;0.0;1022;116;SSE;156;5
18;18;8;25;270;49;24;14;0.0;1026;113;WSW;252;5
20;20;16;11;271;48;25;17;0.0;1028;113;W;269;10
21;20;23;8;272;53;26;16;0.0;1023;113;W;274;15
20;20;17;15;273;54;26;16;0.0;1018;119;SSW;202;11
21;19;19;10;274;66;25;15;0.0;1015;113;SSW;207;12
19;18;15;47;275;71;25;16;0.9;1015;176;WSW;238;10
15;15;30;68;276;69;20;14;0.7;1018;176;NW;318;23
12;10;34;72;277;78;15;11;3.7;1018;296;NW;317;23
8;5;35;32;278;61;12;6;0.2;1019;119;NW;321;25
8;5;31;92;279;87;10;7;17.2;1012;302;WNW;287;21
10;9;7;23;280;73;14;6;0.0;1017;116;NNE;30;5
9;7;14;22;281;65;14;6;0.0;1019;116;WNW;301;9
10;9;15;18;282;72;15;7;0.0;1022;116;WNW;298;10
10;9;13;17;283;68;17;7;0.0;1021;116;ENE;64;8
10;8;15;88;284;75;13;8;2.8;1015;263;NE;39;12
10;9;18;86;285;75;14;7;0.9;1011;176;NNW;337;13
10;9;13;38;286;72;15;8;0.0;1019;119;E;94;8
8;6;26;31;287;74;13;5;0.0;1022;116;E;98;17
12;10;21;22;288;71;17;8;1.9;1018;176;ESE;114;13
13;13;9;71;289;80;19;12;4.3;1022;116;NE;47;6
11;10;14;97;290;81;14;10;0.1;1028;122;ESE;104;11
10;8;18;76;291;75;13;9;1.0;1026;263;SE;134;12
9;7;14;96;292;77;13;7;0.1;1022;122;SSE;169;9
10;8;16;93;293;83;12;8;11.3;1017;302;ESE;110;11
9;8;7;100;294;93;11;-2;6.0;1015;296;SE;144;5
9;7;15;10;295;78;14;6;0.0;1017;113;NW;307;10
9;8;17;23;296;80;14;6;0.0;1020;116;SE;126;10
12;11;18;80;297;87;17;9;0.0;1022;122;SE;136;10
14;14;20;62;298;86;19;12;0.2;1021;176;S;191;12
12;11;13;98;299;90;14;11;10.6;1024;266;SSW;206;7
10;10;5;43;300;75;12;8;0.1;1030;119;SW;229;4
9;8;10;6;301;70;13;7;0.0;1034;113;SW;231;6
10;8;28;55;302;77;15;9;0.5;1028;122;NW;315;19
8;5;28;44;303;73;12;8;0.4;1026;353;NW;316;18
6;4;22;6;304;76;11;4;0.0;1027;113;NW;323;14
8;6;14;45;305;75;12;5;0.0;1024;116;WSW;242;8
9;7;26;29;306;70;15;6;0.0;1015;116;WNW;297;17
6;4;21;24;307;65;9;6;0.0;1020;116;NW;306;15
4;2;14;30;308;62;9;1;0.0;1024;119;S;171;8
6;2;23;80;309;78;9;2;4.8;1013;296;SE;135;15
14;12;34;86;310;88;17;13;9.9;999;353;SSW;213;21
8;5;22;46;311;78;10;6;3.1;1006;116;WNW;286;17
6;4;15;61;312;77;8;5;1.2;1009;266;SE;128;10
5;2;19;24;313;71;8;4;0.6;1009;113;NW;315;14
3;1;15;48;314;75;7;1;0.1;1012;119;SSW;197;9
4;2;20;38;315;83;7;2;0.0;1015;200;ESE;113;12
6;2;31;92;316;81;7;5;10.1;1015;296;NNE;31;22
2;-2;25;31;317;75;5;0;0.0;1024;116;NW;317;17
2;0;10;49;318;67;6;-1;0.0;1033;119;SW;216;6
2;0;9;18;319;72;6;2;0.0;1034;116;WSW;253;5
2;-1;15;97;320;77;3;1;1.1;1026;266;S;190;11
4;1;14;71;321;81;6;2;1.8;1021;119;SE;138;9
7;4;26;40;322;80;12;2;0.0;1018;116;S;171;14
9;6;28;72;323;83;11;7;0.9;1016;266;SE;137;14
10;8;17;58;324;89;13;9;6.6;1018;176;SSE;148;11
8;6;21;23;325;88;12;6;0.0;1021;113;ESE;118;13
7;5;20;14;326;86;11;5;0.0;1022;113;ESE;113;13
6;4;17;7;327;83;9;4;0.0;1024;113;ESE;109;11
6;3;17;22;328;79;9;4;0.0;1023;113;ESE;104;10
7;6;12;56;329;83;10;6;0.0;1020;116;ENE;72;8
6;5;12;29;330;83;10;4;0.0;1019;116;ESE;102;6
5;2;28;39;331;82;10;5;0.2;1013;176;WNW;302;18
2;-3;32;15;332;66;4;1;0.0;1020;113;NNW;329;21
0;-4;21;26;333;64;3;-2;0.0;1030;116;NW;315;13
0;-4;21;49;334;57;4;-2;0.0;1030;119;W;278;13
2;-4;48;80;335;79;5;0;0.2;1020;176;WNW;297;28
5;-1;50;32;336;69;7;5;0.7;1012;263;NW;323;33
1;-3;23;5;337;75;5;0;0.0;1025;113;NW;322;15
-1;-3;10;15;338;65;5;-2;0.0;1031;113;NW;319;6
0;-2;10;18;339;59;4;-3;0.0;1033;113;ESE;118;6
-1;-5;19;11;340;60;2;-2;0.0;1030;116;WNW;304;12
-1;-3;11;16;341;75;5;-4;0.0;1039;113;S;183;6
-1;-4;15;27;342;72;3;-4;0.0;1037;116;SW;219;9
1;-2;24;24;343;60;6;-1;0.0;1030;113;WNW;291;13
4;1;22;18;344;75;8;1;0.0;1026;113;WNW;283;12
5;2;28;20;345;68;10;3;0.0;1018;116;W;268;15
5;0;41;44;346;79;8;4;0.0;1018;119;NW;310;25
0;-2;9;23;347;64;3;-2;0.0;1032;122;SSW;203;8
-1;-4;14;64;348;54;2;-3;0.1;1027;119;WSW;243;9
-1;-3;9;21;349;86;4;-3;0.0;1030;113;WSW;236;5
-1;-2;6;10;350;83;2;-1;0.0;1037;113;ESE;104;3
-2;-5;13;10;351;71;2;-4;0.0;1039;113;SW;231;8
-3;-6;9;41;352;76;-1;-5;0.0;1035;116;ESE;119;5
-3;-4;6;21;353;75;1;-6;0.0;1036;113;SE;131;3
-4;-5;5;7;354;87;0;-6;0.0;1035;113;SSW;203;3
-5;-7;10;8;355;89;-1;-6;0.0;1036;113;ESE;101;5
-3;-4;6;2;356;86;2;-6;0.0;1037;113;WSW;249;4
-4;-7;13;8;357;86;1;-7;0.0;1036;113;NW;314;7
-5;-6;11;20;358;88;0;-8;0.0;1033;116;SW;214;6
2;-2;31;95;359;90;6;1;2.3;1025;266;WNW;284;17
5;2;36;42;360;90;9;4;0.1;1025;116;WNW;297;20
4;-1;46;39;361;74;6;2;0.1;1028;122;WNW;303;30
1;-4;34;2;362;70;5;1;0.0;1031;113;NNW;332;20
0;-4;22;10;363;68;4;-1;0.0;1038;113;NNE;11;14
-1;-4;12;8;364;68;3;-3;0.0;1039;113;NW;317;7
-2;-5;12;25;365;59;2;-4;0.0;1034;113;WNW;292;6
