HeatIndexC;WindChillC;WindGustKmph;cloudcover;day;humidity;maxtemp;mintemp;precipMM;pressure;weatherCode;winddir16Point;winddirDegree;windspeed
21;21;9;20;244;59;28;19;1.4;1014;113;S;177;5
22;22;16;17;245;54;28;19;0.2;1014;113;WNW;302;10
23;23;8;8;246;55;31;20;0.0;1016;113;W;279;5
23;23;15;8;247;56;30;20;0.0;1015;113;SE;141;10
24;23;18;16;248;57;30;20;0.4;1013;113;S;182;11
18;18;19;53;249;77;22;18;0.7;1019;266;SE;135;13
20;19;15;16;250;54;26;19;0.0;1016;116;WNW;298;10
18;18;25;54;251;67;22;15;0.8;1012;266;WNW;295;18
17;16;22;43;252;76;21;15;0.9;1014;116;WNW;301;16
21;20;13;22;253;68;27;17;0.0;1017;116;SSW;200;8
23;23;12;7;254;64;30;19;0.0;1016;113;SSE;164;8
23;22;22;10;255;61;27;20;0.0;1013;116;WNW;302;14
22;22;14;2;256;60;29;18;0.0;1015;113;WNW;293;9
22;22;15;15;257;60;29;20;0.0;1015;116;NW;310;9
19;19;20;13;258;53;25;15;0.5;1018;113;NW;318;13
18;17;9;10;259;55;25;14;0.0;1020;113;NW;308;6
19;19;12;13;260;57;25;16;0.0;1017;113;SE;140;7
21;20;20;10;261;62;27;15;0.4;1009;113;SSE;147;12
22;21;18;14;262;64;27;18;1.9;1007;113;SE;126;11
19;18;13;67;263;85;21;18;3.3;1015;353;WSW;254;9
19;18;14;30;264;76;25;15;0.0;1018;116;ESE;122;9
19;19;17;7;265;71;24;16;0.0;1017;113;WNW;289;11
18;18;15;2;266;66;25;14;0.0;1017;113;NNW;329;10
18;18;9;3;267;59;25;13;0.0;1019;113;SW;229;5
17;17;9;6;268;58;23;14;0.0;1023;113;ESE;112;6
19;19;6;2;269;58;27;15;0.0;1025;113;ESE;111;3
20;20;8;1;270;50;28;18;0.0;1027;113;NW;308;4
19;19;10;10;271;53;27;16;0.0;1028;113;ESE;113;5
17;17;14;6;272;52;23;14;0.0;1028;113;WNW;298;8
19;18;10;8;273;63;24;16;0.0;1027;113;WNW;304;6
20;20;13;8;274;59;26;18;0.0;1025;113;WNW;294;8
19;18;10;4;275;56;24;15;0.0;1024;113;NW;310;6
19;19;10;1;276;64;25;15;0.0;1023;113;SSW;202;6
19;18;14;3;277;63;24;16;0.0;1021;113;WNW;282;9
18;17;22;17;278;69;23;14;0.0;1020;116;WNW;300;13
19;18;17;18;279;64;24;15;0.0;1017;122;SW;222;10
12;10;31;34;280;69;14;11;2.9;1009;176;NW;315;22
9;6;27;37;281;74;12;6;0.1;1011;119;WNW;286;19
8;6;22;50;282;75;13;5;0.1;1015;119;NNW;340;14
8;6;17;32;283;71;12;4;0.0;1020;119;WNW;299;11
14;13;28;60;284;81;18;12;0.8;1017;119;NW;304;18
14;13;26;69;285;73;17;14;1.6;1016;116;NW;309;19
11;9;17;25;286;63;15;9;1.0;1022;113;NW;319;12
8;6;12;27;287;64;12;5;0.4;1029;176;NNE;30;8
7;5;14;18;288;64;12;3;0.0;1031;116;NW;315;8
6;4;13;7;289;57;11;4;0.0;1032;113;ENE;78;9
6;5;9;4;290;55;11;4;0.0;1028;113;SE;125;5
8;7;13;1;291;48;13;5;0.0;1023;113;SSW;198;8
9;8;21;28;292;56;15;5;0.2;1019;116;SSE;169;13
9;7;20;70;293;80;11;7;2.2;1021;266;NW;326;14
8;7;13;49;294;72;12;6;2.2;1027;116;SE;128;8
6;5;12;35;295;72;11;3;0.0;1027;116;ENE;61;7
8;6;13;88;296;85;10;6;1.2;1025;266;E;84;9
10;8;18;78;297;83;13;7;1.7;1022;263;ESE;103;12
9;6;28;73;298;83;12;7;10.5;1019;302;ESE;121;18
10;8;26;38;299;71;14;7;0.0;1021;119;ESE;121;16
10;8;21;39;300;68;14;7;0.0;1025;116;SE;126;13
8;7;13;7;301;63;14;5;0.0;1028;113;SE;130;8
9;9;8;16;302;67;14;6;0.0;1029;116;SE;143;4
9;9;9;9;303;65;15;6;0.0;1026;113;SSE;162;5
8;8;4;8;304;67;15;4;0.0;1023;113;S;179;2
8;8;8;9;305;64;15;4;0.0;1023;113;SE;142;4
10;9;11;1;306;72;16;7;0.0;1023;113;SE;124;7
9;7;18;11;307;72;13;6;0.0;1019;116;SE;130;10
8;6;20;32;308;72;12;4;0.0;1016;119;SE;128;13
9;7;23;27;309;69;13;7;0.1;1017;113;ESE;114;14
9;7;21;3;310;64;14;6;0.0;1021;113;ESE;113;12
9;7;22;22;311;67;13;6;0.0;1026;116;SE;129;13
8;7;17;12;312;81;12;5;0.0;1026;113;ESE;122;10
10;10;8;2;313;75;15;6;0.0;1024;113;WNW;291;4
7;5;15;6;314;67;11;5;0.0;1022;113;E;87;10
3;0;18;10;315;61;6;0;0.0;1030;116;E;80;12
3;2;7;3;316;60;8;1;0.0;1036;113;WSW;248;4
3;3;5;5;317;63;8;1;0.0;1036;113;ESE;103;3
2;1;6;25;318;65;7;-2;0.0;1031;116;SW;221;3
3;2;7;2;319;70;8;-1;0.0;1025;113;ENE;66;4
2;2;5;6;320;76;7;-1;0.0;1026;113;NE;55;3
0;-1;8;21;321;80;6;-3;0.0;1028;116;SSE;157;4
1;-1;9;16;322;76;7;-3;0.0;1027;113;W;272;5
-1;-1;5;22;323;78;5;-3;0.0;1027;113;SSE;160;3
-2;-3;6;42;324;75;4;-5;0.0;1028;116;SSE;159;3
-1;-2;8;4;325;77;4;-4;0.0;1027;113;SE;143;4
-2;-2;8;15;326;68;4;-5;0.0;1024;113;E;84;4
1;-1;11;6;327;67;6;-2;0.0;1027;113;ENE;67;6
-1;-2;9;13;328;72;6;-5;0.0;1036;113;W;278;5
-1;-2;8;7;329;76;6;-6;0.0;1034;113;SSW;206;4
-1;-5;17;6;330;81;3;-4;0.0;1032;113;NW;316;10
0;-3;16;10;331;78;5;-3;0.0;1029;113;SSW;207;9
2;-1;19;16;332;83;7;-1;0.0;1031;116;NW;321;10
1;-1;12;1;333;82;5;-1;0.0;1031;113;ESE;102;8
0;-2;10;13;334;72;4;-2;0.0;1030;116;WNW;294;5
-1;-3;11;14;335;71;4;-4;0.0;1029;113;SE;133;6
-1;-4;14;40;336;78;2;-4;0.4;1023;122;ESE;119;9
0;-1;9;82;337;89;2;-1;2.6;1019;284;ENE;73;5
6;3;21;56;338;93;9;4;1.6;1012;143;SSW;213;11
7;4;34;53;339;82;10;7;2.5;1005;293;W;275;20
3;-1;24;34;340;73;6;1;0.1;1013;116;W;266;14
2;-2;26;35;341;75;5;-1;0.5;1014;116;SSW;206;14
3;-3;55;19;342;77;6;3;0.1;1017;119;WNW;299;33
3;0;26;61;343;67;7;1;0.0;1021;122;S;188;14
5;3;17;80;344;83;8;3;0.2;1016;122;WNW;292;10
3;2;13;50;345;73;6;1;0.0;1022;119;WSW;243;7
4;2;16;95;346;82;6;2;2.0;1017;266;ESE;115;10
4;2;17;40;347;88;8;2;4.4;1017;113;WNW;282;10
5;2;22;64;348;90;7;2;0.9;1017;119;SSE;154;13
5;3;15;73;349;93;7;3;7.2;1014;302;ESE;117;9
3;-1;40;53;350;92;5;-1;5.7;1001;302;S;175;22
3;-1;24;49;351;87;5;0;3.4;1011;113;SE;143;14
1;-3;26;10;352;85;4;-1;0.0;1012;113;W;259;15
1;-2;18;58;353;78;3;0;0.8;1018;119;NNE;22;11
0;-4;20;41;354;79;2;-2;0.0;1015;116;NW;306;12
-1;-5;21;52;355;80;1;-3;1.2;1016;326;WSW;255;13
-1;-4;15;62;356;90;1;-3;0.2;1022;119;SW;236;8
-1;-2;7;34;357;89;2;-2;0.1;1025;116;WSW;248;4
0;-4;19;89;358;91;2;-2;2.1;1022;284;SW;220;10
1;-4;30;32;359;90;3;-2;0.0;1030;116;NW;320;17
1;0;8;28;360;92;3;-1;0.0;1039;143;W;281;4
2;1;6;68;361;95;4;-1;0.4;1039;143;SW;230;3
1;0;7;47;362;94;3;-1;0.0;1034;143;SE;128;5
0;-3;16;37;363;84;2;-2;0.0;1025;116;W;278;10
1;-3;19;53;364;83;3;-1;0.6;1014;326;SW;222;12
1;-3;25;12;365;86;3;-2;0.0;1018;113;WNW;298;15
