HeatIndexC;WindChillC;WindGustKmph;cloudcover;day;humidity;maxtemp;mintemp;precipMM;pressure;weatherCode;winddir16Point;winddirDegree;windspeed
28;28;14;15;244;38;33;24;2.3;1011;116;SSE;160;11
21;21;15;37;245;56;26;16;4.9;1011;119;WNW;300;12
16;16;14;94;246;76;17;16;7.8;1009;353;NNW;330;12
18;17;23;23;247;55;22;14;6.1;1015;113;NW;312;18
20;19;17;12;248;44;23;16;0.0;1018;116;NW;306;13
21;21;22;13;249;54;25;17;0.0;1014;122;WNW;291;15
17;17;22;33;250;65;17;16;0.0;1015;119;WSW;258;16
20;19;9;3;251;52;24;16;0.0;1015;113;SSW;194;6
22;22;17;21;252;47;28;17;0.0;1007;116;SSE;156;13
24;24;17;20;253;51;29;19;0.0;1006;119;S;182;12
26;26;14;27;254;41;31;22;0.0;1004;116;SSE;160;10
18;18;28;53;255;65;22;17;1.6;1006;176;NW;314;22
18;18;23;16;256;52;23;14;0.0;1016;113;WSW;241;17
22;21;31;21;257;50;26;17;0.0;1011;116;SSW;204;24
17;16;17;47;258;49;20;14;0.0;1016;116;WNW;287;13
21;21;13;33;259;49;27;16;3.5;1012;116;S;171;10
18;17;15;66;260;76;21;17;9.3;1011;356;S;179;11
16;16;9;21;261;59;21;13;0.0;1016;116;W;271;7
15;14;16;83;262;69;15;14;5.4;1012;176;NE;45;12
15;15;12;65;263;74;18;13;0.0;1011;122;NW;321;9
11;9;34;83;264;79;12;11;19.6;1013;308;NW;322;25
15;14;21;33;265;68;18;12;0.0;1018;116;NW;320;15
13;12;24;37;266;69;16;12;0.0;1019;122;NW;309;17
15;15;4;53;267;67;19;12;0.0;1021;119;NE;38;3
16;16;12;50;268;64;19;13;0.0;1022;119;ENE;79;9
18;18;17;47;269;58;22;14;0.0;1024;116;ENE;78;12
18;18;14;8;270;51;22;15;0.0;1026;113;E;83;10
17;17;6;39;271;50;20;15;0.0;1029;116;SSW;209;5
17;17;7;0;272;48;20;14;0.0;1028;113;SSE;150;6
16;16;9;7;273;45;20;12;0.0;1025;113;ESE;108;7
16;16;7;8;274;41;21;11;0.0;1025;116;SE;131;6
16;16;9;0;275;44;20;12;0.0;1025;113;SSE;165;8
15;14;21;52;276;64;19;11;2.9;1019;176;SW;219;15
15;14;21;18;277;61;18;11;0.0;1024;116;W;280;14
17;17;24;20;278;59;21;14;0.0;1013;116;SW;231;17
13;11;31;38;279;53;15;12;0.0;1013;122;NW;309;23
13;11;22;3;280;59;16;10;0.0;1017;116;NNW;342;16
12;10;26;56;281;62;15;9;0.0;1015;122;WNW;290;18
12;10;22;19;282;58;15;9;0.0;1018;116;NW;308;16
13;12;18;68;283;63;17;10;0.0;1020;122;WSW;258;12
16;16;15;52;284;62;20;13;0.0;1022;122;WSW;252;10
18;17;15;9;285;58;21;13;0.0;1022;113;WNW;283;10
16;16;25;0;286;61;19;13;0.0;1025;113;NW;310;18
16;16;14;4;287;67;20;12;0.0;1027;113;NW;314;10
19;18;7;0;288;65;23;14;0.0;1028;113;NW;304;6
22;21;4;0;289;61;25;18;0.0;1028;113;SSW;191;4
22;22;5;0;290;55;26;18;0.0;1025;113;SSE;154;4
19;19;10;30;291;56;23;14;0.0;1018;119;SE;129;7
20;19;7;0;292;52;24;16;0.0;1016;113;WNW;288;5
19;18;5;0;293;55;21;15;0.0;1018;113;SSW;194;4
15;15;9;45;294;60;18;12;0.0;1018;119;NW;314;6
13;13;10;82;295;74;18;11;11.6;1015;122;WSW;241;8
10;7;32;94;296;81;10;9;56.9;1008;308;N;356;23
12;10;28;8;297;62;15;10;0.0;1018;113;NNE;13;19
12;11;9;13;298;65;15;8;0.0;1026;116;WSW;243;6
14;13;12;10;299;76;18;11;0.0;1024;113;WNW;297;8
12;11;25;32;300;76;14;12;3.0;1016;296;WNW;282;17
10;7;35;44;301;63;12;9;0.0;1015;176;NW;309;24
10;6;45;70;302;62;11;9;10.3;1000;302;W;278;32
7;3;37;36;303;55;10;6;0.2;1014;116;NW;315;26
6;3;22;59;304;62;8;4;0.0;1024;122;WNW;301;15
8;6;17;41;305;62;11;5;0.0;1024;116;W;262;12
11;9;16;49;306;62;14;7;0.0;1017;119;SSW;211;10
11;10;15;16;307;68;14;8;0.0;1017;116;NNW;340;10
11;10;12;2;308;68;13;9;0.0;1021;116;SSE;158;9
9;7;19;31;309;73;13;6;0.0;1016;116;SE;141;13
10;8;18;19;310;63;13;7;0.0;1016;116;E;98;13
9;7;23;26;311;67;12;7;0.0;1019;116;E;83;15
8;5;18;100;312;75;9;7;2.5;1018;266;E;84;13
10;10;5;88;313;80;12;8;0.0;1022;122;NW;308;4
9;7;14;11;314;69;12;7;0.0;1021;116;WSW;257;10
9;7;19;64;315;63;11;7;0.7;1014;176;WNW;283;13
8;7;21;86;316;75;11;7;2.5;1006;266;SSW;208;14
8;5;26;89;317;70;8;7;14.1;1003;296;NNW;330;19
6;4;15;46;318;63;8;4;0.0;1020;119;NNW;337;11
6;5;8;27;319;59;10;2;0.0;1027;119;NNE;15;6
6;5;8;63;320;55;8;5;0.0;1026;116;ENE;63;5
6;5;9;80;321;69;9;5;0.1;1023;122;NW;315;6
6;4;12;64;322;76;8;5;3.5;1019;266;NW;323;8
5;2;23;58;323;70;8;4;6.3;1015;302;W;273;15
5;1;32;47;324;65;8;4;0.0;1017;119;NW;308;21
5;3;15;98;325;73;6;4;3.6;1017;266;SW;228;10
9;7;15;48;326;77;12;7;1.8;1016;116;W;266;10
8;6;12;60;327;87;9;5;0.0;1018;122;ESE;115;7
8;8;8;60;328;84;11;6;0.0;1020;119;E;79;5
8;6;18;68;329;83;10;5;1.6;1015;122;SE;143;12
7;3;28;80;330;69;7;7;10.5;1016;296;NNW;339;19
4;0;23;12;331;65;6;2;0.0;1022;116;NNW;330;17
4;2;10;12;332;63;6;2;0.0;1017;116;SSW;206;8
2;-1;16;95;333;67;3;2;6.3;1011;296;ESE;118;11
1;-2;21;87;334;91;2;1;23.8;1002;332;WSW;240;14
2;-1;13;9;335;73;5;0;0.0;1014;116;NNW;330;9
1;-3;15;42;336;65;4;-1;0.0;1020;116;NNW;343;10
0;-4;22;75;337;74;1;0;1.9;1020;338;NW;316;15
1;-4;29;80;338;72;3;-1;0.6;1023;332;W;278;19
1;-3;30;42;339;81;3;-1;0.4;1029;266;WNW;298;19
4;-1;36;62;340;74;6;4;0.0;1029;122;NW;307;23
4;1;17;13;341;79;7;1;0.0;1026;116;WSW;244;12
5;2;19;88;342;86;9;3;5.8;1014;353;SW;220;11
2;-2;32;80;343;72;3;2;1.4;1008;332;NNW;328;22
1;-3;32;32;344;55;3;0;0.7;1010;116;SSW;210;22
9;5;51;66;345;67;13;5;8.2;1003;176;SSW;205;31
10;8;32;50;346;70;15;9;2.8;1009;266;WSW;254;20
5;2;17;57;347;65;6;5;4.1;1017;176;NW;315;12
4;1;24;72;348;84;7;2;5.1;1007;296;SSW;209;15
6;4;19;83;349;75;9;5;8.7;1002;386;W;269;13
4;1;19;71;350;74;5;4;14.8;1005;317;WNW;297;13
2;-1;14;14;351;77;4;1;0.0;1018;116;NNW;332;9
1;-1;13;25;352;71;4;0;0.0;1024;116;NNW;342;8
0;-2;11;40;353;66;2;-1;0.0;1031;116;NW;311;8
0;-2;7;26;354;65;1;0;0.0;1033;116;NW;326;5
0;-2;10;64;355;79;1;-2;1.5;1033;122;WSW;252;7
2;-1;18;57;356;89;4;0;2.2;1029;122;NW;312;11
3;-1;34;60;357;76;5;2;0.3;1027;176;NW;309;21
8;4;40;35;358;73;10;7;0.1;1024;116;NW;304;24
7;5;16;19;359;78;9;4;0.0;1024;116;W;266;10
7;4;21;40;360;82;10;3;0.3;1015;176;SSW;204;13
8;5;26;59;361;77;10;5;1.6;1003;116;S;175;17
7;5;21;88;362;81;8;7;9.5;994;296;WSW;254;13
3;-1;29;51;363;71;4;3;2.5;1007;116;NW;320;21
2;-1;14;36;364;59;4;0;0.0;1016;116;SSW;191;10
5;2;19;74;365;79;8;3;2.9;1016;296;WSW;241;12
