HeatIndexC;WindChillC;WindGustKmph;cloudcover;day;humidity;maxtemp;mintemp;precipMM;pressure;weatherCode;winddir16Point;winddirDegree;windspeed
18;18;9;28;244;51;25;17;0.0;1019;116;SE;130;6
21;21;8;23;245;48;29;18;0.0;1016;113;SSE;168;5
23;22;16;19;246;46;29;19;0.2;1012;116;S;187;10
25;24;21;14;247;47;30;22;0.0;1011;116;SW;215;13
25;25;20;15;248;47;32;22;0.0;1012;116;SSW;207;13
27;27;24;8;249;42;33;23;0.0;1011;113;SSW;210;15
28;27;18;11;250;42;33;25;0.0;1010;113;SW;219;11
21;20;16;29;251;72;23;18;28.2;1015;299;NW;305;10
21;21;9;4;252;58;27;17;0.0;1020;113;W;277;6
21;21;13;8;253;54;26;19;0.0;1018;113;SSW;214;8
22;22;8;34;254;59;28;20;0.0;1013;116;WSW;241;4
21;21;10;42;255;68;27;18;0.3;1009;116;E;98;6
15;15;22;44;256;54;20;14;0.6;1014;116;ENE;68;15
11;10;18;44;257;61;15;9;1.2;1018;116;NE;50;13
10;8;14;97;258;93;11;9;41.0;1012;308;SE;134;10
10;9;11;99;259;92;12;10;9.9;1012;266;NW;326;9
10;8;17;73;260;79;13;8;3.6;1018;122;NNW;326;12
10;9;14;47;261;76;16;7;0.1;1022;119;WNW;301;9
10;8;17;40;262;76;15;8;2.0;1020;263;NNW;342;12
10;8;22;84;263;81;12;9;2.2;1020;296;NNW;333;16
11;10;11;62;264;81;13;9;1.3;1018;266;NW;304;8
11;11;10;55;265;80;15;10;0.4;1015;116;WNW;289;6
12;12;9;49;266;70;18;9;0.0;1015;119;W;266;5
14;14;7;39;267;65;18;12;0.6;1018;119;SW;216;4
12;11;20;57;268;81;15;10;4.6;1020;353;NNE;14;13
12;10;27;23;269;64;17;9;0.1;1025;116;NE;42;17
12;11;17;11;270;58;18;9;0.0;1027;113;ENE;58;11
13;13;9;4;271;61;21;11;0.0;1024;113;WSW;252;5
13;12;15;10;272;59;18;10;0.0;1019;116;WSW;243;9
13;12;18;33;273;59;19;10;0.0;1015;113;SW;221;11
15;14;22;53;274;70;18;11;0.3;1011;119;SSW;213;14
16;15;17;39;275;72;19;12;0.0;1010;116;SSW;193;10
16;16;11;37;276;75;21;14;1.3;1008;116;SW;221;7
11;9;23;65;277;89;13;10;17.3;1010;302;NW;315;17
10;7;26;27;278;69;13;8;1.0;1014;116;NW;311;17
12;11;19;31;279;67;19;8;0.0;1015;116;WNW;282;11
15;14;18;30;280;76;19;13;0.0;1018;119;WNW;299;12
14;14;6;23;281;76;18;12;0.0;1019;116;WSW;237;3
17;16;6;13;282;72;23;13;0.0;1026;113;ESE;119;4
17;16;11;7;283;74;23;13;0.0;1032;113;W;278;6
15;15;12;12;284;76;21;12;0.0;1033;116;W;278;7
16;16;13;3;285;73;21;13;0.0;1029;113;WSW;245;8
15;15;9;14;286;77;22;11;0.0;1024;113;SSW;192;5
15;14;11;12;287;72;21;11;0.0;1021;113;SW;235;6
16;16;13;20;288;76;23;13;0.3;1019;116;WNW;284;7
16;15;21;37;289;70;21;13;0.4;1013;353;SSW;196;12
11;9;25;41;290;69;13;10;6.9;1016;266;WNW;298;17
10;9;12;2;291;66;15;7;0.0;1024;113;SW;219;8
10;9;12;4;292;70;16;7;0.0;1025;113;WSW;259;8
11;10;10;11;293;74;17;7;0.0;1025;113;SSW;194;6
12;12;14;10;294;76;18;9;0.0;1020;116;SE;145;8
13;12;15;43;295;73;16;11;0.1;1019;116;ESE;115;8
11;10;15;85;296;83;13;10;7.2;1025;296;NNW;329;11
9;9;8;24;297;79;14;6;0.2;1028;113;E;86;5
9;8;11;13;298;79;15;5;0.0;1031;113;NW;318;6
9;8;9;6;299;76;15;5;0.0;1029;113;WSW;236;5
8;6;16;17;300;78;13;5;0.0;1018;116;SSE;160;10
9;8;20;64;301;78;13;8;2.6;1013;293;SE;132;12
12;11;31;38;302;79;17;9;3.4;1009;389;SE;140;18
15;14;33;31;303;82;18;16;9.2;1003;356;SSW;206;20
12;11;28;9;304;76;17;9;0.0;1014;113;S;184;16
14;13;23;36;305;84;17;12;2.0;1014;386;ESE;109;13
14;14;7;24;306;88;19;11;0.0;1017;116;SSE;164;4
14;14;15;5;307;84;20;11;0.0;1020;113;SE;133;9
13;12;19;31;308;87;18;10;0.0;1022;122;ESE;118;11
15;14;17;23;309;80;20;13;0.0;1020;113;ESE;109;10
14;13;15;23;310;79;19;12;0.0;1018;116;E;100;8
13;11;26;14;311;72;17;12;0.0;1019;113;SE;136;15
12;10;21;65;312;80;14;9;0.4;1023;122;SE;145;13
11;10;14;35;313;81;15;9;0.2;1029;116;SSE;154;9
9;8;14;6;314;73;14;6;0.0;1031;113;SSE;155;9
8;6;15;0;315;73;11;5;0.0;1025;113;SSE;149;10
6;4;11;65;316;83;8;4;0.6;1021;263;ESE;104;6
8;7;11;76;317;81;9;8;1.4;1023;266;ENE;64;8
9;8;8;43;318;83;13;8;0.0;1026;119;WNW;296;5
7;5;17;8;319;82;11;5;0.0;1028;113;W;281;10
6;4;19;13;320;80;11;3;0.0;1025;113;W;268;12
6;2;35;14;321;72;8;5;1.4;1024;113;NNW;327;22
3;1;15;21;322;74;7;2;0.0;1022;116;SSE;148;10
3;-1;23;50;323;79;5;1;0.1;1017;119;WSW;258;13
7;3;31;26;324;65;10;3;0.0;1011;116;WSW;241;19
6;3;28;84;325;86;7;5;14.7;998;302;SW;222;18
1;-5;37;42;326;74;3;-1;0.5;994;122;WNW;298;25
0;-6;39;69;327;73;1;-1;0.9;1002;326;WNW;282;25
1;-5;38;56;328;67;4;0;6.8;1002;317;S;183;23
1;-2;16;62;329;94;3;1;11.7;1006;119;SW;223;10
0;-4;27;7;330;77;4;-2;0.0;1021;113;NW;324;17
0;-3;21;42;331;81;4;-2;0.0;1026;119;WSW;249;12
0;-4;26;15;332;82;3;-1;0.0;1019;116;ESE;105;16
2;-3;30;88;333;93;4;1;13.2;1006;317;SE;127;17
7;3;30;53;334;92;11;4;2.3;1010;263;SSE;150;17
9;6;36;38;335;88;13;7;2.1;1008;263;SSE;150;20
7;5;21;35;336;83;11;5;2.4;1011;116;S;179;12
6;5;11;62;337;94;9;6;4.1;1009;266;E;92;6
4;2;14;62;338;93;6;4;2.3;1006;266;ENE;65;8
7;3;39;83;339;89;7;5;16.3;1002;302;S;190;24
8;6;19;71;340;86;9;7;6.3;1008;266;WNW;281;12
5;1;32;36;341;84;6;4;0.1;1015;116;NW;313;22
3;-1;33;20;342;84;5;2;0.0;1023;113;NW;315;22
1;-2;17;15;343;85;5;-1;0.0;1022;113;SSW;203;10
1;-3;26;29;344;76;4;-1;0.0;1019;116;SE;132;15
3;-1;34;58;345;78;5;2;2.2;1016;263;ESE;108;22
3;-1;31;52;346;81;5;2;0.4;1015;119;ENE;78;18
3;0;24;66;347;91;5;2;0.8;1015;266;ENE;79;14
5;1;28;96;348;91;5;4;1.7;1017;122;ESE;113;18
5;1;32;93;349;88;7;5;0.7;1021;122;ESE;111;20
6;3;26;75;350;89;8;5;0.9;1021;122;ESE;121;18
6;2;31;93;351;90;8;5;8.6;1013;122;ESE;109;21
6;4;22;100;352;96;7;6;34.8;1010;302;NNE;31;14
4;-1;35;100;353;96;6;2;27.2;1014;320;WNW;299;24
3;-1;39;71;354;86;5;3;4.2;1020;122;NW;305;24
4;-1;46;34;355;82;6;3;0.8;1022;116;NW;321;28
4;0;33;68;356;93;5;1;3.0;1025;266;W;261;19
4;-1;42;41;357;79;6;3;1.1;1024;176;NW;321;25
1;-3;24;35;358;79;3;-1;1.8;1027;116;NW;313;15
0;-4;22;62;359;79;2;-1;2.8;1027;119;NNE;27;14
0;-4;16;73;360;75;2;-1;0.1;1035;122;NNE;29;11
-1;-5;17;39;361;72;1;-2;0.0;1035;116;NE;53;12
-2;-4;10;5;362;71;1;-4;0.0;1035;113;ENE;63;7
-5;-6;7;19;363;71;-1;-7;0.0;1038;116;SE;145;4
-4;-5;5;5;364;72;-1;-6;0.0;1042;113;S;190;4
-3;-6;7;0;365;56;1;-5;0.0;1037;113;SSE;169;6
