HeatIndexC;WindChillC;WindGustKmph;cloudcover;day;humidity;maxtemp;mintemp;precipMM;pressure;weatherCode;winddir16Point;winddirDegree;windspeed
23;23;7;14;244;61;29;19;0.0;1016;113;SW;215;4
24;24;9;9;245;61;30;21;0.0;1020;113;SSE;151;6
26;25;5;6;246;57;32;24;0.0;1018;113;ENE;68;3
26;25;7;18;247;59;31;22;0.0;1016;116;E;92;5
26;24;10;22;248;63;31;21;0.2;1015;116;SSE;159;6
22;22;21;17;249;56;27;18;1.6;1017;116;NNW;331;15
18;18;15;8;250;50;24;14;0.0;1023;113;WNW;296;10
21;21;19;20;251;48;27;16;0.0;1020;113;NW;311;13
23;23;13;2;252;54;29;19;0.0;1020;113;E;92;8
22;23;14;9;253;51;29;19;0.0;1020;116;ESE;121;9
22;22;16;43;254;45;29;19;0.0;1016;122;SSE;160;10
22;22;19;14;255;50;28;18;0.2;1010;113;S;170;13
17;16;14;70;256;75;21;15;1.0;1006;266;NW;315;10
17;16;16;59;257;74;22;13;1.1;1011;119;NNW;327;12
17;16;26;22;258;57;22;14;0.0;1013;113;NW;320;18
18;17;9;41;259;60;23;14;0.0;1018;116;SW;229;5
18;18;7;10;260;61;25;15;0.0;1017;113;SSE;162;5
20;20;9;36;261;62;26;17;0.0;1015;119;S;171;6
19;19;18;48;262;71;26;17;4.8;1011;356;SW;223;12
12;11;20;57;263;71;16;10;14.5;1019;293;NNW;347;14
13;13;11;7;264;54;19;9;0.0;1022;113;W;275;7
14;14;17;31;265;52;20;9;0.0;1017;116;SSW;209;10
18;17;10;29;266;60;22;14;0.1;1019;116;W;262;6
19;19;20;29;267;67;25;14;0.0;1008;116;SSE;169;12
19;19;20;14;268;64;25;15;1.8;1008;113;W;275;14
21;20;27;3;269;60;26;16;0.0;1010;113;SSW;194;17
23;22;26;11;270;55;28;18;0.0;1012;113;SW;218;16
19;19;15;30;271;55;22;15;0.2;1019;116;NW;313;11
21;21;15;49;272;54;25;16;0.2;1018;116;SSE;151;10
21;20;14;14;273;69;24;16;0.4;1018;113;NW;326;9
20;20;9;20;274;61;25;16;0.0;1017;113;ESE;122;6
20;20;11;45;275;84;23;18;11.9;1015;353;ENE;69;7
17;16;19;5;276;68;20;12;0.0;1017;113;WNW;294;13
18;17;10;15;277;59;22;14;0.0;1017;116;S;171;6
16;15;17;11;278;62;20;11;0.0;1020;113;W;272;10
18;17;15;5;279;58;23;13;0.0;1019;113;S;181;9
17;16;17;32;280;76;22;15;2.3;1013;353;WSW;253;11
10;8;23;10;281;67;15;7;0.0;1020;113;NW;313;16
11;11;15;33;282;56;16;8;0.0;1014;116;SSW;209;10
11;10;15;14;283;60;16;7;0.0;1014;116;NW;310;9
11;10;11;11;284;55;16;8;0.0;1015;113;WNW;297;7
12;11;13;36;285;48;16;9;0.0;1015;116;ESE;109;9
12;12;11;43;286;63;17;9;0.0;1015;116;WSW;258;6
12;12;10;83;287;80;15;10;5.3;1010;122;SE;124;7
15;14;15;52;288;86;20;12;1.9;1009;119;SE;136;10
14;13;16;76;289;93;16;13;7.8;1010;302;ESE;110;12
12;11;15;12;290;81;17;7;0.1;1021;113;S;180;10
12;12;18;8;291;69;17;8;0.0;1023;113;ESE;112;11
13;13;13;10;292;64;19;9;0.0;1022;113;ESE;110;8
15;15;10;16;293;74;21;11;0.0;1020;113;ESE;121;6
16;16;12;2;294;72;21;11;0.0;1021;113;SE;140;7
17;16;4;0;295;72;23;11;0.0;1022;113;ENE;59;2
14;14;8;5;296;68;20;10;0.0;1022;113;WSW;244;4
12;12;6;4;297;77;18;8;0.0;1019;113;SSW;196;3
11;10;12;6;298;73;15;7;0.0;1013;113;WSW;250;8
9;8;14;39;299;77;12;7;0.4;1010;116;SW;235;9
11;10;23;63;300;84;14;9;11.0;994;353;SSE;164;16
6;2;20;87;301;79;6;3;2.9;1002;296;SW;221;17
2;-1;15;95;302;96;4;1;10.2;1010;332;NW;317;11
2;-1;18;38;303;84;5;-1;0.1;1012;116;W;262;13
2;-1;21;11;304;82;6;0;0.0;1013;113;ESE;114;12
6;2;27;72;305;86;8;2;17.7;1002;302;ESE;105;17
9;8;13;55;306;91;13;8;3.1;1006;296;WSW;258;9
10;8;21;19;307;83;14;6;0.0;1013;116;S;187;12
12;10;27;42;308;79;17;8;0.0;1010;116;S;182;15
11;8;31;67;309;82;13;9;5.2;1002;302;W;276;21
7;4;26;34;310;78;11;5;0.0;1015;116;WNW;295;16
6;3;28;35;311;74;10;3;0.1;1024;119;W;274;19
8;5;19;23;312;76;12;4;0.0;1024;113;WSW;236;12
8;6;15;41;313;80;11;6;0.8;1019;176;NW;314;10
7;4;23;13;314;84;10;3;0.0;1020;113;SE;128;14
7;5;23;21;315;76;11;5;0.0;1018;116;SE;128;14
10;10;8;77;316;82;13;7;2.4;1023;266;ENE;67;5
9;8;12;60;317;88;12;8;2.6;1030;263;WSW;239;8
7;5;12;16;318;76;9;5;0.0;1032;113;NE;54;8
5;5;6;12;319;88;10;1;0.0;1028;113;ESE;112;4
6;5;10;5;320;84;9;4;0.0;1025;113;ESE;102;5
5;3;15;31;321;80;9;2;0.0;1021;116;ESE;112;9
6;4;13;64;322;85;8;4;0.2;1018;122;ESE;108;9
8;7;10;40;323;81;10;5;0.0;1020;116;ENE;63;7
7;6;11;11;324;86;11;4;0.0;1022;113;ENE;64;6
6;5;10;39;325;82;10;2;0.0;1023;116;E;99;5
7;7;7;54;326;85;11;6;0.7;1025;119;SE;129;4
7;7;7;98;327;91;8;6;2.7;1025;296;SE;132;5
6;6;6;57;328;92;10;3;0.0;1025;119;S;187;4
8;6;11;40;329;91;10;5;0.0;1023;116;SE;140;8
6;4;15;64;330;90;8;4;0.2;1018;122;ESE;119;9
8;5;26;21;331;82;12;5;0.0;1011;116;S;172;15
7;5;21;46;332;86;8;5;0.1;1005;116;E;100;12
10;7;26;57;333;83;14;9;9.9;994;176;S;185;17
4;1;19;59;334;78;5;3;2.2;1003;296;NW;313;14
2;-1;14;30;335;78;5;-1;0.0;1014;113;NNW;330;8
2;-1;15;91;336;91;3;0;9.4;1012;317;NNE;30;10
-1;-7;34;42;337;89;1;-4;2.0;1010;116;NW;314;21
0;-4;18;52;338;78;3;-2;2.4;1007;317;SSE;169;13
-1;-4;16;70;339;94;1;-3;3.1;1003;248;NW;309;10
0;-3;19;37;340;84;3;-2;0.0;1011;116;NW;309;11
-5;-9;19;24;341;88;-1;-7;0.0;1016;116;W;276;11
-5;-11;32;69;342;81;-4;-6;0.7;1015;326;NE;44;21
-6;-12;31;24;343;80;-3;-7;0.0;1016;116;NW;318;19
-4;-8;14;71;344;86;-2;-5;0.4;1012;122;SSW;208;9
-4;-7;14;71;345;89;-1;-6;0.2;1014;143;NW;306;8
-6;-12;32;50;346;90;-3;-7;0.0;1019;116;NW;308;20
-6;-11;19;23;347;89;-3;-9;0.0;1025;116;S;186;12
-4;-9;22;81;348;87;-3;-5;0.9;1022;326;ESE;110;15
-1;-5;24;86;349;96;1;-3;22.0;1014;311;SE;142;16
2;0;10;90;350;98;3;1;4.9;1015;248;SSW;194;6
1;-1;12;96;351;97;1;0;1.5;1014;266;E;93;8
1;-1;13;86;352;97;2;0;10.1;1014;296;SW;233;8
0;-2;15;85;353;95;2;-2;1.8;1020;266;NNW;342;8
1;0;4;46;354;88;3;-1;0.2;1022;116;SE;136;3
1;0;6;7;355;70;4;-1;0.0;1018;113;E;82;5
-1;-3;7;18;356;59;2;-4;0.0;1022;113;WSW;255;5
-2;-6;15;74;357;73;-1;-4;5.4;1021;332;SE;136;11
0;-3;16;59;358;95;2;-1;1.3;1020;248;S;187;9
2;-1;27;65;359;95;4;1;0.1;1015;248;SSE;158;13
3;1;16;76;360;96;5;2;4.2;1016;263;NW;320;9
3;-1;22;31;361;93;4;1;0.1;1017;248;SSW;198;12
3;-1;21;65;362;92;5;2;2.1;1020;266;NNW;336;13
1;-1;10;5;363;73;4;-1;0.0;1031;113;ESE;118;8
1;0;8;5;364;83;5;-1;0.0;1028;113;E;95;5
1;-1;13;6;365;74;4;-1;0.0;1027;113;W;277;8
