HeatIndexC;WindChillC;WindGustKmph;cloudcover;day;humidity;maxtemp;mintemp;precipMM;pressure;weatherCode;winddir16Point;winddirDegree;windspeed
31;30;22;5;244;31;36;27;0.0;1011;113;SW;215;14
27;26;31;18;245;54;32;23;0.2;1011;113;NW;305;22
27;26;10;18;246;59;32;22;1.2;1012;116;WSW;238;6
23;23;22;21;247;56;28;20;0.9;1013;113;NW;307;15
18;18;21;79;248;68;20;18;5.3;1011;353;SE;139;14
16;15;40;34;249;58;21;13;1.1;1016;113;WNW;300;28
15;14;38;23;250;56;19;13;0.0;1020;116;WNW;303;27
16;15;24;10;251;57;21;13;0.0;1021;113;NW;317;17
18;17;16;11;252;45;22;14;0.0;1021;113;ENE;72;10
19;17;26;32;253;57;22;15;0.0;1020;116;E;98;18
15;15;9;87;254;83;17;14;0.4;1021;266;E;80;6
20;20;9;31;255;69;26;17;0.0;1022;119;SSW;200;5
22;21;21;4;256;57;26;19;0.0;1019;113;SE;133;14
23;23;32;24;257;53;30;18;0.2;1013;116;SSE;164;21
26;25;19;33;258;55;31;22;2.9;1012;116;SSW;204;13
28;27;33;14;259;51;32;22;0.0;1010;116;SSW;192;22
30;29;40;4;260;46;34;24;0.0;1008;113;SW;223;27
28;27;19;3;261;47;34;23;0.5;1014;113;WSW;255;12
24;24;28;24;262;61;29;20;0.9;1015;353;NW;316;18
20;19;32;59;263;73;23;17;9.9;1013;266;NNW;343;22
17;16;25;3;264;53;22;14;0.0;1016;113;NNW;335;17
19;18;17;13;265;47;24;15;0.0;1012;113;ESE;118;11
22;21;21;12;266;54;28;17;0.0;1009;113;SSW;199;13
22;21;24;38;267;64;28;15;4.3;1012;353;SE;141;15
17;17;17;98;268;89;20;16;36.7;1013;308;NNW;348;12
16;16;13;95;269;87;17;16;3.5;1017;296;NNE;12;10
15;15;17;53;270;71;20;14;0.0;1023;119;SW;231;10
14;13;35;22;271;54;18;12;0.0;1027;116;NE;38;24
14;12;41;53;272;60;18;12;0.0;1028;122;NE;49;29
12;10;38;4;273;58;17;10;0.0;1030;113;ENE;58;26
13;12;17;1;274;60;20;9;0.0;1030;113;ENE;74;11
17;16;14;2;275;58;22;12;0.0;1028;113;ESE;112;9
18;17;20;11;276;57;22;14;0.0;1023;116;SSE;158;13
19;18;23;19;277;59;24;16;0.0;1019;113;SSW;208;15
19;18;13;46;278;74;22;16;1.7;1016;353;NW;314;9
19;18;12;19;279;73;23;16;0.0;1013;116;ESE;119;8
18;17;18;36;280;71;22;15;0.4;1012;119;E;82;12
14;14;14;87;281;64;18;13;0.2;1018;122;SE;132;10
15;15;10;95;282;75;18;13;0.9;1020;122;SSW;212;8
13;12;23;78;283;67;16;11;0.2;1017;119;ENE;78;17
9;5;43;92;284;75;11;8;14.6;1010;296;NE;46;29
9;7;13;91;285;79;11;8;7.4;1015;122;NNW;327;10
8;7;13;69;286;69;12;6;0.1;1020;122;SE;128;9
11;8;32;81;287;84;13;9;7.7;1016;263;ESE;117;22
13;11;30;89;288;86;15;12;18.5;1015;296;ESE;119;22
13;12;27;94;289;85;17;12;1.4;1016;266;SE;137;18
13;13;12;68;290;86;17;13;3.1;1018;302;SW;220;9
12;12;10;56;291;77;16;10;0.0;1019;122;SSE;168;6
12;10;18;100;292;86;14;11;12.1;1017;296;ENE;66;13
9;6;30;61;293;81;12;7;6.8;1014;266;NW;325;21
8;6;22;17;294;79;13;5;0.0;1018;113;NW;319;14
10;9;12;14;295;77;14;7;0.0;1017;113;NNE;22;7
10;8;21;23;296;76;15;7;0.0;1021;116;NW;325;13
12;11;9;6;297;76;15;10;0.0;1024;116;SSW;208;7
10;9;17;33;298;75;15;7;0.0;1023;119;WSW;251;10
11;10;15;6;299;77;15;9;0.0;1025;113;ESE;103;9
10;8;20;7;300;68;14;7;0.0;1024;113;E;95;13
10;7;27;4;301;72;15;7;0.0;1021;113;ESE;121;16
10;8;21;54;302;59;14;7;0.0;1020;119;ESE;118;12
11;11;11;30;303;55;15;8;0.0;1028;116;WNW;301;6
12;12;9;2;304;71;17;8;0.0;1036;113;SE;133;6
11;11;7;3;305;64;16;8;0.0;1040;113;W;262;4
7;7;7;20;306;59;13;3;0.0;1035;116;SSW;196;4
7;6;14;21;307;56;13;5;0.0;1028;113;SE;140;8
7;6;9;19;308;48;13;4;0.0;1023;113;SSW;199;5
10;9;13;2;309;61;15;7;0.0;1022;113;NW;324;8
10;9;5;5;310;67;15;8;0.0;1025;113;NE;40;3
11;10;15;35;311;66;15;6;0.0;1027;119;W;279;9
12;11;20;35;312;84;18;8;0.0;1028;116;WNW;294;12
14;13;23;29;313;78;18;10;0.0;1024;119;WNW;283;13
15;13;41;56;314;70;18;14;0.0;1022;119;WNW;298;27
14;13;34;25;315;80;19;12;0.0;1023;116;NW;310;21
13;12;25;11;316;75;18;12;0.0;1026;113;WNW;295;15
10;9;14;20;317;78;14;8;0.0;1028;116;SE;136;9
10;7;33;22;318;62;12;8;0.0;1027;119;NW;314;22
8;5;41;81;319;67;10;9;3.2;1018;296;SW;229;25
13;12;39;43;320;72;16;13;0.2;1016;176;NW;307;26
12;11;15;41;321;68;17;10;0.0;1018;119;SSW;211;8
14;12;35;34;322;64;19;13;0.3;1018;113;WNW;284;21
12;11;27;26;323;71;17;10;0.0;1020;116;WSW;258;15
12;10;40;69;324;73;15;11;2.2;1009;293;W;271;26
9;7;28;90;325;82;9;8;8.2;993;296;SW;222;21
5;1;25;82;326;78;6;3;6.6;1000;296;NW;320;17
3;0;21;36;327;70;6;1;0.0;1021;119;NW;321;13
3;1;10;24;328;70;6;1;0.0;1025;116;SSE;148;7
2;1;8;12;329;63;5;0;0.0;1014;113;ESE;106;6
1;-2;23;8;330;58;5;0;0.0;1010;113;NNW;330;13
3;-1;18;74;331;75;5;1;0.1;1015;176;NNE;12;12
2;-3;31;79;332;79;3;1;6.2;1011;296;NW;306;19
2;-3;39;41;333;82;5;1;0.5;1021;116;W;267;21
7;4;39;82;334;73;10;6;2.1;1020;176;WNW;284;24
9;5;44;81;335;72;11;9;2.7;1020;266;WNW;296;29
8;5;23;54;336;82;11;6;0.3;1029;176;WNW;299;15
7;6;13;12;337;89;13;5;0.0;1032;113;WSW;253;8
5;3;13;49;338;91;9;3;0.0;1033;119;ESE;121;8
6;4;10;17;339;89;9;3;0.0;1035;116;W;280;6
5;3;14;11;340;89;10;2;0.0;1034;116;SSE;168;8
6;4;9;2;341;83;9;4;0.0;1036;113;NW;318;6
3;2;8;17;342;89;7;1;0.0;1037;113;ESE;108;4
3;2;7;64;343;90;6;2;0.0;1034;119;WSW;252;5
4;3;11;65;344;88;7;3;1.2;1036;176;WSW;236;7
4;2;15;9;345;87;7;4;0.0;1032;113;SW;223;9
4;1;22;43;346;81;8;2;0.0;1027;119;W;267;13
4;2;20;28;347;71;7;3;0.0;1023;113;SW;225;12
3;1;14;32;348;80;6;1;0.0;1027;116;E;90;9
3;1;8;71;349;82;5;1;0.0;1029;122;S;174;5
4;3;6;22;350;82;8;0;0.0;1033;116;E;91;4
2;0;12;35;351;81;4;1;0.5;1033;116;S;183;9
1;-1;10;84;352;82;5;1;0.1;1029;122;SSW;212;6
3;2;5;75;353;84;5;1;0.6;1030;122;E;99;3
3;1;12;51;354;94;5;1;0.0;1032;143;SE;130;8
5;3;14;63;355;91;7;3;0.0;1030;119;S;180;9
6;4;18;12;356;84;10;4;0.0;1032;116;SW;233;9
7;5;13;10;357;87;10;5;0.0;1031;113;S;173;7
5;3;10;7;358;88;8;3;0.0;1032;113;E;86;6
5;4;8;28;359;88;9;2;0.0;1034;113;WNW;284;5
6;4;16;18;360;81;11;4;0.0;1034;116;SW;223;8
6;5;10;12;361;77;12;4;0.0;1032;113;W;272;5
6;3;18;7;362;70;11;4;0.0;1031;113;WNW;304;10
4;1;15;16;363;78;8;4;0.0;1032;113;NE;39;10
0;-4;23;0;364;49;2;-2;0.0;1037;113;ENE;71;17
-2;-6;15;18;365;50;2;-4;0.0;1035;119;E;100;12
