HeatIndexC;WindChillC;WindGustKmph;cloudcover;day;humidity;maxtemp;mintemp;precipMM;pressure;weatherCode;winddir16Point;winddirDegree;windspeed
21;21;15;60;244;71;29;18;0.3;1010;122;S;170;10
20;19;20;87;245;76;25;17;0.1;1011;122;NNW;329;13
22;21;26;36;246;68;28;20;5.0;1013;353;NE;55;16
23;23;27;25;247;57;29;20;0.0;1015;116;ENE;74;18
22;22;18;31;248;61;28;19;0.0;1015;116;ESE;109;13
22;21;7;67;249;73;28;19;2.2;1014;353;SSE;149;4
22;22;11;41;250;63;29;20;0.8;1014;116;W;277;7
22;22;12;14;251;59;29;20;0.0;1015;113;WNW;282;7
23;22;11;8;252;60;29;21;0.0;1015;113;WSW;247;7
20;20;10;59;253;76;25;19;1.2;1013;266;SW;233;6
17;17;10;77;254;94;21;16;18.4;1012;302;SE;128;7
17;17;17;91;255;93;20;16;14.0;1014;302;ESE;109;11
20;19;16;51;256;83;24;18;7.9;1015;353;ESE;117;11
18;18;15;82;257;93;21;17;15.4;1016;353;E;84;11
17;17;12;72;258;90;20;19;10.6;1016;353;E;93;9
19;18;8;35;259;79;24;18;1.6;1018;176;SE;135;5
19;19;6;12;260;76;26;17;0.3;1019;113;E;101;4
19;19;12;3;261;66;25;19;0.0;1020;113;SE;141;8
16;16;14;37;262;72;21;15;0.0;1020;116;SE;135;9
21;20;8;49;263;81;26;18;0.1;1015;119;S;171;5
21;20;16;20;264;74;25;19;0.0;1012;116;WNW;290;10
16;15;27;46;265;73;19;17;4.1;1010;116;NW;310;19
12;10;28;14;266;69;17;10;0.0;1015;113;NW;314;21
14;13;12;9;267;63;19;12;0.0;1020;113;SSE;158;8
13;13;15;25;268;68;19;11;0.0;1017;116;WNW;290;9
13;12;22;19;269;77;18;11;0.0;1020;116;NW;315;15
15;14;11;27;270;81;20;12;0.0;1025;116;NW;317;7
20;18;7;1;271;73;25;16;0.0;1029;113;SSW;200;5
19;17;11;10;272;64;24;15;0.0;1028;116;S;178;7
19;18;5;10;273;73;25;14;0.0;1025;113;SSW;210;3
19;18;9;64;274;72;23;17;0.0;1024;122;E;82;6
19;18;9;63;275;78;23;16;2.2;1025;176;WSW;245;5
16;15;10;52;276;81;20;14;1.1;1024;266;NE;53;6
15;15;10;61;277;77;20;14;1.7;1022;266;SE;130;6
16;15;9;52;278;81;20;13;2.2;1020;263;ESE;119;6
15;14;15;16;279;68;19;11;0.0;1020;116;ESE;122;10
14;13;19;39;280;69;19;12;0.0;1020;119;SE;135;13
13;12;18;45;281;86;17;12;0.2;1020;176;ESE;118;12
17;16;18;24;282;80;22;13;0.0;1019;116;SE;137;12
18;18;17;26;283;76;25;14;0.0;1017;116;SSE;166;10
20;19;15;9;284;72;25;15;0.0;1016;113;SE;144;9
20;19;6;15;285;75;25;15;0.0;1016;113;SSW;201;3
20;20;17;35;286;71;25;16;0.0;1013;119;S;172;11
20;19;17;24;287;73;25;17;0.0;1010;116;WSW;258;10
16;16;10;58;288;87;18;14;11.0;1009;353;SE;128;6
17;17;14;42;289;77;22;15;0.0;1010;116;WNW;298;10
15;15;16;66;290;85;19;16;1.6;1013;296;NW;321;10
15;14;15;11;291;82;21;11;0.0;1025;113;NW;325;9
15;15;15;4;292;78;20;13;0.0;1026;113;S;176;10
17;16;16;17;293;77;22;12;0.0;1019;113;W;278;10
15;15;13;45;294;83;18;13;6.0;1012;299;W;274;9
9;5;35;74;295;88;9;8;47.3;1004;302;NW;312;26
9;6;24;61;296;87;12;7;1.5;1007;296;NNW;348;16
8;6;21;82;297;84;10;7;7.8;1017;302;ENE;60;15
8;7;8;11;298;82;14;4;0.0;1025;113;E;82;5
8;7;9;31;299;84;13;5;0.0;1030;116;E;91;5
9;9;5;2;300;64;15;6;0.0;1031;113;WSW;246;3
8;8;7;4;301;60;15;4;0.0;1027;113;ESE;119;4
6;6;8;30;302;65;12;3;0.0;1023;116;SSE;163;4
7;6;8;9;303;73;12;3;0.0;1025;113;WNW;297;5
8;7;11;7;304;76;13;5;0.0;1027;113;NW;305;6
7;8;5;12;305;80;13;4;0.0;1026;113;SSW;192;3
7;6;10;13;306;79;12;4;0.0;1025;113;SSE;153;6
7;6;16;3;307;77;13;4;0.0;1020;113;SE;134;10
8;6;30;13;308;76;15;5;0.0;1013;116;S;174;17
10;8;26;12;309;76;16;7;0.0;1012;113;SSE;147;15
13;11;21;27;310;79;17;10;0.6;1014;116;SE;135;13
13;12;17;45;311;85;17;10;0.3;1013;116;ESE;105;10
13;13;10;47;312;89;17;12;0.9;1014;116;NW;322;6
13;13;13;38;313;83;17;12;0.0;1015;116;SE;135;8
12;11;17;20;314;88;17;9;0.0;1017;113;SE;138;10
11;10;17;27;315;87;15;9;0.0;1017;116;ESE;115;10
10;8;21;34;316;80;13;8;0.2;1012;116;ESE;118;13
10;9;12;41;317;78;15;7;0.0;1013;116;E;90;6
10;10;9;33;318;84;16;7;0.0;1016;116;ESE;104;5
9;7;22;23;319;84;13;7;0.0;1014;116;SE;133;13
8;5;18;64;320;86;10;7;1.3;1011;293;ESE;114;13
8;6;13;89;321;89;10;7;0.3;1011;200;ESE;115;9
8;6;20;77;322;95;10;7;6.5;1011;302;ESE;120;14
8;6;14;88;323;92;10;7;4.4;1016;389;SW;234;10
6;3;19;29;324;89;9;4;0.0;1024;116;NW;308;12
5;4;7;15;325;89;9;3;0.0;1026;113;NNW;332;4
4;3;7;8;326;88;8;1;0.0;1028;113;SSE;159;4
4;3;9;25;327;82;8;2;0.0;1030;116;SE;130;5
3;1;11;13;328;82;7;2;0.0;1029;113;E;100;7
4;3;8;49;329;81;7;5;0.6;1028;116;SE;137;5
2;0;10;48;330;89;5;0;0.0;1025;119;ESE;105;5
1;-2;14;28;331;74;5;0;0.0;1021;116;ESE;108;10
1;-2;15;99;332;81;2;1;2.1;1020;266;E;85;11
2;-2;17;99;333;87;2;2;6.2;1020;296;ENE;64;13
2;-1;14;99;334;73;3;1;0.6;1020;176;E;81;11
1;-4;27;100;335;86;2;0;19.3;1015;302;ENE;73;20
1;-3;19;100;336;95;2;1;5.6;1015;296;ENE;65;14
4;1;15;55;337;88;6;3;0.7;1021;176;ENE;75;11
3;1;16;34;338;83;7;1;0.0;1022;116;E;81;9
3;1;14;46;339;86;7;1;0.4;1020;116;E;82;8
6;5;11;76;340;89;8;5;0.8;1019;176;NNE;23;7
5;4;9;99;341;92;7;5;6.7;1017;296;NE;35;6
4;1;13;89;342;97;5;3;6.2;1017;296;NW;313;10
2;-2;22;65;343;91;4;1;1.9;1021;263;N;355;14
2;-1;17;42;344;79;4;1;0.0;1024;119;NW;311;12
1;-2;14;26;345;67;5;1;0.0;1022;116;W;278;9
2;-1;26;22;346;75;6;2;0.5;1020;113;SSW;196;14
3;0;22;32;347;76;7;1;0.1;1019;116;SSE;168;12
5;3;12;84;348;84;7;4;0.4;1021;266;SE;145;7
6;4;13;57;349;82;8;4;0.0;1021;116;SE;135;8
5;3;12;43;350;79;7;4;0.3;1016;176;ESE;102;8
5;2;15;54;351;87;7;4;2.0;1014;266;WNW;304;10
5;2;20;49;352;83;8;3;0.3;1018;116;W;269;11
7;4;26;45;353;83;11;6;2.9;1020;116;W;264;14
7;3;33;48;354;74;9;5;3.0;1020;266;NW;304;22
4;-1;38;37;355;81;6;2;0.5;1026;119;WNW;299;24
5;1;33;50;356;72;8;3;0.6;1024;263;WSW;248;20
6;3;36;25;357;69;10;6;0.0;1022;116;W;264;19
6;4;19;0;358;80;10;5;0.0;1021;113;WSW;244;11
5;2;28;56;359;78;9;4;0.3;1022;266;W;272;17
2;-3;31;51;360;75;4;2;0.1;1022;119;WNW;301;21
-1;-4;14;25;361;61;2;-2;0.3;1016;116;SW;215;10
-1;-7;27;65;362;67;0;-2;1.7;1010;326;NE;39;21
-4;-11;28;20;363;72;-3;-6;0.0;1022;116;NW;320;20
-8;-13;18;10;364;87;-5;-10;0.0;1032;116;NNW;338;10
-7;-11;10;16;365;67;-3;-9;0.0;1036;113;SE;136;6
