HeatIndexC;WindChillC;WindGustKmph;cloudcover;day;humidity;maxtemp;mintemp;precipMM;pressure;weatherCode;winddir16Point;winddirDegree;windspeed
21;21;13;2;244;42;29;18;0.0;1020;113;SSE;157;8
22;23;9;6;245;41;31;20;0.0;1015;113;SW;216;5
25;24;18;20;246;43;31;21;0.1;1010;113;S;189;12
23;23;14;37;247;60;29;20;2.2;1009;116;W;263;10
16;15;24;18;248;67;22;13;4.9;1017;176;NW;308;16
17;16;21;17;249;55;22;14;0.0;1022;116;NNW;333;14
18;17;13;22;250;56;23;14;0.0;1024;116;NNE;17;8
18;18;18;13;251;54;24;15;0.0;1024;113;NE;48;12
20;20;16;19;252;51;27;16;0.0;1023;113;ENE;74;10
21;21;14;22;253;46;29;18;0.0;1021;116;NE;36;8
21;21;17;46;254;48;27;18;0.2;1019;119;NNE;17;10
22;22;15;20;255;47;30;18;0.0;1016;113;SE;142;9
20;19;15;20;256;59;26;16;0.6;1014;116;WNW;293;10
19;19;16;39;257;61;25;15;2.1;1015;386;ESE;109;10
21;20;16;24;258;60;27;17;1.2;1017;116;ESE;120;10
22;21;16;18;259;53;27;18;0.0;1015;113;SE;144;10
18;18;13;50;260;73;20;17;5.2;1013;293;ENE;66;9
21;20;12;43;261;64;27;17;0.0;1017;116;NNE;23;7
19;19;11;25;262;49;26;16;0.0;1019;116;NE;55;8
19;18;10;11;263;56;27;15;0.0;1020;113;ESE;105;6
19;19;4;13;264;57;27;17;0.0;1022;113;SE;130;3
20;20;9;11;265;54;28;18;0.0;1024;113;SW;223;5
20;20;12;11;266;51;27;19;0.0;1024;113;WSW;250;7
20;20;12;9;267;55;27;18;0.0;1020;113;WSW;257;7
19;19;15;25;268;60;25;16;0.0;1021;116;SE;139;9
18;18;12;2;269;53;26;14;0.0;1026;113;NNE;21;8
18;18;8;6;270;58;28;15;0.0;1026;113;ESE;113;5
18;18;12;23;271;55;25;15;0.0;1021;113;WSW;259;7
19;19;25;28;272;54;23;17;0.0;1015;116;WNW;295;17
16;16;21;32;273;68;20;15;0.0;1016;119;WNW;301;14
18;17;13;33;274;66;23;14;0.6;1012;200;SW;231;9
15;14;19;8;275;58;19;13;0.0;1014;113;NW;304;13
14;14;13;4;276;54;20;10;0.0;1017;113;NW;313;8
15;14;19;3;277;47;21;10;0.0;1015;113;SW;226;12
16;16;14;8;278;54;22;13;0.0;1019;113;W;272;9
20;19;16;22;279;56;26;16;0.2;1018;116;SW;226;10
21;21;16;20;280;62;27;18;0.0;1018;113;SW;229;10
21;21;17;8;281;65;27;17;0.0;1015;113;SSW;206;10
19;19;17;56;282;73;23;18;2.2;1017;119;NNW;341;11
14;14;13;46;283;76;19;11;8.3;1016;389;E;88;8
13;12;18;51;284;86;16;13;24.1;1012;302;WNW;292;11
11;9;19;74;285;85;13;10;23.1;1006;302;S;181;13
6;2;49;66;286;76;8;5;13.1;1008;266;NNW;327;33
4;-1;45;82;287;75;6;4;4.8;1012;317;WNW;303;31
3;-2;37;100;288;84;4;3;6.4;1016;332;W;280;25
5;2;17;79;289;77;7;4;1.0;1018;263;W;274;13
6;5;10;78;290;72;10;4;1.0;1016;266;WSW;244;7
6;5;9;40;291;73;9;3;0.0;1018;119;NNW;338;6
5;3;17;42;292;77;10;3;2.9;1018;263;NNE;17;10
6;5;8;73;293;83;8;6;4.0;1016;122;SW;233;5
7;4;20;65;294;82;9;3;0.3;1016;119;SSE;147;12
13;12;24;38;295;77;17;9;0.6;1010;113;SSE;155;15
15;15;11;88;296;92;18;14;4.9;1009;122;SE;137;8
14;13;18;82;297;90;16;13;11.1;1013;266;SW;228;13
12;12;10;27;298;86;18;10;0.8;1018;113;W;273;6
13;13;7;55;299;82;18;11;0.7;1019;122;SE;141;4
12;10;26;27;300;77;16;11;1.3;1020;113;NW;314;17
10;8;24;34;301;78;14;8;0.0;1020;116;WNW;302;15
8;7;9;55;302;86;11;6;0.9;1020;263;NW;305;6
8;6;13;9;303;72;12;4;0.4;1028;113;NNE;27;10
5;3;12;14;304;77;11;1;0.0;1030;113;NW;308;7
3;2;10;7;305;75;8;1;0.0;1026;113;SE;140;6
3;-1;23;10;306;74;7;-1;0.0;1015;113;SE;124;15
2;-1;20;54;307;62;6;1;0.0;1005;122;E;87;14
2;0;14;39;308;68;6;0;1.6;1003;113;SSE;155;10
4;1;16;61;309;80;7;2;2.5;1006;113;ESE;124;11
5;3;17;66;310;86;8;3;4.3;1006;113;ESE;120;11
7;6;12;71;311;92;11;7;3.2;1007;266;SSW;211;8
8;6;20;85;312;97;9;6;12.2;1004;302;NE;53;12
11;11;10;37;313;90;15;10;4.7;1007;113;SSW;205;7
7;5;23;89;314;95;8;7;28.0;1004;389;SW;232;13
6;2;35;100;315;91;7;5;29.0;1002;296;NW;311;24
6;3;28;49;316;87;9;5;1.8;1011;119;WNW;298;19
7;5;15;37;317;85;11;6;0.0;1019;116;WSW;241;9
8;6;18;54;318;88;12;4;0.3;1021;116;SSE;153;10
10;8;22;45;319;86;13;9;2.5;1017;116;NW;304;13
8;7;12;85;320;95;9;7;3.0;1017;296;ESE;120;6
9;8;16;81;321;96;12;7;0.2;1018;143;S;171;9
10;9;19;57;322;95;12;9;9.7;1022;299;WNW;285;11
11;9;24;13;323;87;14;8;0.0;1026;113;W;279;13
10;9;12;2;324;88;16;7;0.0;1028;113;SSW;206;6
6;6;8;11;325;88;12;4;0.0;1029;113;SE;136;4
4;3;10;11;326;86;9;2;0.0;1022;116;SE;143;6
4;2;16;23;327;89;6;1;0.2;1019;119;WSW;238;8
7;5;25;54;328;88;12;5;1.5;1017;263;WSW;239;13
10;8;26;30;329;84;15;8;2.3;1018;116;WSW;242;14
8;6;18;22;330;88;11;6;0.0;1017;116;W;274;10
8;7;19;64;331;86;11;7;3.2;1015;266;S;174;11
7;6;13;54;332;89;9;6;6.8;1014;293;NNW;327;8
6;2;30;16;333;85;9;3;0.0;1016;113;S;176;17
9;6;36;30;334;86;12;6;0.0;1009;113;SE;139;20
11;9;32;95;335;83;14;11;3.2;1005;293;SE;135;19
6;3;19;25;336;84;7;5;0.7;1015;116;NW;325;13
4;3;9;50;337;82;8;2;0.2;1014;119;NNW;337;5
4;3;9;24;338;84;8;2;0.0;1010;116;E;101;5
3;1;15;43;339;90;6;2;0.0;1016;119;WNW;287;9
2;0;12;38;340;88;5;0;0.2;1020;116;SSW;211;7
2;1;12;61;341;94;4;1;1.7;1020;293;SSE;164;7
2;-1;19;76;342;96;4;1;17.3;1015;302;ESE;116;11
5;2;21;68;343;95;7;4;6.6;1018;263;NNW;335;15
4;2;12;62;344;94;6;3;0.5;1023;263;W;263;7
3;0;14;92;345;93;4;2;3.3;1017;266;ENE;63;9
1;-3;24;53;346;78;3;0;0.0;1018;116;NE;44;15
-1;-4;12;60;347;69;1;-2;0.0;1020;119;NE;46;9
-3;-6;10;59;348;85;-1;-4;0.4;1022;119;E;89;7
-3;-8;25;23;349;82;-1;-4;0.2;1015;113;NE;39;17
-4;-8;15;98;350;91;-3;-4;4.3;1009;332;SE;130;10
-6;-11;21;63;351;87;-4;-7;0.5;1006;119;WNW;295;14
-7;-10;10;48;352;92;-4;-8;0.1;1007;119;WNW;304;6
-9;-14;22;73;353;94;-7;-10;8.9;1004;332;ENE;75;14
-9;-16;31;66;354;87;-7;-11;3.7;1007;122;WNW;304;20
-9;-16;24;47;355;96;-7;-12;0.2;1016;143;SSE;164;14
0;-5;36;89;356;99;1;0;2.9;1008;266;SSE;167;20
4;0;41;84;357;98;7;3;24.3;1001;389;SW;218;20
8;5;32;59;358;94;11;6;1.1;1005;176;SSE;162;17
11;8;49;68;359;92;14;12;15.9;997;389;SSW;211;29
4;1;30;24;360;83;6;4;0.0;1012;113;WNW;294;18
2;-1;19;70;361;86;3;1;0.0;1008;122;SE;132;12
2;-3;33;33;362;83;5;0;0.1;1007;116;W;277;19
1;-2;18;32;363;82;5;0;0.4;1011;116;WSW;258;10
3;0;18;97;364;97;5;2;11.6;1003;266;S;171;10
5;3;21;66;365;94;7;4;7.6;997;263;SSW;211;12
