HeatIndexC;WindChillC;WindGustKmph;cloudcover;day;humidity;maxtemp;mintemp;precipMM;pressure;weatherCode;winddir16Point;winddirDegree;windspeed
13;11;36;56;244;81;16;11;8.7;1008;296;NW;306;24
14;13;26;18;245;69;20;12;0.0;1015;116;WNW;302;17
16;15;15;22;246;66;22;13;0.0;1019;116;WNW;283;9
14;14;10;43;247;75;20;13;1.4;1018;263;SW;229;6
13;12;17;42;248;73;19;10;0.4;1019;113;NW;308;11
13;13;8;32;249;70;18;12;0.8;1020;176;W;264;5
13;13;10;40;250;76;20;12;1.5;1017;266;SSE;154;7
15;14;20;56;251;82;21;13;2.3;1012;116;E;92;14
18;17;11;38;252;79;26;15;5.5;1014;116;WNW;287;6
15;15;17;87;253;90;17;14;14.7;1018;302;N;6;11
16;16;12;98;254;94;18;14;7.5;1019;266;NNW;339;8
19;18;7;55;255;82;24;15;0.3;1019;119;NNW;331;4
18;17;10;46;256;77;23;16;0.6;1019;176;NW;317;6
17;16;15;33;257;76;23;14;4.1;1021;176;NW;314;9
18;17;15;41;258;67;24;15;0.0;1016;119;SSW;199;9
17;17;10;45;259;76;22;17;0.5;1013;266;SSE;147;6
14;14;8;84;260;90;15;13;18.7;1013;308;SSE;162;5
14;14;10;66;261;83;18;13;15.1;1016;296;WNW;288;7
12;12;11;60;262;89;17;11;20.2;1016;302;NNW;349;7
15;14;9;8;263;70;22;10;0.0;1021;113;NW;308;5
15;15;8;10;264;70;22;12;0.0;1022;113;SW;223;5
18;18;6;0;265;72;25;15;0.0;1024;113;ENE;71;4
17;16;12;2;266;74;22;13;0.0;1021;113;ESE;124;8
17;16;19;8;267;70;22;13;0.0;1012;116;SE;143;12
17;16;22;37;268;70;22;12;2.0;1003;116;ESE;115;14
14;13;18;98;269;96;16;15;31.8;1001;353;WSW;253;12
12;11;18;47;270;82;17;9;1.8;1010;116;SW;235;12
12;11;19;37;271;78;18;11;0.4;1012;176;WNW;284;12
11;9;24;41;272;80;16;9;0.0;1015;113;WNW;303;16
9;6;22;16;273;74;13;6;0.0;1017;113;NW;307;14
10;9;8;16;274;73;17;7;0.0;1018;116;NE;46;4
9;9;10;24;275;74;15;7;0.0;1022;116;SE;126;6
10;8;16;50;276;81;14;7;5.8;1018;116;E;92;10
10;8;23;59;277;80;14;7;1.2;1018;266;ESE;107;14
10;8;23;99;278;97;11;9;21.9;1015;302;E;91;17
11;10;16;71;279;88;14;10;2.8;1019;119;ENE;66;10
11;11;12;25;280;79;17;8;0.0;1025;116;ENE;74;8
9;8;13;1;281;69;14;7;0.0;1028;113;E;81;9
11;10;8;0;282;65;16;8;0.0;1024;113;NNW;339;5
9;8;9;10;283;71;15;5;0.0;1017;113;SE;129;5
11;10;4;3;284;74;17;7;0.0;1016;113;SW;219;2
12;12;4;0;285;71;19;8;0.0;1016;113;SE;129;3
11;11;9;0;286;74;17;8;0.0;1016;113;ENE;74;6
10;9;12;1;287;76;17;6;0.0;1012;113;SSW;204;7
9;8;10;1;288;76;16;5;0.0;1011;113;NW;321;7
8;7;9;32;289;76;14;5;0.0;1010;116;ENE;66;5
9;7;14;82;290;77;13;6;0.4;1014;122;ENE;59;9
8;7;15;86;291;87;10;6;2.0;1016;296;WSW;243;10
9;6;21;81;292;85;13;7;2.0;1008;122;NNW;328;14
7;4;22;55;293;83;10;5;1.9;1007;296;WNW;294;14
6;2;28;22;294;72;9;4;0.0;1022;113;WNW;296;18
5;3;19;10;295;65;11;2;0.0;1027;113;S;177;11
7;5;14;62;296;73;12;3;0.1;1020;119;SE;143;8
10;9;18;44;297;71;17;6;0.3;1014;116;S;182;11
10;9;13;45;298;85;15;8;0.1;1012;116;NE;56;8
6;3;22;69;299;87;6;5;5.4;1022;296;NNW;332;14
5;3;11;4;300;79;11;1;0.0;1028;113;N;351;6
3;2;8;18;301;70;10;0;0.0;1027;113;WSW;248;4
5;3;11;5;302;60;11;1;0.0;1024;113;S;191;6
5;3;17;0;303;69;10;2;0.0;1019;113;SE;130;11
7;5;18;3;304;80;13;3;0.0;1017;113;SE;131;10
8;6;19;21;305;79;13;4;0.0;1016;116;ESE;122;10
9;8;12;53;306;74;14;6;0.0;1016;122;E;97;6
10;9;13;49;307;74;15;8;0.5;1019;116;WNW;303;7
11;9;20;25;308;86;16;8;0.0;1026;113;SW;227;11
12;11;19;6;309;85;18;9;0.0;1024;113;WSW;255;10
13;12;16;3;310;85;19;9;0.0;1016;113;WSW;247;9
10;9;21;29;311;83;15;8;0.0;1007;116;S;171;12
11;10;22;42;312;85;15;7;2.0;991;353;SSE;152;13
11;9;23;61;313;80;14;7;1.8;987;263;SSE;150;16
9;8;20;81;314;94;11;7;7.0;995;389;SSW;201;11
7;5;20;53;315;85;9;6;0.6;1011;116;WNW;302;12
8;6;26;58;316;86;12;6;0.5;1007;266;SW;228;15
10;9;21;19;317;88;15;7;0.3;1011;113;SSW;199;12
11;9;24;21;318;87;17;7;0.0;1012;113;S;187;13
12;10;21;8;319;83;17;9;0.0;1013;116;S;173;11
11;10;15;32;320;89;16;9;0.0;1012;116;E;86;8
11;10;14;59;321;86;16;9;0.2;1009;116;E;100;8
10;9;15;53;322;90;14;9;0.9;1011;116;S;189;9
9;7;14;64;323;93;12;6;1.6;1017;353;ESE;114;9
7;6;11;47;324;85;10;4;0.0;1019;119;SW;217;6
7;5;17;68;325;92;10;4;0.1;1014;116;E;96;12
8;6;23;93;326;95;10;7;17.7;1001;296;SE;128;14
5;2;24;47;327;84;7;4;0.4;999;116;NNW;327;16
3;-2;32;43;328;84;6;1;0.3;1004;353;W;273;19
2;0;14;41;329;85;7;0;0.0;1009;116;SW;233;8
2;-1;18;45;330;83;5;-1;0.5;1004;113;E;91;13
-1;-5;29;59;331;94;1;-3;10.3;1005;326;W;276;17
0;-5;24;62;332;96;2;-3;9.5;1010;293;ENE;65;16
0;-4;28;68;333;98;2;-1;13.6;999;323;W;263;18
-2;-7;21;39;334;93;0;-4;0.0;1015;119;WSW;244;13
-1;-5;22;69;335;96;1;-3;19.1;1007;314;SSE;166;14
-1;-4;15;81;336;97;1;-2;9.6;1009;320;NNE;12;9
-1;-4;17;78;337;98;1;-1;8.1;1009;314;SSE;151;10
-4;-9;21;29;338;96;0;-6;0.0;1020;260;NNW;337;12
-4;-9;17;27;339;93;-2;-6;0.0;1021;113;S;183;10
1;-4;29;87;340;98;2;0;2.7;1009;296;SSE;166;15
5;2;26;86;341;99;7;4;6.5;1006;299;SW;235;12
9;6;26;77;342;99;11;8;5.7;1006;389;SSW;192;13
4;-1;39;74;343;91;8;1;2.2;1009;263;NW;307;25
-1;-7;37;10;344;75;1;-2;0.0;1019;113;NW;315;25
-2;-7;21;68;345;87;-1;-4;6.3;1018;332;SSW;213;14
-1;-6;35;80;346;98;1;-2;4.7;1006;338;W;268;19
-4;-10;33;47;347;95;-1;-5;0.1;1010;119;NW;314;20
-5;-10;22;74;348;88;-3;-6;0.2;1017;119;NW;312;16
-4;-8;14;83;349;96;-2;-6;1.8;1018;326;NW;312;9
-8;-11;10;64;350;95;-5;-10;0.0;1017;143;NNE;27;6
-9;-13;13;79;351;97;-7;-11;0.2;1007;143;SSE;150;8
-8;-14;19;87;352;96;-6;-9;4.0;1005;332;ESE;115;12
-7;-13;26;32;353;95;-4;-9;0.0;1013;260;SSE;166;14
-3;-7;19;43;354;96;1;-5;0.0;1010;260;SSE;147;10
1;-2;18;89;355;100;2;1;1.2;1013;266;S;170;9
3;-1;28;97;356;100;4;2;2.4;1011;266;S;173;13
5;2;22;87;357;98;8;3;0.2;1007;248;SE;129;11
7;4;24;94;358;98;10;7;4.8;999;266;SE;126;13
3;-1;30;100;359;97;5;1;36.4;1002;317;NW;312;20
-2;-8;30;90;360;84;-1;-3;11.7;1019;326;NW;322;20
-5;-9;15;64;361;90;-3;-6;3.4;1024;326;NW;319;10
-7;-11;16;34;362;94;-4;-9;0.5;1024;260;SSW;204;9
-9;-12;11;30;363;96;-6;-11;0.0;1028;260;W;279;6
-10;-13;10;10;364;94;-7;-12;0.0;1029;143;WNW;285;6
-10;-13;11;42;365;94;-7;-12;0.0;1027;143;SW;229;6
