HeatIndexC;WindChillC;WindGustKmph;cloudcover;day;humidity;maxtemp;mintemp;precipMM;pressure;weatherCode;winddir16Point;winddirDegree;windspeed
21;21;9;6;244;62;28;18;0.0;1017;113;SSE;156;6
22;21;10;5;245;72;29;17;0.0;1021;113;E;99;6
23;23;10;20;246;67;30;20;0.2;1019;113;NE;45;6
22;21;19;11;247;71;27;19;0.0;1018;113;NNE;16;12
21;21;15;17;248;65;28;17;0.8;1016;113;NNE;30;9
17;16;22;18;249;68;22;16;1.8;1017;116;WSW;240;15
15;14;10;11;250;58;22;11;0.0;1022;113;SW;230;6
18;17;7;46;251;56;22;15;0.2;1019;116;SW;222;4
18;17;12;15;252;68;24;15;0.0;1021;116;SE;137;8
18;18;7;3;253;68;26;16;0.0;1021;113;S;170;5
19;19;10;10;254;58;27;17;0.0;1017;113;S;183;6
19;19;14;10;255;57;27;17;0.0;1010;113;S;188;9
18;18;15;19;256;54;26;15;0.0;1007;116;SE;129;10
17;16;18;48;257;65;23;12;0.1;1011;116;NNE;18;12
16;15;18;28;258;67;22;13;0.0;1012;113;NNE;16;12
14;13;17;4;259;68;20;11;0.0;1018;113;NNE;21;11
16;15;9;4;260;64;23;13;0.0;1017;113;SSW;193;6
18;17;10;25;261;66;25;15;0.0;1015;116;SSW;208;7
18;17;17;38;262;71;25;15;8.2;1011;176;SSW;199;12
9;6;24;65;263;91;10;8;22.2;1019;302;N;351;17
9;8;17;5;264;77;15;6;0.0;1022;113;NNE;16;11
10;10;14;31;265;65;17;7;0.1;1017;119;SSW;200;9
12;11;10;17;266;66;17;8;0.0;1019;113;S;175;6
15;14;11;34;267;72;21;10;0.2;1010;116;SSE;162;7
15;15;8;54;268;88;19;14;3.6;1008;353;E;89;5
17;16;21;8;269;73;23;12;0.0;1011;113;S;174;13
19;18;21;14;270;66;25;13;0.7;1013;113;SSW;201;13
18;17;9;24;271;74;22;15;0.6;1018;113;SE;142;5
15;15;6;31;272;68;19;13;0.0;1019;116;SSE;165;4
15;15;17;22;273;74;19;14;0.9;1019;116;NNE;14;11
16;16;10;36;274;67;22;12;0.8;1019;386;SE;136;6
18;18;9;38;275;87;22;15;9.2;1016;356;SE;144;5
15;15;7;49;276;90;17;15;7.4;1016;263;SE;141;5
14;14;8;14;277;84;20;12;0.0;1017;113;S;178;5
13;12;16;13;278;67;17;10;0.0;1019;113;SE;128;9
13;13;18;8;279;66;20;9;0.0;1018;113;S;185;11
13;13;13;48;280;75;18;11;4.4;1013;266;SSW;200;9
8;8;12;31;281;75;12;6;0.1;1018;116;NNW;328;7
8;6;16;15;282;69;13;5;0.0;1013;116;SSW;201;10
8;7;9;22;283;68;13;4;0.0;1013;116;ESE;122;5
8;8;6;29;284;68;13;5;0.0;1015;116;ESE;117;4
7;7;6;8;285;67;13;5;0.0;1016;113;SE;136;4
9;9;7;50;286;68;15;7;0.0;1015;119;NNE;27;5
9;9;7;79;287;89;13;7;2.8;1011;263;SSE;161;4
12;12;13;49;288;88;17;10;0.5;1010;116;S;172;9
12;12;8;63;289;94;16;11;6.5;1011;299;ESE;105;5
10;9;10;42;290;86;13;9;2.4;1021;116;SSE;167;7
9;8;9;6;291;79;15;6;0.0;1025;113;SSE;161;5
10;10;7;4;292;74;17;7;0.0;1023;113;S;170;4
11;11;5;9;293;74;19;7;0.0;1020;113;S;170;3
12;12;7;0;294;76;18;9;0.0;1021;113;SSE;165;4
12;12;8;0;295;76;20;8;0.0;1022;113;NNE;14;4
11;9;19;14;296;81;16;7;0.0;1023;113;N;6;12
9;8;11;40;297;80;14;5;0.0;1019;116;NE;52;6
8;7;11;28;298;78;13;6;0.0;1012;113;S;180;7
6;5;7;67;299;80;8;4;0.7;1010;266;ENE;58;5
8;6;15;87;300;92;9;5;12.4;996;302;SSE;155;10
3;-1;23;74;301;85;3;1;10.4;1003;326;WSW;239;18
0;-3;18;86;302;92;1;-1;9.3;1010;332;SW;234;14
1;-1;9;67;303;91;3;0;0.8;1011;326;SSW;198;5
0;-3;13;39;304;92;4;-2;0.0;1015;116;SSE;155;8
4;2;12;62;305;87;7;0;8.2;1004;296;SE;141;7
7;6;13;91;306;97;10;7;2.4;1006;266;SSW;200;8
7;5;17;66;307;93;10;3;0.1;1013;143;S;178;10
7;5;18;67;308;91;11;4;0.0;1012;119;SSE;168;10
8;7;19;76;309;93;11;6;15.5;1001;302;SW;222;12
5;3;13;14;310;84;9;2;0.0;1013;116;WSW;246;8
3;1;14;33;311;83;7;0;0.0;1021;116;SW;228;9
4;2;14;62;312;91;7;1;0.0;1023;119;S;179;8
5;4;8;64;313;91;9;4;1.3;1019;116;NE;38;5
4;2;14;12;314;90;8;1;0.0;1021;113;SSE;163;8
4;2;18;23;315;88;8;1;0.0;1019;113;SSE;168;10
7;6;10;62;316;81;10;5;0.8;1024;116;E;92;5
7;4;23;42;317;85;9;4;1.9;1030;176;N;2;15
3;0;16;7;318;87;6;0;0.0;1033;113;NNE;17;9
3;3;6;2;319;88;8;1;0.0;1028;113;S;179;3
3;3;6;2;320;88;8;1;0.0;1025;113;S;186;3
3;2;8;10;321;78;7;0;0.0;1021;113;S;170;4
2;1;10;29;322;81;7;0;0.0;1018;116;S;173;5
5;4;8;48;323;85;8;3;0.2;1021;116;NNE;14;4
6;5;8;14;324;88;11;3;0.0;1023;113;ENE;58;4
4;4;5;24;325;87;9;1;0.0;1023;119;SE;136;3
4;3;6;59;326;94;8;2;0.8;1025;263;S;182;3
5;5;4;92;327;95;7;3;1.2;1024;266;SSW;195;3
5;5;6;90;328;94;6;4;0.4;1025;143;S;179;5
6;4;12;82;329;94;7;4;0.5;1023;119;S;190;8
5;3;10;85;330;92;6;3;0.4;1019;122;SSE;160;8
6;3;15;54;331;92;7;4;0.2;1013;119;SSE;168;10
6;4;12;62;332;87;8;4;0.5;1007;116;SSE;161;8
6;4;17;66;333;90;8;4;4.2;996;353;SSE;169;10
4;2;10;56;334;89;6;2;3.9;1002;296;ESE;119;6
1;-2;15;32;335;81;3;-1;0.0;1013;113;N;5;10
0;-1;8;82;336;88;2;-2;7.3;1012;332;NNE;15;5
-1;-5;20;65;337;89;0;-1;3.5;1008;326;NNW;338;14
-3;-7;17;48;338;89;-1;-6;1.9;1007;323;S;176;11
-2;-4;9;88;339;97;0;-3;2.8;1002;326;WSW;252;5
-3;-5;8;23;340;88;0;-5;0.0;1010;116;SSW;193;4
-6;-8;6;60;341;92;-4;-9;0.1;1015;143;S;181;4
-7;-11;19;48;342;87;-4;-9;0.0;1018;116;NNE;12;12
-5;-12;30;55;343;84;-4;-7;0.4;1016;119;ESE;117;22
-8;-12;12;53;344;92;-6;-11;0.4;1012;143;SSE;163;8
-5;-8;10;79;345;94;-3;-7;0.5;1014;119;SW;230;6
-4;-9;19;88;346;89;-2;-6;3.0;1017;326;NNW;340;13
-8;-11;13;60;347;92;-6;-11;0.4;1024;143;S;176;9
-6;-11;14;75;348;93;-5;-8;0.1;1025;122;SSE;167;10
-2;-6;16;79;349;96;-1;-4;13.2;1016;350;SE;140;11
-1;-2;8;97;350;99;1;-2;3.9;1015;260;S;172;5
1;-1;6;99;351;99;2;0;0.8;1014;248;SSE;159;5
-1;-2;7;45;352;92;2;-3;0.2;1014;116;NE;41;4
-2;-6;19;93;353;89;0;-4;0.0;1021;122;WSW;238;13
-4;-8;15;84;354;68;-3;-5;0.0;1023;122;ESE;122;12
-5;-7;9;9;355;77;-2;-7;0.0;1018;113;NNE;11;6
-6;-9;12;11;356;80;-4;-8;0.0;1023;113;N;356;8
-6;-10;13;67;357;78;-5;-8;1.0;1022;122;SSE;166;9
-2;-6;17;99;358;97;0;-3;3.4;1019;284;SSW;192;12
-1;-4;18;90;359;98;0;-2;1.0;1016;284;SSE;166;11
1;0;9;100;360;99;2;0;1.9;1016;266;SSE;155;5
1;-2;14;52;361;96;2;-2;0.8;1016;143;S;191;9
0;-4;19;64;362;91;2;0;2.1;1020;317;SE;129;12
-2;-5;13;10;363;66;0;-4;0.0;1031;113;S;174;8
-2;-5;13;7;364;85;0;-4;0.0;1027;113;S;190;8
-4;-6;10;18;365;84;-1;-5;0.0;1027;113;SSE;165;5
