HeatIndexC;WindChillC;WindGustKmph;cloudcover;day;humidity;maxtemp;mintemp;precipMM;pressure;weatherCode;winddir16Point;winddirDegree;windspeed
20;19;14;23;244;72;28;18;0.8;1011;176;ENE;69;8
19;19;20;13;245;66;27;16;0.0;1012;113;NNE;22;12
19;18;25;37;246;77;25;17;1.8;1016;386;NNE;17;16
19;19;23;18;247;66;27;17;0.0;1019;116;NE;39;15
19;19;9;16;248;65;28;17;0.0;1017;116;ENE;72;5
20;20;5;32;249;66;29;21;1.4;1014;176;E;99;3
20;20;11;11;250;63;28;19;0.1;1014;113;NNE;19;6
20;20;7;33;251;64;29;19;0.1;1015;116;SW;215;4
20;20;6;12;252;63;28;21;0.4;1015;176;SSW;197;4
18;17;12;45;253;82;24;17;4.8;1014;353;NNE;16;7
17;17;11;42;254;85;24;15;6.0;1013;299;ENE;69;6
19;18;12;25;255;73;27;18;2.7;1015;113;SSE;168;8
19;19;11;50;256;71;25;18;0.3;1017;119;SSW;194;6
19;18;10;38;257;71;24;19;1.4;1017;176;SSW;191;6
19;18;11;26;258;67;25;17;0.2;1018;113;SE;130;7
18;17;11;21;259;64;25;16;0.1;1019;113;E;95;6
16;15;8;7;260;69;24;13;0.1;1020;113;SE;125;5
15;15;8;2;261;65;23;14;0.0;1021;113;SSE;154;5
16;15;12;20;262;64;23;14;0.0;1021;116;S;183;8
16;16;10;60;263;78;21;15;0.6;1016;263;SSE;169;6
17;16;5;54;264;89;24;15;3.2;1012;386;ESE;114;3
13;12;13;47;265;91;16;14;6.8;1008;302;SW;233;8
11;9;17;24;266;73;16;8;0.3;1013;176;NNW;328;12
11;10;12;5;267;72;16;8;0.0;1020;113;SSW;194;7
12;11;11;43;268;71;18;8;0.2;1017;116;S;185;7
13;12;12;44;269;79;17;10;2.9;1019;353;SE;127;7
11;10;14;16;270;83;18;9;0.3;1025;263;NW;322;8
14;13;10;2;271;73;22;9;0.0;1029;113;SE;130;6
15;14;12;15;272;72;22;11;0.0;1028;116;S;189;8
15;14;5;18;273;75;22;12;0.0;1025;116;S;185;3
15;15;4;61;274;77;22;14;3.8;1025;266;SSW;200;3
13;13;9;90;275;93;16;14;9.0;1025;266;ESE;117;6
12;11;13;61;276;86;17;11;0.1;1025;119;NNE;23;8
12;12;9;51;277;83;18;11;0.3;1022;116;ESE;113;6
13;12;7;25;278;77;18;10;0.0;1021;116;SE;125;4
12;12;6;12;279;75;18;9;0.0;1021;113;SE;138;4
11;10;12;14;280;73;17;8;0.0;1021;113;SE;139;7
12;11;13;34;281;81;18;9;0.0;1021;116;S;171;8
16;15;15;17;282;80;20;11;0.0;1021;113;S;170;9
14;14;13;33;283;78;19;12;0.0;1019;116;S;169;8
16;15;10;10;284;77;22;13;0.0;1018;113;SSE;166;6
17;16;6;12;285;73;22;13;0.0;1016;113;SSE;155;4
16;16;11;17;286;72;23;13;0.0;1014;116;SSE;168;6
16;15;15;30;287;80;22;12;0.0;1011;119;SSW;198;9
14;14;6;51;288;87;19;12;8.5;1010;302;ESE;123;4
14;14;5;40;289;85;20;12;0.2;1010;119;SE;141;3
12;12;10;42;290;91;15;12;3.8;1012;293;W;280;6
12;11;14;27;291;85;17;10;0.2;1024;176;WSW;241;9
11;10;16;20;292;84;17;8;0.0;1026;116;SSW;191;9
12;11;13;49;293;85;18;8;0.1;1018;116;SSW;192;8
13;13;7;42;294;86;18;12;1.7;1011;176;SSW;208;4
9;7;13;91;295;95;10;8;28.4;1002;308;SE;139;10
9;6;22;61;296;89;13;8;3.0;1009;176;SE;125;17
5;1;24;55;297;81;8;3;0.4;1020;176;NNE;18;19
4;4;6;27;298;82;10;2;0.0;1026;113;SE;145;4
5;5;5;4;299;70;11;3;0.0;1029;113;SE;143;3
5;5;4;0;300;71;13;3;0.0;1030;113;SW;227;2
6;6;4;0;301;68;13;4;0.0;1026;113;S;179;2
3;2;9;13;302;64;9;3;0.0;1022;116;SSE;165;5
4;4;7;8;303;68;12;2;0.0;1025;113;WNW;298;3
5;2;17;13;304;80;11;2;0.0;1027;116;WSW;240;9
5;4;8;24;305;81;12;2;0.0;1026;116;SSW;208;5
5;3;10;30;306;78;9;3;0.0;1024;116;S;178;6
4;2;15;7;307;81;10;2;0.0;1020;113;S;172;9
5;2;23;20;308;85;10;2;0.0;1014;113;S;173;13
6;3;21;11;309;82;11;3;0.0;1013;113;SSE;169;12
8;7;16;30;310;82;13;6;0.0;1016;116;SSE;162;9
9;8;12;34;311;82;14;7;0.1;1014;176;S;169;7
11;11;8;44;312;88;17;8;0.3;1014;116;SSE;163;4
11;10;12;49;313;88;17;9;0.0;1016;116;ESE;113;6
10;9;13;16;314;89;16;8;0.0;1018;113;SSE;168;7
8;8;10;10;315;86;14;6;0.0;1019;113;SSE;157;6
8;8;6;36;316;77;14;5;0.0;1013;116;SE;138;3
8;8;5;45;317;81;14;5;0.0;1013;116;E;97;3
8;8;8;28;318;85;15;5;0.0;1017;116;ESE;102;4
7;7;8;34;319;91;12;5;0.0;1016;116;SE;145;5
6;5;10;59;320;89;10;4;0.6;1013;266;SSE;153;6
7;7;7;99;321;94;9;7;2.2;1012;266;SE;130;5
8;7;11;89;322;94;10;7;9.1;1013;302;SE;128;8
7;6;11;68;323;91;11;4;0.5;1016;200;NE;40;6
5;1;21;29;324;85;7;3;0.0;1023;116;WSW;238;15
3;0;17;40;325;86;7;2;0.0;1025;116;WSW;238;10
0;-1;8;25;326;87;6;-1;0.0;1028;116;WSW;246;4
1;0;8;15;327;86;6;-1;0.0;1030;116;SE;135;4
0;-1;8;11;328;78;5;-1;0.0;1029;113;SE;133;5
1;-1;8;73;329;88;3;-1;2.8;1028;332;ESE;105;5
0;-2;11;42;330;89;4;-1;0.0;1025;116;NNE;13;6
-1;-1;5;22;331;80;4;-2;0.0;1022;116;SSE;149;3
-1;-2;6;44;332;64;3;-2;0.0;1022;119;E;96;4
-1;-4;13;15;333;71;2;-2;0.0;1023;113;NNE;15;10
-3;-7;18;23;334;74;2;-5;0.0;1022;116;N;10;10
-2;-5;15;59;335;56;3;-4;1.3;1018;116;NE;37;8
-1;-3;10;88;336;86;1;-2;5.9;1017;332;NE;40;6
0;-1;6;46;337;89;4;-2;0.0;1022;116;ENE;59;3
1;1;6;11;338;81;6;0;0.0;1023;113;NE;50;3
1;1;4;8;339;86;6;-1;0.0;1021;113;SE;144;2
2;1;11;30;340;88;7;0;0.0;1019;116;SE;136;5
2;-1;17;64;341;85;4;0;0.3;1018;116;WSW;241;12
1;-1;10;88;342;89;3;1;4.0;1017;332;N;10;7
1;-4;28;43;343;83;3;0;0.3;1022;116;N;4;21
1;-2;20;66;344;84;3;-1;0.5;1023;119;N;353;13
0;-2;10;29;345;84;2;-1;0.0;1020;116;S;171;7
-1;-4;20;35;346;85;4;-2;0.0;1019;116;S;191;11
0;-3;16;46;347;87;2;-2;0.0;1020;119;S;172;11
0;-2;12;72;348;88;3;-1;0.0;1022;122;SSE;166;7
2;0;12;84;349;93;5;1;0.4;1022;266;S;180;7
3;1;10;51;350;90;5;1;0.3;1017;116;SSE;166;6
3;2;7;87;351;96;6;2;3.8;1013;296;NE;38;4
2;0;12;74;352;94;4;1;0.3;1017;143;S;180;8
4;1;18;98;353;96;6;3;4.4;1018;266;S;187;11
4;2;19;40;354;83;7;3;0.7;1017;116;WSW;245;12
2;-2;21;24;355;77;5;1;0.0;1022;113;WNW;295;12
3;-1;27;67;356;87;6;1;1.7;1020;263;SW;227;17
4;1;22;46;357;90;8;3;0.2;1018;116;SW;236;12
3;0;18;20;358;86;7;2;0.0;1019;116;SW;214;10
2;0;9;28;359;88;6;1;0.4;1019;263;WSW;255;5
0;-2;10;30;360;79;3;-1;0.2;1020;119;S;173;6
-3;-6;12;22;361;63;-1;-5;0.0;1017;116;W;278;8
-4;-8;21;73;362;71;-1;-5;0.1;1012;119;N;9;15
-5;-12;24;21;363;71;-3;-7;0.0;1021;116;N;349;19
-9;-15;18;32;364;83;-6;-11;0.1;1031;119;N;8;12
-10;-13;10;18;365;74;-6;-13;0.0;1036;116;SSW;213;5
