HeatIndexC;WindChillC;WindGustKmph;cloudcover;day;humidity;maxtemp;mintemp;precipMM;pressure;weatherCode;winddir16Point;winddirDegree;windspeed
10;9;20;69;244;90;14;10;12.0;1004;353;NW;309;12
11;11;16;25;245;75;17;10;0.5;1012;116;NW;320;10
12;12;6;45;246;79;17;11;2.2;1019;353;NE;54;4
13;13;6;37;247;74;20;11;2.6;1019;113;ESE;121;4
10;9;17;53;248;86;13;9;6.1;1019;176;N;350;12
11;9;14;50;249;83;16;10;4.0;1020;353;NE;41;8
11;10;9;25;250;78;18;9;0.3;1017;113;SSE;148;5
10;10;7;52;251;87;14;10;10.2;1015;299;E;89;4
14;14;10;51;252;88;21;12;0.6;1015;263;SSE;155;6
16;16;14;76;253;91;21;15;15.4;1019;353;NNE;14;9
12;11;18;88;254;96;15;11;17.3;1019;353;N;356;11
14;13;18;47;255;85;20;12;0.0;1019;116;N;8;11
15;14;11;11;256;76;22;12;0.0;1019;113;ENE;69;5
15;14;14;36;257;79;21;13;0.0;1021;116;NE;54;8
15;14;18;42;258;79;21;12;0.9;1016;263;SSW;211;11
12;12;13;62;259;94;15;13;4.8;1014;296;SW;215;7
11;11;7;88;260;95;14;12;5.0;1013;296;S;178;4
12;12;7;49;261;88;17;11;5.6;1016;296;SW;214;4
11;10;17;42;262;84;14;10;3.5;1016;293;SE;129;10
10;8;15;6;263;74;16;8;0.0;1020;113;NNE;17;9
11;11;8;17;264;74;18;11;0.0;1022;113;SSW;193;5
12;12;4;9;265;75;21;12;0.0;1024;113;S;186;2
12;12;8;1;266;77;19;12;0.0;1022;113;SSE;163;5
13;13;13;1;267;78;21;11;0.0;1014;113;SSE;162;8
13;13;11;22;268;77;20;11;0.0;1006;116;ESE;116;6
14;14;11;84;269;91;17;14;17.5;1002;302;ESE;118;6
10;8;22;56;270;92;11;10;8.3;1008;266;SSW;211;15
10;8;23;47;271;84;15;8;1.5;1010;116;SW;234;15
9;9;7;54;272;89;14;8;7.3;1013;353;SE;140;4
8;7;9;73;273;84;11;7;1.7;1016;266;SW;235;6
7;7;7;64;274;81;11;6;0.2;1019;122;SE;127;5
7;6;8;28;275;77;14;5;0.0;1022;113;NE;47;4
7;6;9;26;276;79;12;5;0.3;1020;113;ESE;107;6
8;6;12;2;277;79;14;5;0.0;1021;113;SE;126;8
6;5;10;11;278;80;11;5;1.4;1019;113;SE;127;6
9;8;11;6;279;78;15;6;0.0;1021;113;ENE;78;6
7;6;13;0;280;72;14;6;0.0;1027;113;NE;48;7
5;4;13;3;281;64;13;3;0.0;1030;113;NNE;33;7
5;2;23;11;282;73;12;2;0.0;1024;113;N;7;14
6;3;23;20;283;79;12;3;0.0;1017;116;NNE;13;13
7;5;14;5;284;67;14;4;0.0;1016;113;SE;129;7
7;6;9;1;285;69;16;4;0.0;1016;113;ESE;118;5
5;3;19;1;286;76;12;3;0.0;1017;113;NNE;16;10
6;5;10;8;287;68;14;2;0.0;1012;113;SW;228;5
6;5;10;19;288;72;13;3;0.0;1011;116;NNE;32;5
6;5;14;27;289;80;12;4;0.0;1011;116;NE;46;8
6;4;19;48;290;85;11;5;0.0;1016;116;N;8;13
6;4;19;52;291;86;12;3;0.0;1016;119;N;10;12
8;6;17;65;292;85;13;5;0.5;1008;119;N;7;11
8;7;7;73;293;87;11;7;7.3;1005;353;S;190;5
3;1;16;31;294;82;8;3;3.1;1019;353;WNW;293;9
2;-1;20;16;295;78;8;-1;0.0;1027;116;S;190;12
3;1;15;27;296;74;9;0;0.0;1021;116;SSE;169;8
6;4;15;42;297;84;10;3;0.1;1015;116;S;175;9
8;7;14;61;298;87;13;6;0.9;1014;119;NE;40;9
3;-1;24;73;299;89;5;3;3.7;1021;266;N;355;16
1;-2;19;3;300;83;6;-1;0.0;1028;113;NNE;11;10
1;-1;10;20;301;73;8;-1;0.0;1026;116;SSW;192;5
1;-1;11;8;302;76;7;-1;0.0;1024;113;S;174;6
2;-1;17;9;303;75;8;-1;0.0;1020;113;S;170;9
3;0;18;8;304;81;10;0;0.0;1018;113;S;177;10
4;2;15;16;305;76;11;1;0.0;1018;116;S;170;8
6;6;8;38;306;76;13;4;0.0;1017;116;S;176;5
8;7;12;33;307;79;14;4;0.6;1018;116;S;188;6
9;7;22;60;308;88;14;5;0.0;1024;116;SW;224;12
11;10;22;41;309;88;16;9;0.0;1021;119;WSW;247;12
10;8;19;49;310;85;16;7;0.0;1014;116;SW;226;10
9;8;10;67;311;91;11;6;0.6;1008;119;SSE;151;7
8;6;15;94;312;96;10;5;2.1;993;296;SSE;149;9
9;7;20;56;313;88;11;6;2.5;989;113;S;169;13
9;7;19;86;314;95;10;8;12.1;995;302;SSE;161;12
6;5;15;86;315;95;9;6;0.7;1009;119;SSW;214;9
5;2;24;56;316;95;9;3;0.7;1005;263;SW;217;15
8;5;24;67;317;95;12;5;0.2;1009;248;SSW;198;13
7;5;19;81;318;94;12;5;0.0;1013;248;S;179;10
7;6;14;45;319;94;12;5;0.0;1015;143;S;176;8
8;8;7;55;320;90;13;5;0.0;1014;116;E;95;4
9;9;9;40;321;83;15;6;3.2;1010;353;NE;35;5
10;9;14;94;322;97;12;8;12.2;1011;296;S;188;8
8;7;10;94;323;97;9;7;3.8;1018;296;SE;125;6
6;5;12;81;324;95;8;5;3.9;1019;143;S;190;7
5;5;7;87;325;96;8;3;0.0;1016;248;SE;126;5
5;3;13;86;326;94;7;3;9.5;1004;263;ESE;118;8
5;3;18;53;327;94;8;4;3.9;997;143;SW;220;12
2;-1;15;27;328;88;4;0;0.0;1001;113;SW;221;10
0;-3;13;33;329;90;4;-2;0.0;1008;116;SSW;212;8
-1;-2;9;39;330;89;4;-2;0.0;1006;116;ESE;114;5
-2;-6;18;77;331;93;0;-4;7.1;1003;338;W;275;10
-2;-5;14;70;332;95;1;-5;2.9;1013;143;E;91;8
0;-4;18;92;333;99;1;0;17.4;997;332;SW;224;13
-6;-9;12;47;334;94;-4;-8;0.1;1014;119;NE;48;7
-3;-6;14;76;335;97;-1;-4;21.9;1007;320;ESE;123;9
-1;-3;12;91;336;98;1;-1;9.6;1008;326;SW;232;7
-2;-4;11;84;337;99;1;-2;12.6;1009;332;E;86;6
-4;-9;19;32;338;96;-2;-5;0.8;1019;113;SW;235;11
-6;-10;18;37;339;92;-3;-8;0.0;1021;119;S;189;10
-2;-6;19;99;340;98;0;-3;8.8;1010;332;SSE;167;13
1;-2;20;100;341;100;3;0;10.4;1007;302;SSW;199;10
5;3;20;100;342;100;7;5;8.6;1007;266;SSW;205;10
3;0;22;88;343;95;7;-1;7.0;1006;338;NNW;345;13
-3;-8;20;36;344;82;-1;-4;0.9;1016;116;NNW;329;13
-5;-10;17;50;345;84;-3;-8;3.5;1017;326;SSW;193;12
-3;-7;12;100;346;99;-2;-4;8.1;1004;332;SE;140;9
-4;-8;14;99;347;96;-2;-5;4.2;1009;326;SW;232;9
-9;-13;15;50;348;96;-4;-11;0.4;1015;143;SW;232;8
-12;-13;7;38;349;96;-5;-16;0.0;1018;260;W;266;4
-13;-15;9;28;350;96;-7;-15;0.0;1017;260;SW;229;4
-12;-16;11;75;351;99;-8;-14;0.1;1007;260;S;187;6
-11;-14;9;92;352;98;-8;-12;2.8;1005;326;SSE;156;5
-11;-16;18;72;353;98;-7;-15;0.9;1012;326;S;180;11
-6;-10;17;89;354;99;-4;-8;0.6;1010;260;S;173;11
-1;-4;15;92;355;100;0;-3;1.5;1014;317;S;175;8
1;-3;21;99;356;100;2;0;6.1;1013;296;S;170;10
2;-1;22;94;357;100;3;2;2.6;1009;266;SSE;168;10
2;1;13;98;358;100;3;2;4.8;1002;302;SE;127;6
2;-1;19;95;359;98;3;1;19.3;1001;338;N;356;11
-4;-8;17;84;360;94;-3;-5;6.9;1018;326;SE;125;12
-6;-10;13;86;361;91;-4;-7;1.8;1023;326;N;357;9
-8;-11;10;71;362;94;-6;-9;3.0;1024;326;S;184;6
-9;-13;12;65;363;95;-6;-10;0.3;1027;260;SW;231;7
-9;-14;12;92;364;97;-8;-11;0.6;1027;260;S;187;9
-11;-16;13;97;365;97;-10;-12;1.2;1025;326;S;180;9
