HeatIndexC;WindChillC;WindGustKmph;cloudcover;day;humidity;maxtemp;mintemp;precipMM;pressure;weatherCode;winddir16Point;winddirDegree;windspeed
28;28;18;5;244;40;35;26;0.0;1012;113;SSW;211;13
25;24;19;11;245;52;32;25;0.2;1011;113;S;186;13
21;20;17;35;246;71;27;17;6.0;1013;116;ESE;112;11
22;21;17;27;247;68;28;20;3.3;1012;353;S;173;11
18;17;12;83;248;72;23;17;2.4;1012;296;S;170;8
16;15;22;51;249;71;20;13;6.4;1013;293;WSW;245;14
15;13;10;36;250;70;18;12;5.4;1018;353;WNW;286;6
13;13;9;44;251;66;18;12;0.4;1020;353;SSW;211;5
15;15;13;54;252;62;20;14;1.0;1021;353;E;85;8
14;13;23;47;253;67;22;12;1.5;1022;353;E;88;14
15;15;15;67;254;69;19;15;0.4;1022;122;ESE;118;10
15;15;8;72;255;84;20;12;4.2;1022;353;ESE;123;5
18;17;9;11;256;74;24;15;0.0;1021;116;SSE;152;6
20;18;22;21;257;62;26;14;0.0;1015;113;S;175;14
24;23;22;36;258;58;29;19;0.0;1014;116;S;184;14
22;22;29;13;259;60;29;19;0.2;1012;113;S;184;19
26;25;35;6;260;52;32;20;0.0;1009;113;SSW;201;23
26;25;14;3;261;56;32;21;0.0;1015;113;SE;137;9
20;20;26;37;262;78;24;19;2.0;1016;353;N;7;17
16;16;33;76;263;84;20;17;15.4;1013;302;N;355;23
14;13;23;12;264;64;20;11;0.0;1015;116;SE;131;14
15;14;12;13;265;57;21;11;0.0;1013;113;SE;145;7
20;20;10;38;266;66;26;16;0.0;1010;116;SSE;160;7
19;18;30;45;267;72;22;18;2.4;1012;266;N;349;18
16;15;31;90;268;87;17;15;15.9;1013;353;N;1;21
13;11;24;95;269;89;14;13;13.2;1017;302;NNW;348;17
12;10;36;50;270;76;15;12;0.3;1023;116;SE;127;26
11;9;39;18;271;69;15;10;0.0;1028;113;NNE;23;28
11;9;37;38;272;70;16;9;0.0;1030;116;NNE;31;26
9;6;36;15;273;67;14;8;0.0;1032;116;NE;43;25
11;8;26;3;274;69;16;7;0.0;1031;113;NNE;23;16
13;12;12;17;275;64;20;10;0.0;1028;116;SSE;165;7
14;13;15;4;276;66;21;11;0.0;1024;113;SSW;199;10
17;15;18;14;277;68;22;12;0.0;1020;113;S;189;12
13;13;9;94;278;90;16;12;3.3;1016;353;E;98;6
16;15;14;36;279;78;21;12;0.0;1014;116;NE;38;8
14;12;22;34;280;72;19;11;0.0;1014;116;NNE;19;15
11;10;10;68;281;65;15;8;1.8;1018;176;ESE;119;6
11;10;13;74;282;72;16;9;6.5;1020;263;NNE;12;10
8;5;24;48;283;56;13;5;0.1;1020;116;NNE;15;17
6;2;33;81;284;64;8;5;5.2;1014;296;NNE;21;26
5;2;17;100;285;90;6;5;20.7;1016;302;NNE;11;13
6;5;10;75;286;88;9;6;0.2;1021;122;SSE;159;8
9;8;9;73;287;79;13;6;0.6;1019;176;E;83;5
12;11;11;62;288;76;17;10;4.6;1018;176;ESE;105;7
11;11;9;85;289;87;14;9;11.7;1019;266;E;87;6
11;11;10;100;290;97;13;11;17.1;1018;296;SE;128;7
9;9;9;69;291;89;14;8;0.1;1020;119;SSW;193;6
9;8;17;67;292;85;13;8;5.5;1017;119;NNE;19;11
7;4;28;92;293;90;9;6;33.7;1013;308;SW;229;18
7;7;6;69;294;82;11;7;0.6;1017;263;SSW;198;4
7;7;3;63;295;84;12;6;0.6;1017;176;ENE;77;2
6;6;5;31;296;84;11;6;0.0;1020;119;S;179;3
8;7;8;3;297;80;14;5;0.0;1024;113;SW;226;5
7;6;12;38;298;86;13;5;0.0;1023;122;SSW;194;7
7;6;15;53;299;82;13;5;0.1;1026;119;NNE;14;8
6;5;14;3;300;63;13;4;0.0;1025;113;NE;53;8
7;6;8;6;301;70;13;4;0.0;1022;113;SE;137;5
7;6;6;25;302;66;13;4;0.0;1021;113;SSE;152;4
8;7;13;14;303;71;15;5;0.0;1028;113;SE;133;7
8;7;9;0;304;73;14;6;0.0;1036;113;ESE;106;5
6;6;9;10;305;64;13;3;0.0;1039;113;S;171;5
5;4;9;28;306;68;11;2;0.0;1034;119;S;190;5
4;4;9;3;307;66;11;3;0.0;1028;113;S;174;5
5;4;9;2;308;62;12;2;0.0;1023;113;S;190;5
6;5;13;4;309;58;14;4;0.0;1021;113;ESE;122;7
6;5;7;6;310;68;12;3;0.0;1024;113;E;84;4
7;6;10;38;311;72;11;3;0.1;1026;176;SSE;160;6
6;5;8;38;312;80;11;5;0.0;1028;116;SSE;164;5
6;5;7;76;313;95;10;4;1.1;1023;293;S;172;4
9;8;11;72;314;89;14;6;0.8;1019;119;SW;233;6
11;10;9;77;315;85;17;10;0.6;1021;263;WSW;247;5
10;9;12;38;316;89;15;8;0.0;1025;116;SSE;152;6
7;6;15;26;317;85;13;4;0.0;1027;119;SSW;193;9
6;5;14;39;318;74;12;6;0.1;1024;116;WNW;292;9
5;2;33;72;319;80;8;3;1.6;1015;266;SW;235;22
7;6;12;79;320;88;10;5;1.1;1014;266;E;89;6
7;6;16;89;321;87;10;6;1.9;1017;266;S;170;9
9;7;26;53;322;81;15;8;0.3;1015;176;WSW;250;16
9;6;32;51;323;81;14;5;0.2;1017;119;SW;235;19
10;7;37;61;324;78;13;8;4.2;1007;176;WSW;256;24
6;4;21;93;325;86;8;6;6.0;993;266;ESE;123;16
4;1;22;82;326;85;6;3;4.1;998;317;NNW;348;15
2;0;12;80;327;86;5;2;1.4;1020;119;SSW;207;7
1;-1;7;7;328;78;3;-1;0.0;1025;116;ENE;74;5
-1;-2;6;2;329;71;3;-2;0.0;1014;113;S;171;3
0;-5;32;24;330;74;2;-2;0.0;1010;116;N;351;19
1;-4;25;51;331;86;3;-1;0.0;1016;116;ESE;121;17
1;-3;22;92;332;88;3;-1;4.1;1010;266;SW;235;12
-1;-3;12;57;333;93;1;-2;0.7;1019;122;SSW;205;6
3;0;21;67;334;83;7;2;1.0;1016;116;W;264;11
5;1;31;34;335;80;9;4;0.9;1016;116;NW;306;18
2;1;8;57;336;80;5;1;0.8;1027;266;SW;230;5
2;2;4;60;337;92;4;1;0.2;1032;176;SW;220;2
3;0;15;77;338;95;6;1;0.1;1033;143;S;190;9
2;1;8;83;339;95;6;0;0.0;1035;143;SSE;167;5
4;1;17;80;340;94;6;3;0.0;1033;119;S;186;13
3;1;9;58;341;91;6;1;0.0;1036;116;SE;133;5
3;2;6;29;342;90;8;2;0.0;1037;113;ESE;124;3
2;1;8;64;343;92;5;0;0.0;1033;119;SSW;196;5
2;0;15;82;344;92;6;2;2.1;1035;266;WSW;237;9
1;-2;15;58;345;92;5;1;0.0;1031;119;SSW;198;10
1;-1;10;49;346;89;5;0;0.2;1025;176;SSW;195;6
2;-1;18;68;347;91;5;1;0.9;1021;266;SSW;203;13
0;-1;8;57;348;86;4;-1;0.0;1027;119;S;188;5
1;-1;8;79;349;87;3;-1;0.1;1029;122;S;171;5
0;-1;8;37;350;88;5;-1;0.0;1032;116;WNW;304;4
0;-4;18;51;351;88;2;-2;1.1;1032;116;S;182;13
0;-3;13;100;352;95;1;-1;1.3;1028;284;SSE;167;9
0;-1;8;75;353;94;3;-2;1.2;1029;143;S;180;5
1;-2;14;87;354;96;3;-1;0.0;1031;143;SSW;192;8
3;-1;19;93;355;96;4;1;0.4;1029;122;S;185;13
3;1;10;70;356;94;5;1;0.0;1031;143;SSE;146;6
3;0;13;89;357;96;5;1;0.0;1031;143;S;174;8
3;2;11;22;358;90;7;3;0.0;1031;113;NNE;15;5
2;0;12;92;359;96;5;2;0.0;1033;248;S;182;8
2;0;17;74;360;95;4;2;0.2;1032;176;S;170;10
2;1;8;66;361;96;5;0;0.2;1032;143;SE;145;5
1;1;7;47;362;88;5;0;0.0;1030;116;ESE;122;4
0;-5;33;18;363;81;3;0;0.0;1033;116;NNE;17;21
-3;-8;24;0;364;51;-1;-4;0.0;1039;113;NNE;22;16
-4;-6;6;0;365;52;-2;-6;0.0;1035;113;S;175;4
