HeatIndexC;WindChillC;WindGustKmph;cloudcover;day;humidity;maxtemp;mintemp;precipMM;pressure;weatherCode;winddir16Point;winddirDegree;windspeed
16;16;6;15;244;59;24;16;0.0;1020;116;SSE;161;4
17;17;9;18;245;55;26;16;0.0;1017;116;SSW;193;6
19;19;14;8;246;58;27;17;0.0;1014;113;SSW;193;9
21;21;19;13;247;55;29;19;0.1;1012;113;SSW;198;12
22;21;16;19;248;52;28;20;0.0;1013;116;S;180;10
23;23;19;8;249;48;31;21;0.0;1012;113;SSW;198;12
25;24;18;8;250;44;32;22;0.0;1011;113;SSW;204;12
19;18;11;26;251;79;21;19;14.8;1015;299;SSW;196;6
17;16;10;16;252;68;24;14;0.0;1020;116;NW;316;6
18;17;10;18;253;63;25;16;0.0;1018;116;SW;229;6
19;19;9;37;254;70;25;18;2.3;1014;176;W;261;6
17;16;17;50;255;73;22;14;1.2;1011;116;NNE;13;12
10;8;26;7;256;59;14;8;0.1;1016;113;NNE;16;20
9;7;21;28;257;66;14;7;0.0;1019;113;NNE;32;15
8;5;21;88;258;89;9;8;18.5;1014;302;NE;35;14
7;4;21;98;259;94;8;6;12.4;1012;296;N;10;14
7;4;22;82;260;85;9;6;2.1;1018;266;N;356;17
9;7;21;59;261;75;13;9;0.2;1021;119;N;355;14
6;4;20;72;262;92;8;5;12.2;1020;302;NNW;327;13
7;4;24;93;263;93;9;6;14.2;1019;296;NNW;336;15
9;7;14;75;264;88;11;8;1.7;1017;266;N;350;10
9;8;13;59;265;79;14;8;0.0;1015;119;ESE;118;8
10;10;9;59;266;78;16;9;0.8;1015;119;SSW;203;5
12;12;7;43;267;78;17;11;2.1;1018;176;S;182;4
10;8;25;56;268;80;14;10;0.8;1022;176;NE;34;17
10;8;27;14;269;67;15;9;0.0;1027;113;NE;37;18
10;9;22;3;270;71;16;8;0.0;1028;113;NNE;24;14
11;11;9;3;271;71;19;9;0.0;1024;113;WNW;285;5
11;11;15;8;272;64;18;10;0.0;1018;113;SW;219;9
11;10;21;28;273;66;17;9;0.0;1014;116;SW;220;13
12;11;28;67;274;72;16;10;0.4;1009;119;SW;225;19
14;13;18;32;275;75;20;11;0.0;1009;116;SSW;205;12
13;13;14;38;276;84;18;12;2.3;1008;263;S;171;9
10;8;18;90;277;94;12;8;21.0;1009;302;WNW;283;12
8;5;26;34;278;76;11;7;4.0;1013;116;N;352;17
10;10;10;30;279;68;17;7;0.1;1014;113;SW;226;6
12;12;7;51;280;85;15;9;0.8;1017;263;SSE;160;4
12;12;8;29;281;81;18;11;0.1;1020;116;ESE;118;4
13;13;6;19;282;77;20;10;0.0;1027;113;W;263;3
14;13;12;42;283;72;20;11;0.0;1032;116;SW;226;6
13;12;9;22;284;80;19;10;0.0;1032;113;SW;235;5
13;13;13;5;285;74;20;11;0.0;1028;113;SSW;204;7
13;13;12;4;286;74;21;11;0.0;1024;113;SSE;160;6
13;13;14;16;287;75;19;10;0.0;1020;113;SSW;202;8
14;14;9;21;288;76;19;11;0.0;1018;113;SSE;165;5
14;13;21;49;289;79;19;11;0.2;1013;116;SSW;200;13
10;9;18;45;290;73;12;10;4.8;1013;296;WNW;302;11
7;6;14;3;291;73;12;5;0.0;1024;113;SSW;196;8
7;5;15;14;292;78;13;4;0.0;1025;116;SSW;210;9
7;7;10;11;293;75;14;4;0.0;1024;113;S;180;6
9;8;12;6;294;82;15;6;0.0;1021;113;S;181;7
10;9;10;13;295;80;17;7;0.0;1020;113;SSE;156;5
7;6;18;56;296;87;10;6;6.3;1025;296;N;4;12
6;5;13;41;297;86;11;4;0.3;1029;116;NE;53;8
7;6;13;22;298;81;13;6;0.0;1031;113;ESE;123;7
6;5;11;7;299;79;12;3;0.0;1028;113;S;183;6
5;2;20;26;300;85;9;2;0.0;1018;116;S;184;12
5;3;14;46;301;88;7;2;0.5;1015;266;SSE;155;8
8;7;19;26;302;83;12;6;0.0;1011;116;SSE;159;11
12;10;26;53;303;88;16;9;16.1;1004;353;S;180;15
10;8;22;13;304;87;14;7;4.1;1015;113;S;180;13
11;10;15;22;305;87;15;8;0.0;1016;116;SE;144;8
12;12;8;22;306;88;18;9;0.0;1018;113;SSE;156;4
11;11;10;9;307;90;17;9;0.0;1021;113;S;170;5
11;10;9;33;308;92;16;8;0.0;1023;113;S;171;5
11;11;8;32;309;89;16;9;0.0;1021;116;SSE;156;4
11;11;6;15;310;84;16;8;0.0;1019;116;SSE;158;3
11;10;13;22;311;88;16;9;0.0;1020;116;SSE;152;7
10;10;10;60;312;90;14;8;0.0;1024;116;S;183;5
9;8;14;55;313;90;11;8;0.7;1029;119;S;182;9
7;5;16;31;314;86;11;5;0.0;1031;113;SSW;196;9
5;3;15;8;315;87;9;2;0.0;1025;113;S;180;9
4;2;11;9;316;84;9;1;0.0;1022;116;S;177;6
4;4;7;71;317;89;8;2;0.0;1023;122;SW;233;4
6;5;9;47;318;87;11;3;0.0;1026;116;SE;128;4
5;3;13;8;319;88;9;2;0.0;1027;113;S;185;7
3;2;13;29;320;89;8;1;0.3;1023;113;S;180;7
4;1;19;40;321;79;7;4;2.6;1022;119;NW;324;12
0;-2;15;4;322;72;4;-2;0.0;1022;113;S;180;9
1;-3;24;46;323;84;4;-1;0.9;1015;323;SW;233;14
5;1;33;69;324;84;6;4;2.7;1008;293;SW;227;20
5;1;28;56;325;82;7;4;4.1;996;119;SW;230;18
0;-4;19;32;326;62;1;-2;1.1;991;116;NW;307;13
-1;-6;23;55;327;68;1;-2;0.0;997;119;W;264;17
-1;-6;29;65;328;69;3;-3;0.8;1002;323;S;190;19
0;-2;9;67;329;92;2;-1;5.3;1006;143;SW;219;5
-2;-6;17;21;330;81;1;-4;0.0;1020;116;NW;315;10
-2;-6;14;76;331;95;0;-5;0.6;1025;260;S;170;9
-2;-5;13;39;332;95;1;-4;0.2;1021;143;SSE;162;8
-1;-4;18;76;333;96;0;-2;3.6;1008;332;SSE;149;10
3;0;26;95;334;98;5;2;5.3;1011;266;SE;140;14
6;3;23;76;335;96;8;4;4.0;1010;263;SE;126;13
5;3;21;56;336;94;8;5;1.3;1011;116;S;186;12
6;4;11;95;337;97;7;5;6.0;1009;266;SSE;159;7
5;4;10;66;338;92;6;4;2.6;1007;263;E;83;6
6;2;27;98;339;95;7;5;11.5;1002;266;SSW;198;18
6;4;19;74;340;95;8;6;14.9;1007;296;SW;215;12
4;1;20;40;341;88;5;3;0.8;1014;116;NNW;342;13
1;-2;23;30;342;83;4;1;0.2;1021;116;NNW;331;13
1;-2;12;29;343;85;3;-1;0.0;1022;116;SSW;200;9
-1;-4;16;57;344;82;1;-2;0.0;1021;119;SSE;162;11
0;-2;14;29;345;70;2;-2;0.0;1019;116;SE;136;7
0;-2;15;26;346;85;3;-1;0.0;1017;116;E;87;8
1;-1;16;42;347;89;3;0;0.0;1017;119;E;101;9
1;-1;15;65;348;93;3;0;0.9;1019;266;ESE;120;9
3;1;12;60;349;94;5;2;0.0;1024;116;ESE;113;7
3;1;11;82;350;96;5;2;1.6;1023;263;SSE;154;6
3;1;12;71;351;95;5;2;0.4;1016;143;SE;131;6
5;2;17;81;352;92;6;4;7.3;1012;296;NNE;24;9
3;1;14;100;353;95;5;2;22.7;1013;320;SE;135;8
2;0;10;76;354;92;4;1;3.8;1018;317;WSW;255;7
3;0;13;53;355;90;5;2;1.7;1020;263;WNW;299;9
1;-2;18;56;356;90;3;-1;1.6;1023;266;SSW;212;10
1;-4;27;54;357;82;3;0;1.2;1020;326;NNW;328;18
0;-4;19;34;358;66;2;-2;0.1;1025;119;WNW;288;12
-2;-7;25;60;359;76;0;-3;1.2;1028;326;NNE;12;18
-2;-8;28;96;360;76;-1;-2;1.2;1036;122;NNE;21;19
-4;-9;23;38;361;74;-2;-5;0.2;1037;116;NNE;24;15
-5;-10;17;4;362;73;-2;-7;0.0;1037;113;NNE;16;10
-5;-10;20;12;363;82;-2;-6;0.0;1039;113;NNE;17;12
-4;-6;10;4;364;64;1;-6;0.0;1041;113;NW;314;5
-5;-8;15;0;365;56;-1;-6;0.0;1035;113;SSW;207;9
