HeatIndexC;WindChillC;WindGustKmph;cloudcover;day;humidity;maxtemp;mintemp;precipMM;pressure;weatherCode;winddir16Point;winddirDegree;windspeed
16;16;12;32;244;74;26;18;4.2;1018;386;S;173;7
15;14;16;25;245;59;21;12;0.0;1019;116;WSW;249;10
16;15;18;36;246;65;22;13;2.1;1018;116;NNW;329;12
16;15;15;12;247;59;24;13;0.0;1023;113;NNW;349;9
16;15;14;10;248;56;24;15;0.0;1021;113;NNE;23;9
15;14;19;0;249;56;23;12;0.0;1019;113;NNE;24;12
16;15;18;0;250;52;25;13;0.0;1020;113;NNE;19;10
16;16;11;0;251;56;27;13;0.0;1023;113;ENE;68;6
15;14;10;41;252;74;24;15;3.0;1019;299;SSW;203;7
16;16;6;24;253;72;24;14;0.0;1018;113;SSE;156;4
15;15;9;62;254;81;21;15;4.4;1014;353;S;169;6
16;15;7;66;255;76;24;14;1.3;1014;119;ESE;105;4
14;14;11;37;256;76;22;13;6.5;1015;176;W;273;6
12;12;10;37;257;77;19;11;0.2;1013;116;SSW;202;7
14;14;9;54;258;77;22;12;1.1;1012;353;SSE;162;6
16;16;10;47;259;83;22;14;3.9;1006;353;S;180;7
13;12;16;72;260;89;18;14;28.0;1000;389;SW;234;10
11;10;14;53;261;74;17;9;1.6;1003;116;SW;219;10
10;9;9;67;262;82;14;10;2.2;1006;296;SW;227;6
12;11;10;23;263;68;19;9;0.0;1014;113;SW;219;6
12;12;13;38;264;77;18;11;2.0;1019;353;SW;225;8
12;11;9;21;265;71;20;9;0.0;1024;113;NW;309;5
13;13;12;55;266;77;19;12;0.6;1015;266;WNW;284;8
14;14;11;68;267;75;19;13;1.7;1012;353;NW;317;8
12;12;10;42;268;72;18;9;1.8;1015;116;SE;137;7
13;12;15;58;269;70;22;10;1.9;1011;176;W;259;11
9;8;11;27;270;70;16;6;0.0;1017;116;S;170;7
10;10;5;24;271;63;18;8;0.0;1016;116;S;190;3
9;8;15;22;272;65;16;8;0.0;1017;113;NE;43;9
8;5;22;45;273;68;14;5;0.0;1013;119;NNE;21;14
7;4;22;10;274;68;14;4;0.0;1013;113;NNE;22;15
5;1;26;20;275;69;9;5;0.0;1022;116;NNE;23;18
3;0;22;7;276;62;9;2;0.0;1031;116;NNE;31;14
4;3;9;0;277;58;12;1;0.0;1032;113;ENE;57;5
5;4;10;8;278;55;13;3;0.0;1027;113;S;171;6
6;5;8;32;279;54;15;4;0.0;1025;119;S;180;5
9;9;3;10;280;49;19;7;0.0;1027;113;SE;141;2
12;11;8;8;281;69;20;10;0.0;1026;113;SE;132;4
12;11;8;28;282;66;20;9;0.0;1020;119;S;183;5
10;9;10;83;283;84;14;9;1.3;1015;266;SSE;158;7
12;12;7;34;284;82;20;8;0.0;1018;113;ESE;107;4
15;14;8;26;285;74;23;12;0.0;1022;116;SE;131;5
14;14;9;33;286;87;20;13;1.8;1020;353;SSE;169;6
12;12;8;9;287;78;20;9;0.0;1021;113;SE;126;4
11;11;8;86;288;89;14;11;3.0;1015;296;S;176;5
9;8;17;100;289;95;12;7;37.4;1007;308;NNE;34;10
10;8;19;22;290;82;15;8;0.0;1012;113;N;357;13
8;7;13;28;291;79;14;6;0.5;1015;176;WNW;303;8
6;5;15;6;292;75;11;4;0.0;1025;113;SE;137;8
8;6;16;15;293;79;14;4;0.0;1023;113;S;175;9
11;11;9;24;294;85;18;9;0.0;1021;113;SSE;162;6
12;12;8;80;295;92;17;10;0.1;1022;119;SSE;151;5
14;13;19;38;296;85;20;13;0.6;1019;119;SSE;165;12
14;13;14;34;297;89;19;12;0.0;1021;116;S;179;9
14;14;7;8;298;87;21;12;0.0;1022;113;SSE;161;4
14;13;14;14;299;87;19;12;0.0;1020;113;SSW;193;8
13;13;14;34;300;87;19;11;0.0;1017;116;S;173;9
13;12;17;21;301;80;19;10;0.0;1016;116;SSW;211;10
12;11;9;68;302;92;15;11;0.6;1015;266;SE;131;5
11;10;14;69;303;88;13;10;2.9;1021;296;SE;125;10
7;6;17;5;304;73;13;4;0.0;1028;113;N;9;9
8;7;13;26;305;72;13;6;0.0;1023;116;S;188;8
10;9;15;81;306;92;14;8;1.5;1016;119;S;175;10
11;9;18;98;307;96;12;10;8.9;1009;302;SSE;167;12
8;7;14;52;308;85;12;5;2.4;1008;119;S;173;9
11;10;15;92;309;94;13;10;15.8;998;296;SSE;168;10
7;5;18;38;310;80;10;7;7.9;1003;176;WSW;238;12
6;4;13;81;311;92;10;4;1.9;1014;296;SSW;195;8
8;6;13;52;312;92;12;6;0.0;1017;113;SSE;167;8
9;8;13;65;313;95;11;8;1.0;1013;263;S;180;7
8;7;10;64;314;92;11;8;11.5;1009;266;S;191;6
6;3;31;31;315;86;9;5;0.2;1018;116;N;1;22
4;2;20;13;316;84;9;3;0.0;1026;113;SE;126;13
6;5;10;33;317;82;12;3;0.4;1024;266;SW;229;6
3;0;18;5;318;81;7;1;0.0;1024;113;NNE;16;11
4;3;12;41;319;73;10;4;0.0;1025;116;NNE;18;6
4;3;11;32;320;84;10;2;0.0;1029;116;NNW;347;6
6;5;10;16;321;77;12;4;0.0;1026;113;NNE;22;5
4;2;12;5;322;85;8;2;0.0;1021;113;SSE;152;6
3;1;12;19;323;90;7;1;0.0;1014;116;SSE;154;6
5;3;12;83;324;92;8;3;3.8;1006;266;SE;137;8
7;5;12;90;325;94;9;6;2.3;1004;266;ESE;121;8
7;7;6;71;326;94;10;7;2.5;1007;200;ESE;104;3
6;3;21;41;327;92;10;5;0.0;1009;122;N;9;12
6;4;12;75;328;95;8;5;5.3;1007;296;ENE;64;7
2;-2;26;70;329;81;4;1;1.5;1010;116;NNW;348;20
1;-4;21;39;330;75;3;-1;0.0;1022;116;N;2;16
-1;-6;22;4;331;68;2;-2;0.0;1029;113;ESE;123;17
-1;-4;12;29;332;51;1;-3;0.0;1026;116;S;190;8
-1;-3;10;55;333;84;4;-2;0.1;1021;113;SW;229;6
-1;-4;16;74;334;91;3;-1;0.8;1020;122;SSW;191;10
-1;-2;5;8;335;87;4;-3;0.0;1025;113;SSW;204;3
0;-3;17;20;336;81;4;-1;0.0;1032;116;N;350;10
-2;-4;11;23;337;73;2;-3;0.0;1035;116;S;180;6
-2;-5;11;24;338;70;0;-4;0.0;1026;116;S;180;8
-3;-5;12;37;339;82;1;-4;0.0;1021;113;SSW;207;8
0;-6;34;43;340;75;2;-2;0.8;1008;113;WSW;258;25
-1;-7;33;38;341;66;2;-3;0.4;1014;116;WNW;292;22
-2;-5;11;46;342;77;1;-4;0.0;1025;116;WSW;236;8
1;-3;20;74;343;91;4;0;1.8;1020;266;W;265;12
-3;-6;16;11;344;81;0;-5;0.0;1037;113;N;9;10
-3;-5;9;37;345;80;0;-5;0.0;1038;116;S;184;5
-2;-3;6;2;346;86;3;-5;0.0;1033;113;SW;217;3
-2;-3;8;10;347;89;2;-3;0.0;1027;113;SSW;205;4
-4;-6;10;5;348;88;0;-5;0.0;1028;113;S;188;6
-4;-6;8;34;349;89;-1;-6;0.0;1033;113;S;181;4
-2;-5;9;50;350;92;0;-3;0.1;1037;116;SSW;194;6
-2;-6;14;55;351;94;0;-4;0.1;1036;143;S;183;9
-3;-6;11;44;352;94;-1;-4;0.3;1030;143;S;187;7
-5;-9;14;39;353;92;-3;-6;0.0;1024;116;S;180;9
-4;-7;12;49;354;87;0;-5;0.0;1028;116;S;191;7
-3;-4;9;20;355;82;1;-5;0.0;1035;113;SW;216;5
-2;-6;14;29;356;89;0;-4;0.0;1032;116;S;179;9
-1;-3;11;77;357;87;2;-1;0.2;1027;119;S;179;7
0;-3;17;30;358;92;3;-1;0.1;1023;113;S;176;10
-1;-6;25;10;359;86;3;-3;0.0;1014;113;S;171;14
0;-2;15;39;360;91;3;-2;0.2;1009;116;SSE;150;8
3;3;6;30;361;91;6;1;0.2;1012;116;S;186;3
2;0;14;16;362;91;5;1;0.0;1016;113;S;172;8
2;0;15;95;363;97;5;1;0.4;1019;248;S;174;8
2;-2;24;43;364;89;5;1;0.0;1027;116;N;357;13
2;1;8;62;365;88;4;0;0.2;1026;119;ESE;110;4
