HeatIndexC;WindChillC;WindGustKmph;cloudcover;day;humidity;maxtemp;mintemp;precipMM;pressure;weatherCode;winddir16Point;winddirDegree;windspeed
18;17;9;30;244;65;23;14;0.3;1015;116;S;169;5
19;18;9;21;245;67;26;16;0.2;1014;113;SE;141;5
18;18;9;11;246;66;26;17;0.0;1016;113;NE;54;5
19;18;9;6;247;67;26;18;0.0;1017;113;SSE;163;6
20;20;10;12;248;68;27;18;0.0;1014;113;SSE;155;7
17;17;20;33;249;76;20;16;1.2;1018;116;SW;234;13
17;16;13;19;250;66;24;15;0.0;1015;116;SW;231;8
15;15;18;55;251;65;20;14;0.4;1010;116;W;261;12
13;13;12;26;252;71;20;12;0.4;1012;113;NW;324;8
16;15;9;28;253;73;23;13;0.0;1017;119;S;184;6
18;18;10;9;254;77;25;15;0.0;1017;113;S;173;6
20;19;12;10;255;76;27;17;0.6;1013;176;SW;226;7
20;20;11;4;256;72;26;19;0.1;1015;113;S;191;6
19;19;9;16;257;69;27;18;3.8;1015;176;WSW;248;5
17;16;15;6;258;65;24;13;0.1;1017;113;SW;219;8
14;14;11;7;259;63;22;12;0.0;1020;113;SE;134;6
14;14;8;17;260;69;21;12;0.0;1018;116;SSE;162;5
17;17;12;9;261;67;24;15;1.0;1011;113;SE;144;7
19;18;13;9;262;77;25;15;2.4;1010;113;SE;138;8
18;17;15;22;263;80;24;16;2.3;1016;113;NNE;17;10
17;16;22;22;264;82;22;16;0.0;1018;116;ESE;123;14
17;17;9;22;265;75;23;15;0.2;1016;116;S;175;5
15;15;15;48;266;70;19;14;0.2;1017;119;N;7;9
13;12;13;22;267;63;19;11;0.0;1019;113;NNE;17;8
14;13;6;16;268;65;21;12;0.0;1023;116;SE;130;4
14;14;4;4;269;66;23;14;0.0;1025;113;SSE;165;3
17;16;6;0;270;63;25;15;0.0;1027;113;ESE;121;3
14;14;21;8;271;62;20;13;0.0;1028;113;N;8;12
14;13;19;10;272;61;22;11;0.0;1027;113;N;350;11
16;15;18;11;273;73;22;13;0.0;1027;113;N;6;10
16;15;18;2;274;60;24;13;0.0;1025;113;NNW;344;10
14;14;19;8;275;74;21;12;0.0;1024;116;N;8;11
13;13;11;1;276;69;21;11;0.0;1023;113;S;185;6
14;14;8;12;277;69;21;12;0.0;1021;116;S;170;5
15;15;7;14;278;71;22;13;0.0;1019;116;SE;141;4
15;15;14;17;279;72;21;13;0.0;1016;113;S;189;8
11;10;19;57;280;82;18;11;10.3;1008;353;WNW;293;12
8;7;11;30;281;81;12;6;5.0;1009;116;SSW;205;7
7;5;21;34;282;80;11;5;1.2;1015;116;N;5;13
7;5;13;23;283;74;12;4;0.0;1018;116;WSW;240;7
8;7;11;69;284;84;10;6;0.7;1016;266;SSE;168;8
10;10;11;60;285;78;15;9;2.0;1014;176;SW;230;7
7;6;14;12;286;71;13;6;0.9;1021;116;NNW;340;8
5;2;19;18;287;76;9;3;0.1;1029;116;WSW;238;12
4;2;20;48;288;78;8;4;0.6;1031;266;SW;231;13
2;0;15;8;289;72;8;0;0.0;1033;113;NE;44;9
2;2;6;9;290;65;9;1;0.0;1029;113;SSE;167;4
3;1;15;1;291;53;10;1;0.0;1022;113;S;190;8
4;1;15;13;292;55;9;0;0.0;1020;113;SSE;164;9
5;4;14;87;293;85;7;4;7.9;1021;296;SE;132;9
4;1;25;33;294;83;8;3;0.1;1027;116;N;7;15
5;2;16;58;295;79;9;3;0.0;1028;119;NNE;23;10
6;5;10;41;296;83;13;3;0.0;1026;116;ENE;72;5
7;6;11;57;297;79;13;5;0.0;1024;119;ESE;111;6
8;7;11;67;298;77;11;6;2.2;1022;116;ESE;115;6
8;7;9;29;299;75;12;6;1.6;1023;113;SE;133;5
6;6;8;12;300;77;12;4;0.0;1026;116;SE;131;4
5;5;7;16;301;73;12;2;0.0;1028;113;S;174;4
7;6;6;17;302;75;13;3;0.0;1028;113;S;181;4
7;6;10;20;303;67;12;4;0.0;1025;113;S;176;5
6;5;5;13;304;71;12;3;0.0;1023;113;S;188;3
6;6;5;10;305;74;13;3;0.0;1023;113;S;187;3
6;6;9;1;306;85;12;4;0.0;1023;113;SSE;165;5
6;5;11;2;307;82;12;3;0.0;1020;113;S;169;6
6;4;12;21;308;80;11;2;0.0;1018;113;SSE;157;6
6;5;9;49;309;88;9;6;4.0;1019;266;SE;144;5
7;7;6;4;310;68;13;3;0.0;1023;113;SE;134;4
6;5;9;0;311;80;11;3;0.0;1027;113;SE;140;5
5;5;8;7;312;84;11;3;0.0;1027;113;S;173;4
7;5;15;14;313;79;13;4;0.0;1024;116;NNW;346;8
2;-2;26;5;314;76;6;1;0.0;1025;113;N;9;16
-1;-4;17;2;315;71;5;-3;0.0;1032;113;NNE;21;10
0;-3;15;6;316;59;6;-2;0.0;1037;113;N;3;8
0;-2;9;7;317;74;6;-3;0.0;1036;113;NE;44;5
0;-2;9;24;318;73;5;-2;0.0;1030;119;S;187;5
0;-2;12;4;319;77;6;-2;0.0;1025;113;N;9;6
0;-4;20;5;320;78;5;-3;0.0;1027;113;N;9;11
-1;-3;10;36;321;83;4;-4;0.0;1028;116;S;188;5
-2;-3;7;14;322;88;3;-4;0.0;1027;113;SSE;158;4
-2;-3;6;24;323;87;3;-5;0.0;1026;116;S;172;4
-3;-4;6;41;324;82;2;-6;0.0;1027;119;S;190;4
-3;-5;8;5;325;82;2;-5;0.0;1026;113;S;185;5
-3;-3;5;14;326;79;3;-6;0.0;1024;113;E;80;3
-1;-2;7;6;327;65;6;-4;0.0;1027;113;NE;42;4
-2;-2;6;3;328;70;4;-5;0.0;1034;113;S;183;3
-3;-5;11;4;329;73;2;-5;0.0;1033;113;S;184;6
-4;-6;9;10;330;80;1;-6;0.0;1030;116;SSE;163;5
-4;-8;17;60;331;91;-1;-6;0.0;1028;119;SSE;167;10
-2;-3;9;13;332;86;4;-5;0.0;1030;113;WSW;242;5
-2;-4;9;7;333;85;2;-5;0.0;1031;116;S;182;5
-3;-5;9;8;334;73;2;-5;0.0;1029;113;S;173;5
-1;-3;10;24;335;82;4;-3;0.0;1028;113;SSW;203;5
-3;-7;15;16;336;72;0;-6;0.1;1023;113;S;175;9
-3;-6;12;55;337;87;-1;-5;0.5;1019;284;S;184;6
2;-2;21;94;338;98;4;-1;1.7;1011;266;SSW;198;11
4;1;24;63;339;94;7;4;2.5;1003;266;SW;231;13
0;-3;15;31;340;81;4;-2;0.1;1011;116;SSW;214;8
0;-4;17;61;341;88;2;-2;1.0;1012;119;S;190;12
0;-4;27;38;342;86;3;-1;1.0;1012;182;W;275;14
-1;-5;21;67;343;90;1;-2;0.6;1021;326;S;181;13
1;-2;13;82;344;95;2;-1;2.9;1016;266;S;184;8
-1;-2;8;12;345;86;4;-3;0.0;1022;113;S;180;4
-1;-3;12;85;346;94;1;-2;1.8;1019;266;SSE;148;6
3;1;11;95;347;98;4;1;8.2;1017;266;SE;128;6
2;-1;17;81;348;96;4;1;2.3;1018;266;SSE;161;10
3;2;10;98;349;98;5;2;10.1;1014;302;SE;142;6
1;-3;24;67;350;94;2;0;10.1;1001;332;S;172;14
0;-2;15;59;351;93;2;-1;5.2;1011;116;SE;132;9
-3;-6;16;19;352;93;0;-5;0.4;1010;143;SSW;203;8
0;-3;12;51;353;86;1;-2;0.0;1018;122;NNE;13;8
-1;-5;19;37;354;74;1;-3;0.2;1014;116;N;351;12
-2;-5;10;42;355;78;-1;-3;0.4;1015;119;S;186;6
-2;-4;6;51;356;89;0;-4;0.1;1022;116;SW;230;4
-3;-5;8;34;357;88;0;-6;0.0;1024;116;SSW;208;4
-3;-7;11;87;358;91;-3;-4;2.4;1021;326;SSE;168;8
-1;-2;6;54;359;91;2;-2;1.0;1029;116;NW;323;4
-1;-4;11;44;360;85;1;-2;0.0;1038;119;S;188;6
-1;-3;10;94;361;98;1;-2;0.6;1038;248;S;175;6
0;-1;8;93;362;98;1;-1;0.4;1033;248;SSW;202;6
-1;-4;12;92;363;96;0;-2;0.6;1024;143;S;174;8
-1;-5;16;91;364;94;0;-2;0.3;1013;122;S;187;12
-2;-4;7;49;365;92;-1;-4;0.0;1016;116;S;171;4
