HeatIndexC;WindChillC;WindGustKmph;cloudcover;day;humidity;maxtemp;mintemp;precipMM;pressure;weatherCode;winddir16Point;winddirDegree;windspeed
17;17;7;6;244;51;26;17;0.0;1021;113;S;180;4
18;19;5;8;245;57;28;18;0.0;1016;113;SSE;167;3
21;21;13;16;246;53;28;19;0.0;1011;113;SSW;198;9
19;19;11;52;247;69;22;19;1.8;1010;266;ENE;57;7
16;15;14;26;248;70;20;15;4.1;1015;263;WNW;290;9
14;14;14;18;249;63;21;13;0.0;1022;116;NNW;347;9
14;14;19;30;250;68;20;13;0.0;1025;119;NNE;21;13
16;15;22;10;251;62;22;13;0.0;1026;113;NE;45;14
18;18;17;17;252;57;26;15;0.0;1024;113;NE;55;10
19;19;18;10;253;47;27;16;0.0;1022;113;NE;54;10
20;20;23;26;254;47;27;17;0.0;1020;116;NNE;28;15
20;19;21;12;255;58;27;16;0.3;1018;113;NNE;24;13
18;17;14;30;256;74;24;15;3.3;1014;353;SSW;212;9
17;17;14;23;257;64;24;14;0.2;1017;116;E;92;8
18;18;11;14;258;60;26;16;0.0;1019;113;ESE;119;6
19;18;10;12;259;59;26;16;0.0;1017;113;SSE;150;6
19;18;9;31;260;63;24;18;0.2;1014;116;SW;220;5
18;17;21;28;261;68;23;16;0.0;1018;116;NNE;22;14
15;14;17;12;262;51;22;12;0.0;1020;113;NE;47;10
16;15;8;3;263;56;24;13;0.0;1020;113;SSE;149;5
17;16;5;11;264;59;25;15;0.0;1022;113;SSE;163;3
18;18;5;13;265;63;27;16;0.2;1024;113;SSW;194;3
19;19;12;21;266;58;26;18;0.0;1024;116;SW;228;7
18;18;12;23;267;62;26;17;0.5;1020;116;SSE;155;6
15;15;21;15;268;62;20;14;0.8;1021;113;N;11;14
14;13;19;1;269;64;20;11;0.0;1027;113;NNE;22;12
16;15;10;16;270;62;24;13;0.0;1027;119;SSE;148;5
16;16;13;16;271;58;24;15;0.0;1021;116;SW;216;8
15;15;14;30;272;68;22;14;0.0;1013;116;WNW;294;9
13;12;12;36;273;65;16;12;1.7;1016;116;WSW;255;8
12;11;15;25;274;73;17;9;0.1;1012;116;SSW;198;9
12;11;11;28;275;62;16;12;0.0;1013;113;WSW;238;7
11;10;13;11;276;52;18;8;0.0;1016;113;SSE;148;7
12;11;23;7;277;52;19;8;0.0;1014;113;SW;219;14
13;12;10;20;278;64;18;11;0.0;1018;116;W;274;6
14;14;11;51;279;72;21;10;3.2;1019;116;SSW;198;6
18;18;15;31;280;70;25;15;4.9;1018;176;SW;222;10
18;18;17;13;281;70;24;14;0.0;1015;113;SSW;198;10
15;14;21;40;282;68;18;14;0.9;1018;116;NNE;21;14
12;11;11;55;283;80;14;9;6.6;1017;293;SE;125;7
11;11;12;61;284;96;13;10;21.0;1011;305;W;266;6
9;8;14;68;285;92;11;8;9.6;1006;302;SSE;149;9
4;-2;52;84;286;91;4;3;30.4;1005;332;N;353;32
2;-2;21;95;287;92;3;1;14.7;1006;338;W;260;14
2;-1;17;86;288;93;4;2;10.4;1012;332;SW;224;12
3;0;17;73;289;87;5;1;1.9;1017;122;SSW;205;12
4;2;12;83;290;88;6;3;0.8;1016;266;S;187;9
4;3;8;58;291;86;8;2;0.4;1018;119;S;176;4
4;0;24;45;292;89;7;2;4.0;1018;263;NNE;13;15
6;4;10;86;293;92;8;5;4.3;1016;266;WSW;243;7
6;3;17;76;294;90;8;5;0.7;1017;122;S;176;11
8;6;17;61;295;89;11;6;1.2;1013;116;SSE;154;11
11;10;13;95;296;97;12;10;5.7;1010;296;SSE;146;8
12;10;22;45;297;90;16;11;3.6;1014;113;SE;128;14
12;11;13;22;298;87;18;10;0.0;1017;113;ESE;114;8
11;11;10;35;299;89;16;9;0.0;1019;116;S;186;6
10;10;11;58;300;83;14;10;2.7;1018;119;N;353;6
8;7;14;44;301;80;11;7;0.0;1019;119;SW;229;8
5;4;9;47;302;89;7;3;2.6;1021;266;WNW;294;5
3;-1;22;29;303;80;6;2;0.1;1029;116;NNE;18;15
1;-2;17;4;304;76;7;-1;0.0;1030;113;NNE;13;10
0;-3;12;8;305;69;5;-2;0.0;1026;116;ENE;73;7
-1;-4;14;1;306;73;4;-3;0.0;1017;113;SSE;153;8
-2;-5;15;13;307;58;4;-3;0.0;1006;113;E;96;8
-1;-4;17;35;308;76;5;-4;0.8;1003;116;S;173;10
2;-1;14;53;309;82;5;0;2.8;1007;113;SE;126;8
4;1;15;68;310;88;7;2;6.2;1007;113;ESE;109;8
6;5;15;96;311;97;9;5;5.1;1008;296;S;175;9
7;6;15;90;312;97;9;6;21.8;1006;308;NNE;16;9
9;7;15;92;313;99;11;8;25.7;1008;389;SE;142;8
7;5;21;88;314;95;9;7;7.6;1005;296;NNE;12;13
5;3;17;100;315;96;7;3;29.3;999;308;SW;227;10
4;3;9;70;316;95;6;3;4.1;1009;266;WSW;258;6
3;2;11;26;317;93;8;1;0.0;1019;143;SSW;196;6
4;2;12;83;318;96;7;1;0.4;1022;248;SSE;158;7
6;5;9;77;319;96;8;5;8.6;1017;302;WSW;237;5
5;4;10;80;320;97;7;3;1.1;1017;266;SSE;168;5
7;5;14;100;321;98;8;6;2.4;1019;266;S;174;8
9;8;15;67;322;95;12;8;1.2;1021;176;WSW;257;9
8;7;14;35;323;92;12;7;0.1;1024;143;SW;222;8
5;4;11;3;324;90;9;3;0.0;1028;143;S;176;6
5;4;9;15;325;90;9;3;0.0;1028;143;S;184;5
4;2;13;31;326;89;9;2;0.0;1022;143;S;180;7
2;-1;15;62;327;93;4;0;0.4;1018;263;SSW;195;9
3;0;21;78;328;96;6;2;1.3;1015;266;SSW;202;13
7;6;17;60;329;95;12;6;0.7;1017;143;SSW;210;9
5;4;15;90;330;96;7;4;0.6;1017;266;S;188;9
4;2;15;72;331;96;7;3;2.9;1016;263;SSE;158;9
6;5;8;73;332;95;8;5;3.5;1014;266;SW;224;4
3;0;21;30;333;91;6;2;0.0;1016;116;S;175;13
4;0;23;43;334;93;7;2;0.0;1011;116;SSE;151;13
5;3;19;57;335;92;7;4;0.3;1008;122;ESE;120;9
6;5;13;71;336;94;9;5;1.6;1014;266;ESE;115;7
5;4;12;43;337;91;9;3;0.2;1014;116;NNW;340;6
4;4;5;27;338;88;8;2;0.0;1010;116;SSW;204;3
2;-1;13;39;339;89;4;1;0.0;1015;119;WSW;243;8
2;0;14;87;340;93;4;0;0.4;1019;143;S;177;8
1;-1;15;90;341;96;3;1;3.4;1019;296;SSW;193;9
1;0;9;79;342;94;3;0;0.6;1016;263;SSE;148;6
3;0;21;40;343;91;6;1;0.2;1018;116;N;357;12
3;1;14;43;344;86;5;2;0.2;1023;116;NNE;17;8
2;-1;13;89;345;85;4;1;0.8;1018;122;NE;49;9
-1;-7;27;35;346;72;0;-2;0.1;1020;116;NNE;26;19
-4;-9;19;61;347;71;-2;-5;0.1;1021;119;NNE;20;13
-6;-8;8;29;348;78;-3;-9;0.0;1022;113;SW;220;4
-5;-10;22;18;349;85;-3;-6;0.0;1017;116;NNE;24;16
-6;-10;16;86;350;88;-4;-7;4.0;1009;332;NNE;25;11
-5;-5;4;100;351;91;-3;-5;4.0;1005;332;SSE;158;3
-9;-14;14;77;352;91;-7;-10;0.6;1008;119;NNE;11;10
-11;-16;15;51;353;94;-8;-14;0.2;1006;143;NE;37;10
-12;-17;14;73;354;93;-9;-12;5.3;1005;326;SW;236;10
-13;-20;23;84;355;98;-10;-14;1.1;1016;326;S;185;14
-4;-9;24;98;356;99;-1;-6;6.0;1009;332;SSE;168;15
1;-3;25;98;357;100;2;0;23.1;1002;308;S;174;13
3;0;21;100;358;100;5;2;3.0;1007;296;SSE;156;10
9;6;31;96;359;99;10;9;22.8;997;389;S;180;17
3;1;17;23;360;92;5;2;4.6;1009;113;WSW;253;10
1;-1;13;58;361;85;3;0;0.2;1008;119;NNE;17;8
1;-1;13;48;362;86;3;0;1.4;1004;326;WSW;256;8
0;-3;13;9;363;79;3;-1;0.0;1010;113;W;266;8
-1;-4;16;96;364;95;1;-2;5.8;1004;284;S;181;10
2;0;10;85;365;98;4;0;5.6;997;248;SW;230;6
