HeatIndexC;WindChillC;WindGustKmph;cloudcover;day;humidity;maxtemp;mintemp;precipMM;pressure;weatherCode;winddir16Point;winddirDegree;windspeed
23;22;7;6;244;58;29;19;0.0;1012;113;ESE;110;4
17;17;18;55;245;71;21;18;0.5;1011;122;NNE;14;12
13;11;27;94;246;86;14;12;18.5;1009;266;ESE;121;19
15;13;13;60;247;81;18;12;20.4;1013;293;NNW;342;9
12;12;6;50;248;84;16;12;1.5;1017;122;SE;131;4
14;14;8;46;249;83;21;14;0.0;1013;116;S;188;5
16;16;9;27;250;74;20;14;0.0;1013;116;SE;146;5
15;14;9;0;251;68;19;11;0.0;1015;113;S;184;6
17;16;14;19;252;67;23;13;0.0;1009;116;SSE;166;9
21;19;15;23;253;73;25;16;0.0;1008;116;S;185;10
22;20;12;13;254;66;26;17;0.0;1006;116;SSE;168;8
17;16;15;53;255;79;22;13;6.8;1005;356;W;271;9
16;16;18;48;256;69;20;14;0.0;1014;116;SW;222;13
18;17;26;12;257;64;23;14;0.0;1010;113;SSW;197;17
15;14;12;17;258;70;19;11;1.8;1015;116;WSW;237;8
18;17;6;39;259;62;23;13;0.0;1013;116;SSE;166;4
15;15;11;64;260;85;19;15;14.2;1010;299;ESE;114;6
13;13;9;36;261;77;17;11;0.0;1016;119;SSW;195;6
11;10;19;66;262;87;15;11;1.1;1013;296;WSW;239;12
13;13;16;62;263;82;19;12;0.0;1011;119;SE;141;10
11;9;24;91;264;89;11;11;25.2;1011;353;N;357;15
12;11;12;59;265;82;16;10;0.0;1017;122;ESE;119;8
9;9;9;88;266;92;11;9;14.0;1017;302;SSW;212;6
11;11;5;79;267;86;16;10;0.0;1021;122;SW;233;3
13;13;9;43;268;80;17;11;0.0;1023;116;E;92;5
16;15;14;24;269;71;21;13;0.0;1025;116;NE;45;8
14;14;8;8;270;67;19;12;0.0;1028;116;SE;131;5
14;13;6;0;271;67;19;10;0.0;1030;113;SE;141;4
11;10;9;0;272;67;15;8;0.0;1029;113;ESE;116;6
11;10;7;0;273;66;15;9;0.0;1026;113;ESE;121;4
12;11;6;0;274;63;16;9;0.0;1025;113;SE;127;4
11;10;12;0;275;62;16;9;0.0;1025;113;S;190;7
10;9;17;58;276;76;13;8;0.0;1019;176;S;189;10
12;11;19;33;277;76;16;10;0.0;1022;116;SW;218;12
13;11;27;63;278;72;15;10;0.0;1011;122;SW;234;18
10;9;10;37;279;68;14;8;1.1;1010;116;WSW;249;7
9;8;8;42;280;73;12;7;0.0;1016;116;ESE;123;5
8;7;9;41;281;80;11;6;0.0;1012;122;S;185;5
8;7;10;24;282;76;11;7;1.9;1016;116;SW;227;6
8;7;13;51;283;77;12;5;0.0;1019;122;SW;221;8
11;10;12;53;284;86;14;8;0.0;1021;122;SW;230;8
12;12;13;19;285;79;18;9;0.0;1021;113;SSW;202;8
12;12;8;32;286;73;17;11;0.0;1023;116;S;183;5
12;12;9;10;287;71;16;10;0.0;1027;113;SW;217;5
13;13;6;5;288;70;17;10;0.0;1028;113;S;185;4
14;14;8;0;289;78;19;11;0.0;1028;113;S;183;5
14;14;6;3;290;80;19;10;0.0;1026;113;SSE;166;4
14;14;8;27;291;76;19;11;0.0;1019;122;SSE;165;5
13;13;7;4;292;71;19;11;0.0;1016;113;SSE;159;4
13;13;8;0;293;76;18;11;0.0;1018;113;SSE;153;5
10;10;5;40;294;88;13;9;1.5;1017;296;S;187;3
10;10;9;53;295;82;14;7;6.3;1015;122;SSE;165;6
8;5;23;94;296;90;8;8;40.3;1009;308;NNE;12;17
6;2;39;50;297;79;8;6;0.0;1019;116;N;10;27
7;5;13;24;298;77;12;3;0.0;1025;116;SSW;204;8
9;8;7;76;299;88;13;6;0.0;1024;119;SSE;160;5
8;8;8;82;300;91;10;8;10.7;1014;302;WNW;291;5
6;5;14;58;301;80;9;5;1.0;1012;266;WSW;250;9
6;2;40;49;302;72;10;7;4.4;995;296;W;266;27
3;0;24;19;303;63;7;2;0.2;1010;116;NW;314;16
2;0;12;41;304;62;6;-1;0.0;1022;116;WNW;283;8
3;1;11;50;305;73;6;1;0.1;1023;119;S;188;6
5;3;16;78;306;82;9;2;2.6;1016;176;SSW;192;10
7;6;6;66;307;86;10;5;2.8;1017;353;SE;128;4
6;5;13;18;308;86;11;4;0.0;1021;116;S;187;8
5;4;14;30;309;85;10;3;0.0;1018;116;S;174;9
7;6;9;15;310;74;12;4;0.0;1018;116;ENE;73;5
6;4;18;45;311;84;10;4;0.0;1022;116;NNE;15;10
6;5;11;37;312;76;10;3;0.0;1020;116;ENE;69;6
6;6;6;95;313;91;8;6;2.3;1022;266;S;183;4
6;4;14;56;314;86;8;5;0.0;1019;119;SSW;197;9
6;3;24;46;315;74;9;4;0.6;1012;116;WSW;250;17
5;3;15;69;316;80;8;2;5.4;1006;119;S;190;10
6;3;20;95;317;89;8;5;13.9;1004;296;NE;44;14
3;-2;27;40;318;79;5;2;0.1;1020;116;N;8;18
2;-1;17;4;319;72;7;0;0.0;1027;116;N;7;9
3;0;15;26;320;81;7;1;0.0;1026;116;N;11;8
4;3;6;75;321;85;6;2;7.4;1022;296;S;184;4
4;2;12;96;322;86;6;4;8.2;1018;266;SE;138;8
2;0;10;50;323;85;6;1;0.2;1012;176;SSW;204;6
1;1;5;57;324;80;5;0;0.5;1014;176;SE;134;3
1;-1;8;84;325;85;3;0;0.4;1016;332;SSE;158;6
3;2;6;100;326;95;5;1;0.3;1015;248;SE;141;4
4;2;9;95;327;94;6;3;0.5;1019;176;SSE;164;6
6;5;9;91;328;94;8;4;0.4;1020;176;S;175;5
6;3;16;97;329;93;7;5;1.6;1016;176;SSE;168;10
4;1;23;96;330;87;5;4;30.6;1016;317;N;10;17
1;-3;23;58;331;78;4;1;1.3;1021;122;ESE;120;15
0;-2;10;9;332;75;3;0;0.0;1017;116;S;190;6
-1;-4;13;67;333;77;1;-1;0.2;1013;119;S;178;8
-1;-3;11;90;334;89;0;-1;9.8;1003;338;E;96;6
-1;-2;8;57;335;88;1;-1;0.2;1014;326;ENE;63;4
-2;-7;33;48;336;81;0;-2;0.0;1021;122;N;7;20
0;-5;24;84;337;85;1;0;7.5;1019;338;ESE;119;16
-2;-3;7;65;338;86;0;-3;0.8;1021;326;SSW;198;5
-1;-4;9;46;339;83;2;-3;0.2;1027;119;SSW;214;5
0;-1;8;63;340;90;3;-1;0.6;1026;119;SW;229;4
0;-3;12;73;341;90;1;-1;0.4;1025;122;S;169;7
0;-4;19;95;342;96;1;0;2.4;1014;326;SSE;156;11
0;-4;23;96;343;92;1;-1;37.1;1007;338;ESE;122;13
-3;-6;23;40;344;74;0;-3;0.4;1010;116;SSW;193;14
1;-3;33;95;345;89;3;1;4.7;1004;317;SSE;159;19
5;2;27;76;346;91;8;4;3.4;1009;266;S;188;14
2;0;12;63;347;86;3;1;9.1;1016;323;ESE;123;8
1;-3;24;80;348;90;2;0;1.2;1007;338;S;186;15
2;-1;18;88;349;96;5;1;2.7;1002;296;SSW;204;10
1;-2;15;81;350;87;2;1;15.5;1004;338;NW;312;10
0;-2;11;38;351;80;2;-1;0.0;1018;116;WSW;237;6
-2;-7;26;87;352;78;0;-2;0.0;1024;122;N;9;15
-3;-5;12;40;353;73;-1;-4;0.0;1030;116;NNW;347;7
-4;-5;8;54;354;74;-2;-6;0.8;1033;326;WSW;258;5
-3;-5;11;90;355;82;-1;-3;2.7;1032;122;SSW;198;7
-1;-2;7;76;356;92;1;-2;2.4;1028;326;SW;219;5
0;-2;11;75;357;87;2;-2;0.9;1025;317;SW;235;6
1;0;7;55;358;94;4;1;1.0;1020;116;SSW;200;4
0;-1;10;68;359;95;4;0;0.1;1023;248;S;171;6
1;-2;19;92;360;94;2;0;0.3;1016;143;SSE;169;11
2;-1;16;99;361;96;3;1;2.2;1005;266;SSE;160;9
2;0;13;80;362;94;3;0;6.8;996;296;SE;127;7
2;0;14;89;363;90;4;2;2.1;1006;335;NNE;22;9
0;-3;15;31;364;76;2;-1;0.0;1015;116;SSW;206;10
0;-4;16;90;365;86;1;-1;1.3;1015;284;S;172;11
