HeatIndexC;WindChillC;WindGustKmph;cloudcover;day;humidity;maxtemp;mintemp;precipMM;pressure;weatherCode;winddir16Point;winddirDegree;windspeed
22;21;11;6;244;56;29;17;0.0;1020;113;NE;38;6
22;20;20;20;245;59;26;20;0.0;1019;116;N;4;13
22;20;14;21;246;65;27;18;0.0;1019;116;WSW;243;9
23;22;17;15;247;59;29;20;2.4;1016;116;SW;228;12
15;15;12;84;248;88;17;15;24.1;1012;308;NW;321;7
20;18;23;58;249;85;24;16;6.3;1018;119;NNE;20;16
23;22;21;6;250;74;29;18;0.0;1023;113;NE;38;12
24;23;10;5;251;64;29;21;0.0;1018;113;ESE;112;6
25;24;18;8;252;56;30;21;0.0;1016;113;NNE;26;11
24;23;14;4;253;61;30;21;0.0;1017;113;ENE;67;8
24;23;16;4;254;61;29;21;0.0;1018;113;NNE;24;9
25;24;17;11;255;55;30;20;0.0;1019;113;ENE;61;9
23;23;15;13;256;57;29;21;0.2;1018;113;ENE;57;9
22;21;23;11;257;61;27;18;0.0;1016;113;NNE;22;14
21;20;13;10;258;59;26;16;0.0;1017;113;NNE;32;8
22;22;13;19;259;66;28;20;0.0;1015;116;SSW;207;9
23;22;12;42;260;66;28;19;3.7;1011;119;S;181;8
21;20;12;26;261;73;26;19;0.0;1011;116;SSW;201;7
15;15;30;48;262;79;21;16;0.1;1009;116;N;3;22
14;12;33;16;263;62;18;12;0.0;1012;113;N;10;24
13;11;21;27;264;65;17;9;0.3;1017;176;N;9;14
12;10;18;37;265;69;17;9;0.9;1020;176;NNW;348;11
14;13;8;31;266;61;20;12;0.0;1024;116;SSW;211;5
14;14;6;45;267;61;20;12;0.0;1025;122;S;174;4
15;13;21;31;268;70;19;11;0.0;1023;116;NNE;26;13
14;12;21;12;269;68;19;10;0.0;1023;113;NNE;22;12
15;14;10;20;270;68;21;12;0.0;1026;116;SE;133;6
16;15;11;18;271;68;21;13;0.0;1027;122;SSW;210;7
18;17;10;24;272;69;23;13;0.0;1022;116;SSE;164;6
18;17;20;20;273;59;24;13;0.0;1019;113;SSW;203;13
18;17;15;20;274;64;24;14;0.0;1016;116;SSW;193;10
19;18;14;44;275;63;24;15;0.2;1015;119;SSW;193;9
14;13;11;100;276;94;15;14;30.2;1017;302;ENE;63;8
10;8;23;92;277;90;11;10;16.9;1016;302;NW;310;17
6;3;26;77;278;77;8;5;5.9;1015;296;WNW;293;19
5;2;12;100;279;95;6;5;10.3;1012;296;NNE;28;10
5;3;12;65;280;85;9;3;0.7;1017;176;ESE;117;8
7;6;9;42;281;72;13;5;0.0;1018;119;S;170;5
7;7;7;38;282;73;13;6;0.0;1021;116;S;173;4
8;7;10;66;283;78;12;6;0.1;1022;122;NNE;31;6
7;4;23;62;284;85;10;6;1.4;1015;293;ESE;122;15
7;4;27;79;285;82;12;6;1.9;1012;176;NE;35;20
6;2;28;67;286;83;8;4;0.2;1019;122;N;7;19
6;4;10;15;287;80;12;2;0.0;1024;113;ESE;109;6
9;9;8;29;288;78;16;7;1.0;1019;176;SE;139;5
8;7;14;96;289;85;10;7;9.8;1023;302;WSW;241;9
7;6;10;100;290;92;9;7;2.2;1029;266;E;93;7
7;6;9;95;291;88;10;7;1.2;1027;176;SE;130;6
8;7;11;71;292;83;12;7;0.0;1022;122;SSW;194;7
8;7;9;97;293;86;11;5;4.6;1019;266;ESE;105;6
9;8;9;100;294;94;10;8;23.9;1015;302;ESE;119;6
7;7;8;92;295;95;11;8;7.5;1016;296;NNE;33;5
6;6;8;53;296;89;12;4;0.0;1022;116;SE;145;4
7;6;14;85;297;95;10;6;0.3;1024;266;S;172;8
11;10;17;100;298;95;13;10;1.6;1022;266;SSE;160;11
9;6;28;71;299;85;10;8;5.6;1025;176;N;11;20
4;1;25;22;300;79;9;3;0.0;1031;116;ESE;123;16
4;2;14;28;301;78;10;1;0.0;1033;116;SSW;199;8
5;4;8;68;302;86;9;4;0.4;1026;176;SSW;202;5
5;3;15;43;303;78;10;2;0.9;1023;119;NW;323;9
4;2;14;28;304;74;9;2;0.0;1026;113;NNW;337;9
5;3;15;58;305;76;10;3;0.2;1023;116;SSE;164;9
6;4;15;62;306;86;10;5;0.8;1013;119;S;188;9
2;1;11;37;307;78;7;1;0.3;1018;353;ESE;116;7
1;-1;13;61;308;77;5;0;0.0;1024;119;S;188;8
2;-1;19;78;309;77;5;0;4.7;1015;122;SSE;169;12
9;7;26;100;310;97;12;7;17.4;1000;296;SSW;196;15
7;5;17;90;311;88;8;6;10.0;1004;266;WNW;288;12
4;1;16;51;312;86;7;2;0.1;1009;113;SE;130;11
2;-1;17;53;313;82;6;2;1.1;1007;176;SW;234;11
2;0;13;72;314;83;5;2;0.0;1012;323;S;189;8
1;-1;15;83;315;91;5;0;0.2;1017;176;SE;145;9
3;-2;35;92;316;87;5;2;2.9;1017;317;NNE;14;25
0;-7;39;79;317;84;1;-2;1.6;1022;323;NNW;349;29
0;-4;18;86;318;87;2;-2;1.0;1033;332;N;7;13
-1;-4;15;23;319;78;4;-3;0.0;1033;113;SSW;196;9
0;-5;20;98;320;87;1;0;1.8;1025;350;SSW;192;15
1;-3;17;97;321;95;2;0;4.9;1021;284;S;172;13
1;-2;18;77;322;94;4;0;0.5;1019;143;SSE;167;10
6;3;20;68;323;91;10;4;0.2;1017;116;SSE;166;11
6;4;17;80;324;94;8;5;5.3;1020;296;SSE;156;10
6;4;14;16;325;90;11;4;0.0;1022;113;SSE;164;8
5;3;13;7;326;88;10;3;0.0;1023;113;SSE;166;7
4;3;11;2;327;86;9;2;0.0;1025;113;S;179;6
3;2;8;16;328;86;9;1;0.0;1023;113;S;180;4
5;4;12;72;329;90;8;4;0.2;1021;176;N;8;7
3;1;14;23;330;73;8;1;0.0;1019;113;S;183;7
2;0;11;61;331;91;5;0;2.7;1010;296;E;87;6
0;-4;20;54;332;74;3;-1;1.4;1017;122;NNW;328;15
-1;-5;17;47;333;62;3;-3;0.0;1029;119;NW;315;12
-1;-3;9;68;334;71;2;-2;0.1;1027;122;SSW;213;5
-1;-3;9;77;335;79;2;-2;0.6;1015;332;S;173;6
0;-5;31;34;336;81;3;-1;0.7;1007;371;NNW;330;18
-1;-4;14;22;337;74;3;-2;0.0;1023;116;NW;322;9
-2;-2;4;12;338;68;3;-5;0.0;1031;113;ENE;78;2
-3;-6;15;24;339;66;1;-5;0.0;1032;122;S;185;8
-3;-4;8;20;340;69;1;-5;0.0;1029;116;ESE;117;4
-2;-6;18;14;341;83;3;-4;0.0;1038;113;WSW;244;9
-2;-6;16;50;342;75;0;-3;0.0;1035;116;S;185;12
-2;-5;8;47;343;74;0;-3;0.7;1028;116;SSE;159;6
-2;-4;9;53;344;71;2;-4;0.0;1025;122;S;182;6
1;-2;15;70;345;94;3;-1;0.2;1015;143;S;186;9
1;-3;23;57;346;83;4;0;1.4;1016;335;WNW;297;14
-3;-7;14;41;347;57;-1;-5;0.0;1031;119;WSW;249;11
-5;-7;10;48;348;77;-3;-6;0.4;1027;335;S;175;7
-3;-5;14;62;349;93;1;-4;0.4;1029;332;SW;228;7
-4;-7;14;17;350;87;1;-6;0.0;1037;113;SSW;193;7
-6;-8;8;60;351;94;-2;-7;0.0;1038;143;SE;137;5
-5;-7;6;79;352;87;-3;-8;0.1;1035;326;S;190;4
-5;-5;6;27;353;86;1;-7;0.0;1035;113;SW;224;3
-5;-6;4;24;354;88;-1;-8;0.0;1034;116;NNE;29;2
-5;-7;9;5;355;89;-2;-6;0.0;1035;113;S;178;5
-6;-8;8;16;356;92;-2;-9;0.0;1035;113;S;179;4
-6;-7;6;8;357;88;-2;-9;0.0;1035;113;S;172;3
-6;-9;12;39;358;89;-4;-7;0.2;1031;143;SSE;166;8
-5;-7;10;93;359;96;-1;-6;0.9;1023;338;SE;143;6
-1;-3;9;98;360;96;1;-3;1.1;1023;248;S;173;5
0;-4;22;47;361;86;4;-3;0.4;1023;116;WSW;248;11
-1;-6;28;38;362;80;2;-2;0.0;1028;116;NNW;341;19
-2;-8;30;59;363;83;-1;-3;0.6;1038;326;N;7;19
-4;-7;17;11;364;73;0;-6;0.0;1039;113;N;352;9
-5;-6;9;22;365;65;-1;-6;0.0;1033;122;S;178;4
