HeatIndexC;WindChillC;WindGustKmph;cloudcover;day;humidity;maxtemp;mintemp;precipMM;pressure;weatherCode;winddir16Point;winddirDegree;windspeed
18;17;16;9;244;51;23;14;0.0;1022;113;SE;139;10
17;17;17;3;245;47;24;14;0.0;1017;113;SE;133;11
20;19;18;13;246;49;26;16;0.0;1011;113;SE;142;12
17;17;9;61;247;86;19;17;5.5;1010;296;SW;234;6
14;13;18;51;248;82;17;13;3.8;1012;296;WSW;254;12
13;13;18;58;249;74;16;12;0.0;1020;119;W;273;11
15;15;11;38;250;73;20;14;0.9;1025;353;NNW;333;7
16;15;10;6;251;68;21;14;0.0;1028;113;ENE;62;6
18;17;13;10;252;68;24;14;0.0;1027;113;ENE;77;8
19;19;13;9;253;53;25;15;0.0;1025;113;ENE;66;8
20;20;13;10;254;56;26;18;0.0;1023;113;NNE;26;8
18;17;11;44;255;83;23;16;6.1;1020;353;NNW;340;6
15;15;7;60;256;80;18;14;0.4;1016;119;SW;224;4
17;17;12;44;257;75;22;14;0.6;1020;176;ENE;71;8
18;18;16;13;258;61;25;14;0.1;1022;113;ESE;101;9
19;19;12;10;259;62;25;15;0.0;1017;113;SSE;162;7
19;18;12;26;260;66;23;18;2.9;1014;353;NNW;337;8
15;14;12;16;261;59;19;13;0.0;1021;113;NNE;24;8
13;12;13;10;262;62;18;10;0.0;1024;116;E;94;8
14;13;15;5;263;56;20;11;0.0;1022;113;SE;132;9
16;16;7;12;264;64;24;12;0.0;1022;113;WNW;294;4
18;17;9;13;265;72;24;15;0.1;1023;113;WNW;295;5
19;18;19;4;266;66;24;16;0.0;1021;113;W;260;12
16;16;14;44;267;67;19;16;0.0;1020;119;WNW;286;9
13;13;15;15;268;68;19;11;0.0;1022;116;NW;305;10
14;13;12;7;269;75;20;11;0.0;1027;113;WNW;301;7
15;14;5;39;270;72;22;13;0.0;1027;119;SW;221;3
17;16;18;22;271;63;23;13;0.0;1018;113;WSW;244;11
13;11;22;87;272;85;15;12;11.1;1010;296;W;274;15
9;7;14;19;273;71;13;6;1.3;1016;119;WNW;285;9
10;8;24;46;274;78;15;6;1.7;1008;266;SW;228;15
9;7;18;59;275;68;12;8;1.0;1012;119;W;266;13
9;8;15;40;276;70;13;7;0.9;1015;116;SW;230;10
12;11;26;22;277;63;17;9;0.4;1008;116;WSW;240;17
11;9;20;8;278;61;14;9;0.3;1016;113;W;275;14
10;9;11;50;279;71;15;8;1.4;1020;116;ESE;109;7
14;13;19;78;280;95;18;12;6.8;1014;353;WSW;249;11
19;18;26;49;281;76;24;15;0.1;1011;116;SW;214;16
11;10;15;11;282;68;14;10;0.0;1020;113;NW;308;10
8;6;18;43;283;75;12;5;4.8;1020;116;ESE;105;12
9;8;14;96;284;94;11;8;13.0;1009;296;SW;232;9
10;9;15;86;285;87;13;9;5.7;1004;353;SSW;197;11
4;0;31;100;286;93;5;3;22.1;1007;317;NNW;345;21
0;-4;23;100;287;99;1;0;40.2;1001;338;WNW;303;15
1;-1;11;100;288;100;2;1;11.0;1010;332;E;95;7
2;-1;14;90;289;94;4;1;4.9;1014;332;SW;223;10
3;2;7;100;290;92;5;2;2.3;1015;317;SW;215;4
5;5;5;85;291;88;8;4;2.1;1019;353;SSE;164;3
4;3;10;32;292;83;9;2;0.1;1022;113;ENE;78;6
5;2;14;84;293;91;5;4;16.1;1018;302;ENE;63;10
5;3;12;100;294;98;6;4;17.9;1016;296;SSW;195;8
6;5;10;94;295;96;8;5;0.8;1013;122;ESE;119;7
8;8;10;99;296;98;11;8;10.5;1011;296;E;86;6
10;9;9;89;297;96;11;9;1.4;1017;266;ENE;64;6
11;11;7;95;298;96;13;10;0.5;1019;143;SE;130;5
11;10;12;62;299;91;14;10;0.8;1018;113;SW;215;7
11;10;11;75;300;91;13;10;6.4;1017;353;W;273;8
7;5;19;74;301;87;7;7;2.2;1017;266;WNW;302;13
5;3;13;60;302;84;7;4;0.3;1021;122;NNW;328;9
3;1;11;49;303;85;6;3;0.3;1030;119;NNW;345;7
1;-1;9;22;304;80;5;-1;0.0;1031;113;NNW;342;6
1;-1;9;29;305;79;3;0;0.2;1028;116;ESE;107;6
0;-5;24;0;306;61;3;-2;0.0;1018;113;ESE;123;16
-1;-7;24;1;307;51;1;-3;0.0;1012;113;ESE;109;19
-1;-6;30;79;308;78;2;-2;0.2;1005;122;ESE;122;19
2;-2;21;61;309;81;4;1;1.4;1009;113;SE;132;14
4;1;18;77;310;89;6;2;1.8;1009;113;SE;124;12
6;4;13;99;311;97;8;5;3.7;1008;266;SSE;147;8
7;6;14;99;312;97;10;5;3.9;1009;296;ENE;67;8
9;7;22;100;313;93;10;8;3.0;1010;266;ESE;119;15
7;5;13;100;314;94;8;6;11.1;1009;302;ENE;70;9
5;3;13;100;315;96;6;5;14.9;1000;302;NNE;15;9
5;2;13;100;316;94;5;4;5.5;1006;296;W;275;9
5;3;10;86;317;93;6;4;1.5;1016;266;W;269;7
6;4;13;67;318;93;8;5;0.2;1021;143;SE;146;9
5;3;12;99;319;95;5;5;13.7;1017;302;SE;127;8
7;6;7;93;320;96;9;6;3.1;1016;143;SSE;160;5
7;5;16;99;321;97;9;6;5.7;1015;296;SSW;194;10
9;7;25;77;322;91;11;8;5.0;1016;119;W;263;15
9;6;32;94;323;89;10;8;5.1;1019;266;W;268;19
7;5;19;13;324;84;9;6;0.0;1024;113;WSW;245;11
7;6;18;42;325;85;10;6;0.2;1025;116;WSW;255;10
8;7;14;44;326;89;10;7;0.1;1019;116;S;173;9
6;4;21;47;327;90;8;5;0.6;1012;263;SW;226;13
8;5;29;90;328;86;9;7;3.3;1008;353;WSW;240;18
8;6;17;72;329;93;10;7;2.1;1012;266;WSW;242;11
7;5;18;35;330;91;10;6;0.0;1013;116;SW;228;11
6;4;19;63;331;92;8;5;0.0;1012;116;S;188;12
6;4;15;42;332;92;8;5;0.0;1012;119;SSW;208;9
5;3;19;29;333;84;8;4;0.0;1012;116;SSW;194;13
6;3;27;27;334;82;9;4;0.0;1009;113;SSE;162;16
9;7;24;31;335;78;11;8;0.0;1007;116;SSE;157;14
6;4;17;45;336;86;9;6;0.1;1013;122;WSW;244;10
3;1;11;39;337;91;5;0;0.1;1016;143;E;92;6
5;3;14;81;338;90;7;5;0.8;1013;143;E;92;9
3;2;8;85;339;82;5;2;1.3;1017;317;ESE;107;6
2;-1;11;44;340;85;3;1;0.6;1018;119;SE;130;8
4;1;20;100;341;93;6;3;6.5;1015;296;SSW;211;12
4;2;13;61;342;91;6;4;0.6;1016;116;SE;135;9
3;2;8;91;343;94;4;3;3.3;1021;266;E;83;6
3;2;8;91;344;86;5;2;0.6;1024;122;WSW;244;5
1;-2;14;61;345;85;3;0;0.5;1022;116;ENE;75;9
-2;-5;14;88;346;68;0;-3;0.7;1024;122;ENE;59;10
-5;-8;8;15;347;77;-3;-6;0.0;1024;116;NE;44;5
-5;-7;9;66;348;91;-3;-7;1.7;1021;326;SW;216;6
-5;-9;12;41;349;84;-4;-5;0.2;1022;113;E;86;8
-8;-14;22;97;350;86;-7;-8;3.1;1016;326;E;92;16
-11;-18;24;100;351;89;-9;-11;10.6;1011;332;E;93;17
-12;-18;16;100;352;91;-11;-12;2.5;1012;326;E;88;12
-12;-16;9;100;353;96;-11;-13;0.8;1011;326;E;95;7
-13;-18;11;100;354;97;-11;-14;3.9;1006;332;SSW;202;8
-9;-15;23;92;355;98;-5;-12;2.1;1009;332;SW;221;15
-3;-9;25;92;356;99;0;-6;0.3;1006;122;SSE;167;15
2;-2;31;100;357;99;4;1;19.1;999;308;S;187;17
1;-2;18;99;358;99;3;0;11.4;1008;320;ESE;106;12
7;5;27;100;359;99;9;7;25.5;996;308;S;176;15
3;-1;27;78;360;91;3;3;4.5;1004;326;WSW;247;17
0;-2;14;29;361;88;2;-1;0.0;1009;116;S;186;8
0;-3;20;100;362;96;1;0;13.2;1000;338;SW;216;13
-1;-6;29;87;363;93;1;-2;2.3;1006;326;WNW;289;18
-2;-5;13;74;364;95;0;-3;2.0;1004;326;ESE;123;8
-2;-5;15;100;365;97;-1;-2;8.6;1000;332;ENE;67;11
