HeatIndexC;WindChillC;WindGustKmph;cloudcover;day;humidity;maxtemp;mintemp;precipMM;pressure;weatherCode;winddir16Point;winddirDegree;windspeed
11;9;21;100;244;99;11;10;65.1;1003;308;NNW;338;15
12;11;21;70;245;95;14;10;24.4;1008;299;WNW;298;16
11;10;17;44;246;81;16;9;3.6;1017;176;WNW;282;12
12;11;9;42;247;67;16;10;0.2;1021;116;SSW;197;5
9;8;15;92;248;96;11;9;27.3;1021;302;N;352;10
10;9;9;79;249;95;13;9;9.1;1020;353;WSW;240;6
10;9;13;81;250;97;12;8;23.1;1019;302;E;94;8
12;11;19;43;251;79;17;9;0.0;1019;116;E;97;12
11;10;25;51;252;87;15;10;8.1;1019;302;ESE;111;17
14;14;12;90;253;89;18;13;0.9;1022;266;SE;129;8
12;12;9;89;254;89;15;10;8.1;1022;266;ENE;62;6
14;14;7;47;255;79;21;12;0.0;1022;116;ENE;57;4
16;15;6;9;256;73;22;13;0.0;1020;113;ESE;112;4
14;14;13;34;257;77;19;12;0.2;1020;116;W;261;8
14;14;18;88;258;91;19;13;6.7;1012;353;SW;221;12
14;14;20;40;259;78;19;14;2.3;1010;176;WSW;244;13
13;12;18;36;260;85;18;12;4.5;1011;353;SSW;211;11
11;11;15;52;261;78;17;9;0.2;1015;116;WSW;251;10
11;10;11;23;262;68;16;10;0.0;1017;116;W;278;7
11;11;10;17;263;71;17;9;0.0;1020;113;SW;228;6
13;12;16;45;264;69;19;9;0.0;1020;116;SW;230;10
11;11;12;34;265;80;16;9;0.0;1024;113;NW;310;8
11;11;13;5;266;72;18;9;0.0;1022;113;SSE;150;8
14;13;20;2;267;73;21;10;0.0;1013;113;SSE;168;12
15;14;19;10;268;74;22;11;0.0;1008;113;SE;138;11
15;15;18;78;269;86;21;13;0.4;1005;122;ESE;110;12
13;12;18;85;270;90;15;13;8.5;1004;266;SSW;206;13
10;8;19;100;271;97;10;9;14.2;1003;296;SW;218;14
9;7;17;100;272;96;11;7;10.2;1010;296;WNW;284;11
6;4;12;100;273;96;8;5;8.5;1016;296;NW;320;10
6;5;9;100;274;97;7;5;2.9;1020;266;NE;55;6
6;5;11;66;275;91;10;5;0.2;1024;116;E;100;7
6;4;17;42;276;84;10;4;0.7;1023;113;E;96;11
7;4;24;1;277;73;11;4;0.0;1025;113;ESE;119;15
6;3;25;0;278;72;11;2;0.0;1024;113;ESE;110;16
6;3;24;0;279;72;11;3;0.0;1028;113;ESE;105;15
4;1;19;0;280;70;9;1;0.0;1033;113;ESE;103;12
3;1;14;2;281;72;9;0;0.0;1035;113;E;90;8
5;3;14;19;282;82;12;1;0.0;1028;113;NNE;31;8
6;4;12;25;283;78;12;2;0.0;1020;116;NNE;22;6
5;4;12;10;284;80;11;3;0.0;1017;116;NNW;344;7
5;3;13;9;285;75;10;2;0.0;1017;113;WNW;288;8
4;3;9;23;286;73;9;2;0.0;1018;113;N;352;6
4;2;14;26;287;64;10;1;0.0;1013;116;SW;230;8
5;4;12;69;288;86;10;5;1.2;1010;353;WNW;304;7
4;2;15;57;289;74;9;1;0.0;1015;119;ENE;76;9
3;1;17;34;290;66;8;1;0.0;1022;116;NE;51;11
4;2;12;90;291;87;7;1;0.2;1021;122;ENE;71;8
8;7;7;96;292;94;9;5;1.4;1011;122;SE;138;5
7;6;12;63;293;89;9;5;2.9;1003;119;WSW;250;8
3;0;24;83;294;85;5;2;1.2;1013;362;WSW;258;15
5;2;25;32;295;74;9;1;0.0;1021;116;SW;227;17
5;2;18;28;296;76;10;2;0.3;1018;113;S;180;10
8;6;17;43;297;80;13;4;1.0;1011;116;SSW;196;11
7;6;10;67;298;89;9;5;1.6;1016;263;WNW;296;7
5;3;10;91;299;86;6;4;2.4;1022;122;W;276;7
2;0;11;39;300;87;6;0;0.1;1028;113;WNW;284;6
3;0;15;40;301;77;7;-1;0.0;1024;119;SSW;192;10
4;2;17;24;302;84;9;1;0.0;1020;116;SW;230;9
5;2;22;16;303;74;10;2;0.0;1017;113;SSE;158;12
6;3;24;4;304;67;12;2;0.0;1015;113;S;173;13
7;5;23;12;305;70;13;4;0.0;1015;116;S;178;12
9;7;17;42;306;80;14;6;0.0;1015;116;SSW;212;9
10;9;15;53;307;87;14;6;0.0;1015;116;SW;220;10
10;8;25;99;308;94;12;9;9.1;1015;302;SW;232;16
12;10;31;100;309;97;13;11;2.9;1012;266;WSW;249;20
10;8;22;98;310;96;11;9;9.0;1008;296;WSW;240;14
6;5;13;76;311;91;8;5;0.9;1007;266;SSE;169;8
10;8;19;63;312;94;13;6;0.0;992;116;SSE;155;12
9;7;23;49;313;86;11;8;0.3;988;116;S;190;13
9;8;19;59;314;94;11;8;3.5;992;143;SW;223;12
6;4;16;67;315;93;10;5;0.0;1007;119;SW;232;10
5;2;26;57;316;95;7;3;5.8;998;302;SW;217;16
9;6;30;77;317;96;12;6;2.2;1001;263;SW;221;18
9;8;18;63;318;95;12;8;0.0;1009;248;SSW;197;11
8;7;15;78;319;96;12;6;0.0;1013;248;SSW;207;8
8;7;12;100;320;97;10;6;0.8;1016;266;NE;53;8
8;6;15;94;321;95;9;7;0.5;1014;143;E;92;10
9;8;12;100;322;97;11;8;1.5;1011;353;ESE;118;7
8;7;12;86;323;96;10;6;0.3;1017;248;S;177;7
6;5;12;73;324;95;9;6;6.6;1017;266;WSW;244;8
4;3;10;91;325;95;7;3;0.0;1017;122;SE;127;6
5;2;22;78;326;95;7;3;0.0;1008;119;ESE;116;15
5;2;22;70;327;93;8;4;2.8;994;119;SW;235;13
2;-2;18;92;328;91;4;1;0.8;997;326;SW;236;13
-1;-5;22;59;329;87;1;-2;1.0;1004;116;WSW;248;14
0;-3;11;26;330;86;2;-2;0.0;1006;113;S;174;7
0;-4;14;68;331;84;1;-1;3.2;1005;332;ENE;69;10
-1;-4;12;85;332;96;0;-2;1.4;1014;143;SSE;163;9
-3;-9;23;99;333;99;-2;-4;22.1;1000;338;NE;46;17
-8;-13;13;98;334;95;-7;-9;3.2;1014;326;NW;310;10
-7;-12;18;95;335;98;-5;-11;20.4;1010;326;SE;139;13
-7;-12;20;90;336;100;-2;-10;9.7;1011;332;SSE;154;13
-5;-8;12;94;337;100;-3;-7;8.3;1012;332;ENE;66;8
-10;-14;14;49;338;99;-8;-11;0.6;1021;260;WSW;250;8
-10;-15;21;27;339;99;-8;-14;0.0;1018;260;SSE;159;10
-3;-7;16;95;340;100;-2;-6;2.1;1007;326;SSW;202;10
-2;-4;12;99;341;100;0;-3;8.0;1006;320;ENE;57;6
-1;-4;14;100;342;100;0;-2;3.2;1007;296;E;89;7
-1;-5;22;99;343;99;1;-2;3.5;1002;326;W;279;15
-3;-8;21;99;344;100;-2;-4;7.8;1011;332;WNW;290;14
-5;-10;22;88;345;99;-3;-6;2.5;1011;122;S;184;14
-1;-5;16;100;346;100;0;-3;8.7;1000;332;SSW;192;9
-3;-5;7;100;347;100;-1;-4;5.0;1009;332;W;273;5
-7;-10;10;94;348;99;-5;-8;3.4;1014;332;W;266;6
-9;-12;10;81;349;99;-6;-10;0.4;1019;260;ENE;67;6
-9;-14;13;91;350;99;-7;-10;0.9;1015;326;SW;225;9
-10;-15;17;72;351;99;-8;-11;0.0;1006;260;SE;128;11
-10;-12;7;100;352;99;-8;-11;1.0;1004;326;W;268;5
-8;-13;17;97;353;99;-6;-9;2.8;1007;260;SSW;213;12
-3;-8;24;71;354;99;0;-5;1.1;1004;326;SW;214;15
-4;-7;14;69;355;100;-2;-11;2.4;1013;326;SSE;150;8
-1;-3;12;99;356;100;0;-1;1.8;1012;266;ESE;104;6
1;-2;19;90;357;100;2;0;2.0;1008;266;SSE;163;9
2;-1;24;92;358;100;3;2;2.2;1001;266;SSE;162;11
0;-3;15;95;359;100;2;-1;4.8;1002;332;WNW;298;10
-4;-9;19;100;360;98;-4;-5;3.1;1017;326;WNW;287;14
-6;-8;6;91;361;92;-6;-7;0.7;1025;122;W;277;4
-7;-9;6;84;362;96;-5;-8;0.5;1024;143;NE;49;4
-7;-13;22;100;363;95;-7;-7;3.9;1023;326;W;264;16
-7;-14;27;99;364;98;-5;-8;10.3;1020;332;W;263;17
-6;-11;19;97;365;100;-3;-8;6.3;1018;338;WSW;244;13
