HeatIndexC;WindChillC;WindGustKmph;cloudcover;day;humidity;maxtemp;mintemp;precipMM;pressure;weatherCode;winddir16Point;winddirDegree;windspeed
22;22;16;8;244;62;26;20;2.9;1013;176;E;86;9
15;15;21;73;245;79;16;16;1.0;1012;122;WNW;285;14
12;11;19;81;246;95;13;12;13.1;1011;302;SW;235;13
13;11;25;87;247;87;15;12;0.0;1011;176;WNW;290;18
13;11;28;100;248;92;14;12;13.1;1013;302;W;281;20
14;13;12;100;249;94;15;13;1.6;1011;122;WNW;290;9
14;12;34;81;250;79;15;14;2.7;1008;122;W;272;23
15;14;28;45;251;67;20;13;0.0;1012;116;WSW;243;19
18;17;28;0;252;65;23;14;0.0;1008;113;S;186;17
23;21;27;22;253;70;26;19;0.0;1006;116;SSW;209;16
21;21;28;24;254;66;27;18;0.0;1006;119;S;187;17
17;16;23;77;255;85;20;16;3.0;1005;356;NW;318;16
16;15;29;25;256;69;19;13;1.7;1009;113;WSW;239;21
18;17;39;64;257;70;22;16;5.8;1005;122;SW;230;25
12;11;28;49;258;75;15;12;6.4;1013;122;WSW;254;20
13;12;15;72;259;82;16;12;8.8;1015;302;ESE;122;10
14;13;9;89;260;93;16;13;23.0;1010;308;ESE;109;5
13;11;41;24;261;72;17;12;12.3;1011;113;W;267;28
13;12;17;49;262;75;17;12;0.0;1017;122;ESE;112;12
13;12;22;100;263;89;16;11;14.5;1014;122;NE;49;16
12;10;24;100;264;94;13;11;34.0;1012;302;NNE;20;17
13;12;15;100;265;91;14;12;4.7;1016;122;NW;305;11
14;14;26;83;266;88;17;14;5.3;1017;122;ESE;102;18
12;11;22;86;267;91;13;12;11.8;1022;302;ENE;65;15
13;12;25;59;268;87;17;12;1.6;1025;122;ESE;106;17
14;13;29;40;269;75;20;12;0.0;1029;119;ESE;101;18
13;11;32;78;270;69;17;10;0.0;1033;122;ESE;106;22
11;9;28;10;271;70;16;9;0.0;1034;113;ESE;110;18
10;7;29;29;272;66;15;7;0.0;1032;116;SE;126;19
9;7;26;48;273;67;15;6;0.0;1028;119;ESE;124;16
8;6;25;0;274;72;14;5;0.0;1028;113;ESE;120;15
9;7;26;7;275;70;15;5;0.0;1025;113;SSE;159;15
9;7;30;84;276;81;10;9;18.4;1016;302;SSW;212;20
11;9;30;79;277;82;14;10;1.5;1018;122;WSW;256;20
10;7;45;93;278;78;12;10;11.2;1003;302;SW;235;31
9;6;40;92;279;81;12;9;8.4;1004;122;W;276;29
8;5;23;85;280;89;10;7;0.0;1014;122;W;269;15
8;5;29;70;281;87;10;7;0.0;1009;176;WSW;245;19
7;3;35;63;282;80;9;5;0.0;1012;122;W;275;24
8;5;34;47;283;77;12;7;0.0;1014;116;W;263;24
12;9;34;100;284;89;13;11;5.1;1015;302;WSW;257;23
13;12;32;61;285;81;16;11;0.0;1016;122;WSW;255;21
9;6;42;75;286;76;11;10;0.0;1019;122;WNW;286;28
12;10;30;78;287;84;16;7;0.0;1023;122;W;270;21
14;13;31;84;288;89;15;15;0.0;1025;122;WNW;291;20
15;14;24;14;289;82;20;11;0.0;1025;113;WSW;238;14
15;14;24;0;290;77;20;12;0.0;1023;113;SW;236;13
15;15;22;23;291;71;21;12;0.0;1017;119;WSW;243;12
14;14;12;3;292;80;18;12;0.0;1016;113;NE;36;7
12;11;15;38;293;88;17;9;0.0;1018;116;ESE;112;9
11;10;14;50;294;87;13;9;0.0;1015;200;WSW;256;9
10;7;20;99;295;85;11;8;0.0;1016;122;SE;128;15
8;5;18;100;296;88;8;8;11.9;1014;302;E;82;14
5;2;17;90;297;83;6;4;1.6;1025;122;ENE;67;12
4;1;24;78;298;89;7;2;5.3;1024;296;S;174;15
10;8;33;95;299;86;11;9;2.5;1019;353;W;277;22
9;7;28;84;300;85;11;9;6.9;1011;353;WNW;284;19
7;3;35;91;301;84;8;5;5.2;1007;296;W;263;25
7;2;53;96;302;78;9;7;26.4;985;389;W;277;39
3;-3;55;83;303;71;5;3;3.5;1002;362;NW;306;40
2;-3;40;53;304;70;5;0;0.3;1017;368;WNW;298;27
5;1;35;95;305;87;8;5;3.2;1017;296;W;262;24
9;5;34;100;306;90;9;9;21.0;1009;302;WSW;248;24
8;6;22;87;307;92;9;8;2.6;1014;266;WNW;298;15
8;5;20;32;308;85;11;5;0.4;1019;116;S;186;13
7;4;33;31;309;76;11;5;0.0;1015;122;S;186;21
8;7;15;9;310;74;13;5;0.0;1018;116;S;188;9
7;4;19;51;311;81;9;6;0.0;1025;122;ESE;108;13
4;1;31;42;312;78;7;2;0.0;1025;119;ESE;111;21
6;3;19;56;313;86;9;3;0.0;1022;116;S;179;12
6;4;24;89;314;84;8;5;0.8;1016;266;SW;227;16
5;1;36;80;315;74;6;5;5.8;1007;353;WSW;253;25
5;1;24;70;316;75;6;4;0.5;1005;116;WSW;257;18
4;1;24;100;317;88;7;4;8.5;1005;296;W;271;18
3;-1;19;55;318;84;5;2;0.3;1021;116;WNW;293;13
2;-1;19;72;319;88;4;0;0.2;1027;176;W;259;12
4;2;13;59;320;83;7;3;0.1;1028;122;SSW;197;8
2;0;13;61;321;87;5;0;0.0;1023;119;WSW;239;8
3;0;15;81;322;81;5;2;1.0;1017;122;W;273;10
2;-2;29;89;323;78;4;1;0.8;1008;332;WSW;247;20
2;-3;31;90;324;83;3;2;5.1;1009;395;WNW;284;22
0;-3;17;69;325;86;3;-2;0.1;1014;122;WSW;256;11
2;-2;19;76;326;88;4;-1;3.4;1015;296;SE;141;12
4;1;25;35;327;89;8;2;0.3;1017;116;S;174;15
5;1;30;20;328;83;8;2;0.0;1017;116;SSW;213;17
8;4;34;70;329;82;11;6;0.3;1013;119;S;186;22
5;1;25;96;330;81;5;4;2.9;1016;317;NW;318;18
2;-1;15;85;331;82;3;0;0.1;1021;122;WNW;286;10
1;-4;27;25;332;79;4;-1;0.0;1015;116;SSE;166;17
1;-3;21;79;333;80;3;0;1.8;1010;338;S;189;13
1;-4;28;99;334;87;2;0;10.0;1003;338;ESE;114;19
1;-4;31;92;335;83;3;1;0.7;1011;326;WSW;254;22
0;-3;12;94;336;91;2;-1;0.4;1024;332;SE;125;8
0;-3;12;95;337;87;2;-1;2.2;1023;122;ENE;59;8
0;-6;29;83;338;87;1;-3;4.2;1016;338;WSW;258;21
0;-5;32;96;339;91;1;0;2.8;1021;338;W;272;22
5;0;50;100;340;86;6;5;13.7;1018;296;WNW;282;33
4;-1;40;86;341;81;5;4;3.1;1018;266;W;261;27
3;-2;37;52;342;74;6;2;0.8;1009;176;SW;221;24
1;-1;13;94;343;84;2;1;4.3;1007;338;NW;318;9
0;-5;28;76;344;73;2;-1;0.2;1005;326;SW;222;20
3;-1;50;66;345;76;6;2;1.0;998;266;SSW;198;32
8;5;44;57;346;72;11;8;0.2;1003;176;SW;215;28
2;-2;20;40;347;72;3;1;0.0;1016;116;WSW;253;13
2;-3;43;61;348;71;5;1;1.7;1001;266;SSW;206;27
2;-2;29;53;349;85;4;1;1.7;1000;296;SSE;167;17
0;-3;19;85;350;90;1;1;0.8;1005;338;NW;312;13
0;-2;11;43;351;86;2;0;0.4;1018;116;W;267;8
-2;-5;16;22;352;85;0;-2;0.0;1025;116;ESE;120;10
-3;-8;24;70;353;83;-1;-4;0.0;1029;122;WNW;302;17
-1;-7;24;98;354;86;0;-3;2.9;1030;338;NNW;326;17
-3;-6;23;89;355;91;-1;-3;2.5;1027;338;SW;226;16
2;-4;35;99;356;95;2;2;3.7;1023;338;WNW;289;23
1;-4;37;100;357;95;2;1;8.8;1019;338;WSW;256;24
8;4;54;100;358;85;8;8;4.7;1011;353;WNW;286;36
7;3;41;87;359;83;8;7;2.5;1015;266;W;264;28
3;-1;33;34;360;85;6;2;0.0;1010;122;SW;215;21
3;0;33;24;361;84;6;1;0.0;1002;116;S;179;20
7;3;35;47;362;73;10;6;0.1;996;116;SSE;157;21
3;-1;19;98;363;85;3;2;2.4;1005;332;WNW;285;14
0;-3;19;35;364;76;3;-1;0.1;1013;116;S;186;12
3;-2;37;85;365;84;5;3;4.5;1007;296;WSW;259;24
