HeatIndexC;WindChillC;WindGustKmph;cloudcover;day;humidity;maxtemp;mintemp;precipMM;pressure;weatherCode;winddir16Point;winddirDegree;windspeed
21;21;13;28;244;71;28;17;0.0;1019;116;S;188;8
21;21;12;43;245;77;27;17;0.0;1022;116;NE;36;7
22;21;11;39;246;71;29;18;6.8;1020;176;ENE;56;7
20;20;12;11;247;67;25;16;0.3;1019;113;NNW;327;7
20;20;8;8;248;69;25;18;0.0;1017;116;WNW;281;5
15;15;18;41;249;71;19;15;0.7;1018;263;NW;305;12
14;13;18;58;250;66;18;11;0.6;1019;122;W;274;13
14;14;16;54;251;80;18;12;0.4;1018;176;W;278;11
16;15;15;35;252;66;20;14;0.3;1020;353;NNW;331;10
16;16;16;3;253;56;23;12;0.0;1022;113;SSE;146;10
19;19;16;4;254;57;27;15;0.0;1016;113;S;185;9
21;21;15;17;255;59;27;17;1.3;1009;116;SSW;210;10
19;19;9;27;256;73;27;16;0.1;1009;113;WSW;239;7
15;14;9;69;257;75;18;11;0.9;1014;119;NW;313;7
14;14;18;28;258;71;19;12;0.1;1012;116;WNW;285;12
14;13;10;50;259;77;20;11;0.1;1018;122;WNW;294;6
16;15;10;11;260;68;22;12;0.0;1018;113;S;180;6
18;17;12;23;261;57;23;13;0.0;1015;119;S;190;7
18;17;18;39;262;72;25;15;6.0;1011;353;WSW;248;13
10;10;12;84;263;89;12;9;11.9;1020;302;NNW;330;8
12;11;12;10;264;71;18;8;0.0;1023;113;NE;35;7
12;10;18;39;265;70;16;8;0.1;1015;116;S;179;11
10;8;22;18;266;66;15;8;0.0;1017;116;W;266;15
12;11;13;22;267;60;18;8;0.0;1011;116;SE;125;7
16;15;9;46;268;86;21;13;0.2;1007;119;W;278;6
18;17;20;18;269;72;24;13;0.0;1010;116;S;179;12
20;19;21;22;270;66;25;16;0.9;1010;113;SW;219;14
15;15;13;29;271;74;19;13;2.1;1017;116;W;262;10
15;15;13;16;272;66;20;11;0.0;1019;116;SSE;164;8
14;14;14;24;273;72;17;13;5.7;1020;113;WNW;283;10
13;12;14;28;274;71;17;8;2.6;1021;176;ESE;118;9
16;16;8;50;275;84;20;13;5.4;1017;116;WNW;303;5
12;12;14;61;276;91;14;11;16.2;1016;302;WNW;303;9
14;13;18;36;277;78;19;10;0.0;1015;113;SSW;203;10
12;10;23;57;278;72;14;9;4.7;1015;116;WSW;243;15
16;15;26;46;279;70;20;13;0.0;1012;116;SW;220;16
11;11;12;59;280;80;14;10;4.7;1012;302;W;272;9
8;5;19;57;281;87;10;6;0.5;1015;353;W;279;13
8;6;21;35;282;75;13;5;0.2;1009;116;SW;227;14
8;5;18;52;283;75;10;5;1.5;1012;353;W;273;13
7;5;14;64;284;85;9;6;2.2;1014;353;W;276;9
6;5;12;8;285;75;13;3;0.0;1018;113;SSW;192;6
7;6;12;47;286;79;10;5;0.0;1016;122;SW;231;7
9;8;16;42;287;86;14;6;0.0;1012;116;SE;142;10
12;11;22;20;288;83;18;8;0.0;1009;116;S;180;13
14;13;12;59;289;88;18;10;4.9;1012;353;ESE;113;8
11;9;18;43;290;81;13;8;0.6;1017;176;W;262;13
10;9;16;20;291;80;15;6;0.0;1024;113;SSE;161;9
11;10;16;5;292;70;17;7;0.0;1023;113;SSE;152;9
10;9;16;0;293;77;16;7;0.0;1022;113;ESE;124;9
11;11;10;16;294;83;17;7;0.0;1021;113;S;182;6
12;12;9;11;295;85;17;9;0.0;1023;113;SW;232;5
10;10;9;83;296;83;12;8;0.2;1025;122;N;9;7
8;7;7;33;297;73;11;5;0.4;1022;116;E;95;5
7;6;15;46;298;78;11;3;0.0;1010;122;SW;235;11
5;2;16;49;299;66;5;3;2.4;1009;182;WNW;300;13
3;0;17;98;300;90;4;2;33.9;999;308;E;87;12
1;-3;15;90;301;94;2;-1;5.1;1006;332;NNW;334;12
-1;-4;15;55;302;91;1;-3;4.3;1015;326;ENE;58;11
0;-3;12;80;303;95;1;-2;1.3;1008;326;WSW;241;8
2;-1;16;63;304;94;4;0;1.0;1012;143;SSW;200;11
3;-1;26;37;305;92;5;-1;1.0;1006;119;SE;125;15
7;5;14;90;306;97;8;5;1.7;1004;266;SW;228;8
7;4;19;34;307;88;9;5;0.2;1010;263;SSW;213;12
8;6;17;41;308;90;11;6;0.3;1010;122;SSW;202;10
9;7;24;80;309;90;10;7;9.0;999;302;WSW;245;15
5;2;23;76;310;86;7;4;0.5;1008;266;WSW;256;17
3;-1;26;69;311;91;5;2;2.5;1014;296;WSW;238;17
7;4;23;85;312;91;8;5;1.9;1017;266;WSW;243;16
7;4;15;97;313;96;7;6;3.5;1017;296;W;271;10
6;3;21;38;314;87;8;3;0.0;1020;113;SSE;146;13
8;5;27;15;315;65;11;5;0.0;1016;113;S;179;16
8;6;14;73;316;85;9;6;0.5;1023;266;W;265;8
5;3;12;56;317;91;7;3;0.0;1032;116;NW;320;8
2;1;10;35;318;89;6;0;0.0;1035;113;SE;132;5
1;-1;14;17;319;90;5;-1;0.0;1028;113;WSW;237;8
2;0;11;16;320;91;6;0;0.0;1025;116;S;170;6
2;-1;17;13;321;86;5;0;0.0;1022;113;SE;139;9
4;1;18;37;322;78;7;1;0.0;1018;119;S;178;9
4;2;9;48;323;93;6;2;0.0;1022;143;SW;222;6
4;2;12;59;324;91;5;3;0.0;1026;119;ESE;114;9
2;-1;15;20;325;84;4;0;0.0;1027;116;ESE;117;11
2;0;12;55;326;91;4;0;0.0;1026;119;SSE;150;9
3;1;9;75;327;94;4;1;0.0;1026;119;ESE;114;6
3;1;11;72;328;94;5;1;0.0;1024;143;SSW;197;6
5;3;12;63;329;94;7;3;0.1;1021;116;S;178;7
5;3;15;50;330;92;7;3;0.0;1016;119;SSW;209;10
6;4;14;64;331;92;7;4;0.1;1010;119;S;183;10
7;5;14;68;332;88;8;5;0.0;1005;116;S;172;9
7;5;24;32;333;83;10;5;0.5;994;263;SSE;168;13
5;2;18;61;334;81;7;3;0.1;1000;119;WSW;252;13
1;-1;10;64;335;83;2;-1;1.5;1014;119;WNW;292;7
1;-2;11;72;336;81;2;-1;1.1;1015;122;ESE;121;8
-2;-6;18;88;337;94;0;-3;8.8;1008;332;NW;320;12
-1;-5;15;80;338;87;0;-3;0.5;1004;122;S;181;12
-1;-4;14;87;339;93;1;-2;1.6;1001;122;SW;228;9
-4;-7;10;20;340;90;-3;-6;0.0;1009;113;WSW;245;7
-3;-5;6;86;341;93;-2;-5;1.9;1012;326;S;190;4
-5;-7;7;76;342;94;-3;-6;1.3;1020;143;W;274;5
-5;-8;9;39;343;90;-4;-7;0.5;1020;143;E;87;6
-5;-8;8;69;344;95;-4;-7;0.2;1010;143;SSE;148;6
-6;-7;6;73;345;94;-4;-8;0.1;1014;143;SSW;212;4
-4;-8;11;92;346;93;-4;-5;1.4;1017;326;NNW;335;8
-6;-11;19;69;347;89;-4;-8;0.5;1021;122;WSW;251;12
-6;-11;21;39;348;89;-3;-8;0.0;1023;116;SE;145;13
-2;-8;27;82;349;91;-1;-4;5.3;1016;332;SE;127;18
0;-4;15;100;350;98;1;-2;7.9;1013;311;SSE;157;10
-1;-5;18;99;351;95;0;-2;3.3;1015;326;SE;126;13
-3;-8;17;99;352;92;-3;-4;1.4;1018;326;ESE;122;13
-7;-12;17;91;353;89;-5;-9;0.4;1027;122;ESE;111;10
-8;-13;14;89;354;90;-7;-9;0.0;1029;122;ESE;103;10
-9;-15;14;97;355;93;-8;-11;0.2;1023;122;E;93;11
-8;-11;8;98;356;93;-7;-9;0.5;1025;122;ENE;64;6
-11;-17;18;76;357;95;-10;-13;0.1;1023;119;ESE;117;13
-2;-7;20;98;358;96;1;-4;7.2;1013;314;SSW;214;13
1;-4;27;48;359;94;1;-1;0.0;1009;116;SSW;203;15
2;-2;23;58;360;95;2;1;0.2;1011;116;SW;219;13
2;-2;26;70;361;92;3;1;1.5;1010;296;SSW;212;15
0;-4;18;39;362;83;1;-1;0.2;1020;116;NW;316;12
-2;-5;17;25;363;61;-1;-3;0.0;1029;116;S;188;10
-1;-5;22;24;364;63;0;-2;0.3;1023;113;SSW;211;13
0;-4;23;37;365;90;1;-1;0.0;1021;116;SW;223;14
