HeatIndexC;WindChillC;WindGustKmph;cloudcover;day;humidity;maxtemp;mintemp;precipMM;pressure;weatherCode;winddir16Point;winddirDegree;windspeed
29;29;16;15;244;42;35;25;0.0;1009;113;WSW;240;10
22;22;18;47;245;61;29;19;0.3;1010;266;W;278;13
20;19;11;37;246;57;26;17;0.0;1015;116;NNE;33;7
15;14;17;69;247;81;19;15;6.3;1013;356;SW;228;11
18;17;11;80;248;74;22;15;1.0;1012;263;SW;221;7
15;14;18;81;249;72;19;13;3.7;1009;353;W;264;13
11;9;27;99;250;89;14;10;7.4;1012;296;W;275;18
12;11;18;94;251;84;16;11;2.6;1017;353;W;272;13
15;14;11;49;252;78;20;12;0.7;1022;176;NNE;18;7
15;14;16;33;253;69;21;12;0.0;1027;116;E;91;10
16;15;21;42;254;58;21;14;0.0;1027;113;ESE;105;14
15;14;18;88;255;73;17;14;0.5;1025;266;ESE;112;13
18;16;15;46;256;80;23;12;0.0;1023;116;ESE;118;10
19;17;23;40;257;67;25;13;0.0;1016;113;SE;133;16
24;23;18;36;258;61;28;19;0.6;1013;176;S;188;12
25;24;22;27;259;60;30;20;0.9;1010;113;S;187;14
26;26;21;7;260;52;31;23;0.1;1006;113;S;190;13
23;22;16;14;261;55;27;18;0.5;1015;113;W;274;10
16;16;12;70;262;89;19;16;9.9;1019;353;NNE;22;8
15;14;12;58;263;89;17;13;10.0;1016;299;NNW;341;8
13;12;14;28;264;74;19;11;0.1;1015;119;W;278;9
15;14;15;7;265;66;20;11;0.0;1014;113;SE;134;9
20;19;15;27;266;70;27;14;0.4;1011;116;SSE;146;9
23;22;11;37;267;72;28;18;2.9;1015;200;NNE;21;7
18;18;14;100;268;97;19;17;5.9;1014;353;WSW;238;10
14;13;17;100;269;95;16;12;17.3;1017;302;N;350;13
12;11;17;55;270;83;16;11;4.3;1024;176;NNW;336;12
11;10;13;40;271;79;15;9;0.1;1031;122;N;351;8
11;9;15;39;272;75;15;9;0.1;1034;119;NNE;28;10
10;9;12;22;273;72;15;8;0.0;1035;113;NE;45;8
11;11;7;22;274;68;17;9;0.0;1033;119;NNW;332;4
12;11;14;74;275;58;18;8;0.0;1028;119;WSW;249;8
15;14;12;49;276;59;21;10;0.0;1022;119;S;181;6
17;15;15;9;277;73;22;12;0.0;1018;113;SSW;199;9
17;16;11;27;278;73;22;14;0.0;1015;119;WNW;295;6
14;14;13;67;279;83;20;12;0.3;1015;353;NE;51;9
7;4;21;24;280;59;10;5;0.0;1022;113;E;97;15
6;3;19;37;281;50;11;4;0.0;1023;122;E;97;13
4;1;14;14;282;56;10;2;0.0;1026;116;ENE;69;9
3;0;15;6;283;60;8;0;0.0;1027;113;E;83;9
3;0;21;61;284;57;8;1;0.0;1024;119;ENE;75;14
4;0;23;88;285;68;5;3;5.1;1024;296;E;89;17
5;2;21;80;286;87;7;4;2.7;1023;176;SE;128;14
5;2;21;22;287;69;9;3;0.2;1024;113;ESE;107;14
6;3;30;59;288;72;8;6;3.0;1025;296;ESE;116;20
9;7;25;66;289;79;12;8;1.9;1022;119;SE;126;17
11;10;14;84;290;91;15;9;2.3;1019;296;SSE;163;10
10;9;13;71;291;86;14;10;1.9;1019;176;W;271;8
8;7;9;48;292;82;14;6;0.0;1020;116;NW;306;5
6;4;14;100;293;96;8;4;8.8;1015;302;NNE;27;8
7;4;21;100;294;94;8;7;14.0;1013;296;WNW;291;15
8;6;14;90;295;92;10;6;3.7;1015;266;WNW;293;10
7;5;23;94;296;91;10;6;1.1;1016;266;W;277;14
7;5;17;83;297;91;9;6;0.2;1022;176;WNW;285;10
8;6;15;77;298;87;13;5;0.2;1021;122;WSW;245;10
8;6;16;30;299;83;11;7;0.4;1026;116;WNW;300;10
6;5;8;41;300;77;12;3;0.0;1027;113;SSE;154;4
6;4;17;13;301;70;11;3;0.0;1025;113;ESE;107;10
6;3;19;30;302;78;10;4;0.0;1024;116;SE;124;13
7;6;10;15;303;81;13;5;0.0;1031;113;E;91;6
6;3;18;21;304;76;11;3;0.0;1040;113;SE;126;10
6;4;16;14;305;68;12;3;0.0;1037;116;SW;219;9
6;4;19;9;306;59;11;4;0.0;1031;113;WSW;252;10
7;6;12;15;307;56;14;4;0.0;1027;113;S;188;6
6;4;14;56;308;61;12;3;0.0;1022;122;WSW;250;8
3;2;10;40;309;88;8;1;0.0;1024;119;ENE;64;6
2;1;7;32;310;86;8;0;0.0;1026;116;S;177;4
6;4;12;87;311;86;10;4;0.1;1025;176;SSW;213;6
10;8;29;69;312;87;14;12;2.0;1022;296;W;279;18
8;5;21;82;313;89;10;4;5.6;1019;302;SW;233;13
12;9;32;100;314;90;13;11;7.2;1012;296;W;276;21
13;12;29;100;315;91;14;13;2.9;1016;266;WNW;284;19
11;9;28;84;316;85;13;10;0.5;1021;122;W;273;18
9;8;14;62;317;88;11;8;0.0;1025;119;SSW;208;10
8;5;28;98;318;80;10;7;3.4;1018;176;W;277;19
6;3;17;90;319;86;7;5;4.5;1009;296;SSW;201;12
6;5;11;91;320;89;8;5;0.4;1013;122;WSW;249;8
8;6;19;98;321;92;11;7;0.9;1013;266;SW;222;13
11;8;31;99;322;88;13;9;6.0;1006;353;WSW;253;22
9;6;25;85;323;87;11;8;0.8;1010;266;WSW;254;17
7;4;23;90;324;89;9;5;5.8;1002;296;W;264;15
5;4;6;80;325;94;7;3;4.4;995;296;SW;227;4
3;1;10;97;326;94;4;2;7.8;999;320;NNW;328;8
2;0;9;73;327;92;4;1;0.2;1019;119;SW;230;6
0;-2;11;59;328;85;3;-1;0.0;1025;119;WSW;242;8
0;-3;11;16;329;84;2;0;0.0;1015;113;SE;141;9
0;-2;9;84;330;90;3;-1;0.0;1014;143;E;84;7
0;-2;9;30;331;77;2;-1;0.0;1021;113;ESE;102;6
0;-2;12;94;332;89;2;-1;0.7;1012;122;ESE;110;8
1;-2;19;85;333;92;3;1;0.4;1014;122;WSW;245;14
4;-1;31;96;334;87;6;2;3.5;1008;353;W;277;21
4;-1;27;97;335;88;4;3;7.4;1009;362;WNW;298;19
3;0;17;96;336;93;4;2;0.5;1024;176;W;278;11
5;3;11;100;337;98;8;3;0.6;1030;248;W;261;7
5;2;21;59;338;91;6;4;0.2;1030;116;SSW;200;13
5;2;22;50;339;88;8;4;0.2;1031;122;WSW;242;15
7;3;27;26;340;80;8;6;0.0;1026;116;SW;231;19
6;3;23;91;341;90;8;5;0.2;1031;176;W;267;14
4;2;10;69;342;95;7;2;0.0;1038;143;ESE;123;5
2;-1;13;54;343;94;4;0;0.0;1032;248;SSW;209;8
3;1;13;85;344;93;6;1;1.0;1035;122;WNW;292;8
2;-2;23;40;345;84;4;0;0.4;1026;113;SSW;211;13
3;-1;24;98;346;92;5;2;7.5;1018;317;W;266;16
4;0;27;100;347;91;6;2;6.0;1013;320;SW;222;19
1;-1;18;78;348;87;4;0;0.5;1025;176;NW;309;10
1;-1;8;94;349;86;3;0;0.9;1029;326;SE;142;6
1;-2;9;77;350;96;3;-1;0.0;1032;248;SSE;167;6
2;-2;23;71;351;91;4;1;1.1;1026;266;SW;218;14
6;3;23;100;352;96;8;4;6.1;1021;266;WSW;249;13
7;5;19;92;353;96;8;6;0.6;1024;143;WSW;248;12
6;3;18;39;354;90;8;4;0.0;1026;113;SW;224;12
4;1;23;36;355;88;6;3;1.0;1023;116;SW;229;15
7;4;31;85;356;83;9;6;1.8;1022;176;W;274;19
9;7;23;64;357;82;11;8;0.1;1024;116;WSW;242;16
5;3;15;54;358;92;8;5;0.0;1030;143;SW;235;8
5;2;21;79;359;91;8;4;0.2;1028;122;WSW;256;13
7;4;29;100;360;89;10;7;0.7;1024;176;WSW;253;19
9;7;26;88;361;83;12;8;0.2;1025;122;WSW;245;16
7;4;22;89;362;84;9;5;1.6;1027;266;NW;309;13
1;-3;15;37;363;66;4;-1;0.3;1038;113;ENE;68;11
-2;-6;12;23;364;59;0;-3;0.0;1043;113;ESE;103;9
-4;-7;9;0;365;57;-1;-6;0.0;1036;113;SE;126;7
