HeatIndexC;WindChillC;WindGustKmph;cloudcover;day;humidity;maxtemp;mintemp;precipMM;pressure;weatherCode;winddir16Point;winddirDegree;windspeed
15;15;19;56;244;72;21;17;2.1;1016;353;WNW;290;13
13;12;24;74;245;72;18;13;4.8;1015;266;WSW;252;17
14;13;26;62;246;81;19;13;5.3;1014;353;NW;316;18
15;14;17;23;247;72;21;13;0.0;1023;113;NW;325;11
15;14;12;7;248;64;21;13;0.1;1022;116;NNE;23;8
14;14;14;1;249;60;21;13;0.0;1020;113;N;9;9
15;14;13;3;250;62;23;12;0.0;1022;113;NNE;14;8
16;15;13;0;251;61;23;12;0.0;1025;113;E;84;8
18;17;17;25;252;64;26;14;0.6;1018;116;SE;132;12
16;15;10;43;253;75;21;14;1.5;1018;116;W;278;8
17;16;13;50;254;72;24;15;5.6;1015;266;SSE;156;9
13;12;10;80;255;94;16;13;3.7;1015;296;WNW;303;7
13;13;12;36;256;76;19;11;0.0;1015;116;NW;321;8
13;13;13;49;257;77;20;11;0.0;1011;116;WSW;255;8
14;14;10;45;258;79;20;12;0.0;1010;119;W;270;6
14;14;12;88;259;91;18;13;3.7;1005;296;SW;222;7
14;14;14;89;260;93;18;15;7.4;999;296;S;182;11
12;11;13;64;261;80;16;10;3.4;1000;119;W;274;10
10;9;14;87;262;89;11;9;5.7;1004;296;WNW;288;10
12;10;22;36;263;76;18;9;0.0;1011;113;WNW;289;15
12;11;17;46;264;77;18;10;0.2;1017;116;NW;313;12
11;10;19;54;265;82;16;9;0.3;1021;119;WNW;286;13
12;11;25;67;266;82;16;13;6.0;1009;353;NW;307;18
11;9;25;35;267;69;15;9;0.3;1008;353;WNW;298;18
10;8;15;34;268;72;15;7;0.0;1014;113;W;281;10
8;6;10;87;269;93;10;7;12.4;1012;302;SE;143;8
7;5;16;43;270;82;11;6;0.8;1016;176;WNW;292;12
8;6;14;60;271;85;12;7;2.8;1015;353;WNW;290;10
9;8;10;37;272;77;14;7;0.1;1019;116;NNE;22;6
7;6;14;11;273;73;13;6;0.0;1019;113;ENE;71;9
6;4;16;23;274;71;10;5;0.1;1019;116;ENE;66;10
4;2;16;14;275;59;9;2;0.0;1026;113;NE;52;10
5;4;11;24;276;63;10;3;0.0;1033;116;NE;40;7
5;4;8;4;277;61;12;3;0.0;1034;113;E;94;5
6;4;16;9;278;64;13;3;0.0;1027;113;SE;144;9
8;6;14;25;279;58;15;4;0.0;1024;116;SW;225;8
11;10;8;1;280;76;17;8;0.0;1027;113;W;275;5
11;11;6;4;281;79;20;8;0.0;1027;113;S;177;3
12;12;12;27;282;74;20;9;0.0;1019;113;SSW;195;6
12;11;15;42;283;66;18;9;0.0;1014;116;SSE;164;9
12;12;15;12;284;82;19;10;0.0;1021;113;E;99;9
13;12;18;27;285;83;19;10;0.0;1025;113;E;97;12
12;11;14;41;286;85;19;10;1.9;1022;386;ESE;121;9
12;12;10;46;287;81;18;9;0.0;1022;113;NW;323;6
11;11;9;46;288;85;17;9;0.0;1015;116;S;186;5
11;10;11;44;289;85;15;9;0.0;1009;119;NNW;333;6
9;8;9;27;290;80;14;6;0.0;1013;113;SW;222;5
9;6;22;83;291;89;11;7;2.5;1010;296;W;276;16
5;3;14;14;292;68;9;3;0.0;1025;113;S;171;8
9;7;21;32;293;77;15;5;0.0;1019;116;SW;219;13
12;11;18;66;294;90;17;11;3.0;1017;119;WSW;245;11
12;12;13;47;295;90;18;10;0.0;1021;113;SE;146;7
14;13;23;39;296;84;19;11;0.0;1018;116;SSE;157;14
13;13;16;38;297;90;17;12;0.4;1018;266;WSW;248;10
13;12;11;28;298;88;19;10;0.0;1022;116;SSW;205;6
14;13;19;41;299;85;19;11;0.0;1017;113;SW;217;11
14;14;19;39;300;82;19;12;0.0;1013;116;SSW;194;11
14;13;24;24;301;75;18;12;0.5;1010;116;SW;227;16
14;13;17;45;302;77;18;13;0.0;1013;116;W;262;10
9;8;13;47;303;89;11;10;4.0;1021;293;WSW;239;9
7;6;13;3;304;83;13;5;0.0;1029;113;SW;222;7
7;5;15;33;305;80;12;3;0.0;1022;113;SW;218;9
9;8;17;74;306;86;12;5;0.1;1013;122;S;180;10
12;10;20;70;307;86;16;11;6.3;1004;119;S;184;14
8;6;22;38;308;80;11;6;0.2;1005;116;S;188;16
9;7;15;84;309;94;10;8;10.3;998;296;W;276;10
6;4;15;77;310;90;9;5;5.7;999;266;SW;214;12
7;4;20;83;311;92;8;4;3.8;1008;266;SSW;211;14
11;9;19;62;312;91;14;10;0.2;1013;119;SSW;209;13
10;8;17;64;313;91;13;8;0.1;1012;122;SW;219;11
6;6;5;66;314;97;8;5;9.1;1010;296;S;173;3
4;3;11;42;315;94;8;2;0.0;1023;143;NNW;342;6
3;2;10;48;316;93;8;1;0.0;1030;116;ESE;103;5
3;1;14;61;317;89;5;2;0.5;1025;266;W;271;9
3;2;11;29;318;91;7;1;0.0;1026;113;SW;216;6
2;1;10;32;319;90;5;1;0.0;1028;116;ESE;123;6
2;-1;16;45;320;88;5;1;0.1;1028;122;W;261;10
5;3;11;57;321;89;7;4;0.4;1026;116;WNW;287;8
4;1;18;54;322;89;6;2;0.3;1022;119;SE;134;13
5;2;22;26;323;84;9;3;0.0;1013;119;SSE;160;13
5;3;23;33;324;86;10;3;0.1;1005;116;SSE;161;12
7;6;10;90;325;92;9;6;3.6;1005;122;S;182;6
6;5;10;88;326;95;9;5;0.4;1009;266;ESE;111;7
7;7;8;94;327;96;9;7;0.6;1012;143;NE;42;5
7;5;12;87;328;95;8;6;4.3;1009;266;NE;38;8
2;-3;24;68;329;88;2;1;3.2;1010;326;NNW;330;18
0;-4;16;64;330;85;2;-1;0.5;1022;326;NNW;342;12
0;-4;13;24;331;78;2;-1;0.0;1029;116;W;264;9
0;-5;31;86;332;84;2;-1;1.6;1018;317;WSW;252;19
2;-2;20;88;333;92;3;1;0.3;1015;122;W;279;14
2;-2;19;93;334;90;3;2;3.3;1015;326;SW;224;14
3;-1;24;75;335;89;5;2;1.1;1020;119;WSW;247;17
1;-2;21;34;336;86;4;-1;0.1;1030;116;NW;322;12
1;-2;14;27;337;70;3;0;0.0;1033;116;SW;218;10
1;-3;19;36;338;66;3;0;0.0;1020;119;WSW;238;14
1;-4;24;74;339;88;3;0;1.6;1014;119;WSW;246;18
0;-6;39;79;340;86;1;-1;5.9;993;326;WSW;245;28
-2;-8;36;76;341;88;0;-3;3.0;1003;326;W;278;26
-1;-6;21;36;342;76;0;-2;0.9;1020;116;W;267;16
0;-4;27;84;343;93;3;0;9.3;1015;326;NW;306;18
-3;-5;11;46;344;88;-1;-3;0.0;1037;116;NNW;329;7
-1;-4;18;87;345;87;2;-2;0.7;1034;266;W;264;10
1;-1;12;98;346;99;2;1;0.3;1031;248;W;260;8
1;-2;14;46;347;90;2;-1;0.1;1025;119;WNW;281;9
1;0;7;86;348;96;3;0;1.9;1026;266;SSW;198;5
0;-3;15;81;349;93;1;-1;0.4;1029;122;WSW;251;10
1;-2;16;63;350;96;3;0;1.3;1033;143;SW;231;10
1;-3;20;26;351;79;3;0;0.0;1030;116;SW;215;13
0;-3;12;41;352;74;1;-1;0.0;1027;116;SSW;211;8
-1;-4;13;37;353;66;1;-1;0.0;1020;119;S;178;9
-1;-4;14;35;354;67;1;-2;0.0;1024;116;SW;215;9
1;-3;21;47;355;88;2;0;1.0;1031;116;SW;236;13
0;-4;23;23;356;81;2;-1;0.0;1026;113;SSW;212;15
2;-2;23;77;357;91;4;1;0.1;1021;122;SW;230;14
2;-2;29;17;358;87;4;0;0.0;1019;113;S;180;16
3;-1;35;4;359;66;5;2;0.0;1009;113;SSE;168;20
5;2;30;12;360;75;7;4;0.0;1007;113;SSE;162;17
4;2;17;39;361;90;6;3;0.0;1011;116;SSW;196;9
5;2;24;4;362;86;7;3;0.0;1013;113;S;175;13
5;2;20;52;363;91;6;4;0.0;1016;119;SW;222;13
2;1;10;38;364;92;5;0;0.0;1028;116;W;268;6
2;-1;14;56;365;90;4;0;0.3;1028;122;ESE;121;9
