HeatIndexC;WindChillC;WindGustKmph;cloudcover;day;humidity;maxtemp;mintemp;precipMM;pressure;weatherCode;winddir16Point;winddirDegree;windspeed
20;19;13;63;244;87;23;18;4.9;1014;353;ENE;64;9
18;17;19;38;245;76;24;15;0.2;1017;116;ENE;62;13
17;16;21;10;246;69;24;14;0.0;1023;113;ENE;60;14
16;15;19;8;247;64;23;14;0.0;1025;113;ENE;77;13
16;14;18;16;248;63;23;13;0.0;1021;116;E;97;12
17;16;15;4;249;59;25;14;0.0;1016;113;ESE;108;9
18;17;12;2;250;58;26;15;0.0;1015;113;ESE;106;7
19;19;10;4;251;56;29;16;0.0;1016;113;SE;145;6
20;20;8;30;252;76;27;19;13.6;1015;356;W;268;5
18;18;9;45;253;77;24;16;0.4;1015;116;WNW;298;5
17;16;18;66;254;84;21;15;3.5;1017;293;ENE;71;11
20;19;22;6;255;67;26;17;0.0;1018;113;ESE;106;14
20;20;17;23;256;66;27;18;0.5;1019;176;ESE;112;10
20;19;20;21;257;55;26;17;0.0;1020;113;E;81;12
18;17;20;18;258;64;24;16;0.0;1022;113;E;81;14
14;13;18;14;259;65;21;11;0.0;1024;113;E;93;12
15;14;18;53;260;65;21;12;0.0;1024;116;E;101;11
16;15;18;31;261;59;23;12;0.0;1023;113;SE;132;11
16;16;16;27;262;58;24;12;0.0;1021;116;SSE;151;10
15;15;11;54;263;73;19;15;0.4;1016;119;S;180;7
17;16;9;63;264;83;22;14;1.5;1011;119;SSW;203;6
14;14;15;66;265;83;17;14;8.8;1006;266;WNW;286;11
9;6;22;59;266;89;11;9;3.2;1010;302;WNW;291;15
10;9;14;16;267;72;15;6;0.0;1018;113;WSW;243;9
11;10;18;46;268;74;17;8;0.0;1015;122;SW;232;11
13;12;11;55;269;82;16;11;1.0;1019;119;WNW;298;7
11;10;15;32;270;87;15;9;0.8;1024;266;WNW;285;9
13;12;13;10;271;72;18;10;0.0;1028;113;W;269;8
15;14;15;37;272;66;21;11;0.0;1026;119;WSW;238;9
15;15;11;57;273;81;21;13;0.2;1023;119;WNW;290;6
14;13;13;70;274;77;17;12;0.9;1027;263;E;95;9
11;10;14;39;275;70;15;10;0.0;1030;116;ESE;102;10
11;10;14;12;276;64;16;7;0.0;1029;113;E;86;9
9;8;15;20;277;60;16;6;0.0;1026;116;E;99;9
10;9;14;36;278;55;16;6;0.0;1025;119;E;99;8
9;8;18;9;279;67;15;6;0.0;1024;113;ESE;108;11
11;9;23;10;280;73;16;8;0.0;1022;113;SE;130;16
13;11;20;21;281;77;19;8;0.0;1020;113;SSE;163;13
15;14;17;17;282;77;21;12;0.0;1019;116;S;179;10
16;15;15;21;283;73;22;12;0.0;1017;116;S;190;9
17;16;11;12;284;77;23;14;0.0;1017;113;SSE;150;6
17;17;12;36;285;80;22;14;0.0;1015;116;W;262;7
16;16;13;24;286;80;23;13;0.0;1015;116;ESE;116;7
16;16;15;43;287;80;21;13;0.3;1009;176;SW;234;9
14;13;12;27;288;78;19;11;0.0;1010;116;SW;232;7
13;12;12;49;289;79;17;11;0.2;1008;116;W;274;8
12;11;7;76;290;93;14;12;3.4;1011;353;SSW;201;5
10;10;8;50;291;84;15;10;0.2;1024;116;ESE;121;5
11;9;20;11;292;81;17;7;0.0;1023;113;SSW;202;12
13;11;25;55;293;84;16;12;1.9;1012;296;W;261;16
11;10;15;73;294;86;14;10;0.8;1009;266;W;268;10
10;9;18;76;295;86;14;9;5.0;1004;296;ESE;106;13
5;1;25;94;296;86;6;4;7.6;1017;296;ENE;66;19
1;-4;20;3;297;57;4;0;0.0;1029;113;E;85;14
1;-3;21;1;298;57;5;0;0.0;1029;113;SE;130;15
2;-1;14;3;299;70;8;0;0.0;1031;113;SSE;152;9
2;0;14;0;300;64;8;-1;0.0;1033;113;SSE;155;8
3;0;18;0;301;58;8;1;0.0;1029;113;SE;131;10
2;0;17;1;302;64;8;0;0.0;1023;113;SSE;146;10
4;2;13;9;303;80;9;2;0.0;1024;116;W;270;7
4;3;9;42;304;90;10;2;0.0;1027;116;NW;322;5
4;3;7;52;305;76;8;2;0.0;1026;116;S;177;4
5;3;17;17;306;79;9;2;0.0;1024;113;SE;141;10
6;4;21;10;307;76;11;5;0.0;1017;113;S;184;12
8;5;27;6;308;70;14;5;0.0;1010;113;S;183;16
10;8;29;3;309;66;15;8;0.0;1009;113;S;183;18
12;10;23;20;310;72;17;10;0.0;1013;113;S;190;13
12;11;19;32;311;77;17;10;0.6;1012;119;S;190;11
13;13;7;68;312;93;16;12;4.6;1014;293;SSW;206;5
11;10;9;96;313;94;13;10;0.6;1018;176;ENE;77;7
11;9;20;32;314;88;16;8;0.0;1018;113;SSE;153;11
10;9;18;8;315;86;14;8;0.0;1018;113;SSE;160;10
9;7;18;45;316;82;11;8;0.0;1014;122;ESE;120;12
8;6;15;98;317;89;10;6;0.0;1016;122;ESE;105;11
7;5;17;81;318;87;9;7;0.4;1020;266;ESE;108;12
5;2;19;43;319;82;7;4;0.0;1018;119;ESE;109;14
4;0;22;54;320;84;6;2;0.0;1015;119;ESE;114;16
4;1;19;99;321;86;6;4;5.3;1015;296;ESE;108;15
3;-1;22;91;322;85;4;3;2.0;1018;176;ESE;102;17
3;-1;17;95;323;87;5;2;0.5;1020;122;E;95;13
2;-1;10;99;324;87;3;2;1.4;1026;326;NNE;32;7
2;1;4;96;325;87;3;1;0.8;1027;326;WSW;238;3
2;2;5;92;326;93;4;2;1.3;1028;122;NNW;337;4
2;0;9;66;327;87;4;0;0.0;1032;119;E;88;6
1;-3;15;32;328;86;2;0;0.0;1031;113;SE;133;12
1;-1;10;86;329;92;2;-1;3.7;1028;296;WSW;244;6
0;-2;8;95;330;93;1;-1;1.5;1028;326;E;98;6
-2;-6;14;81;331;82;0;-3;0.2;1025;122;ESE;114;10
-2;-7;19;61;332;75;-2;-3;0.0;1027;119;ESE;101;15
-2;-7;17;71;333;86;-1;-3;0.4;1029;119;E;98;13
-6;-11;14;49;334;90;-5;-7;0.0;1028;116;E;89;10
-5;-10;21;40;335;88;-2;-7;0.0;1027;116;E;98;16
-4;-10;24;24;336;82;-2;-5;0.1;1024;113;ESE;106;18
-2;-6;15;60;337;79;0;-3;0.0;1025;119;SE;130;11
-2;-4;10;22;338;88;0;-2;0.0;1026;113;ESE;103;7
-1;-5;16;33;339;89;1;-3;0.1;1024;119;ESE;123;11
-1;-3;7;40;340;92;1;-3;0.0;1023;116;E;100;4
-1;-2;7;78;341;91;0;-2;0.0;1022;119;E;94;4
0;-1;8;88;342;93;2;0;0.6;1017;326;SW;219;5
0;-2;10;81;343;87;1;-1;0.3;1026;119;SW;232;7
-2;-4;9;55;344;95;-1;-2;0.0;1026;143;SE;135;6
0;-4;17;70;345;90;2;-1;0.1;1016;122;SW;218;11
1;-4;29;62;346;90;2;0;1.3;1011;116;SSW;212;17
2;-3;31;76;347;85;3;1;0.1;1012;122;SSW;212;18
1;-2;17;61;348;92;2;0;1.1;1019;266;SSW;206;10
2;-2;19;67;349;96;3;1;0.5;1019;143;SSW;196;10
2;0;16;82;350;95;4;2;0.7;1015;143;S;189;9
2;-1;15;79;351;94;3;1;4.1;1011;326;W;262;10
2;-2;21;88;352;95;4;1;0.8;1012;176;SW;233;12
6;3;30;96;353;94;9;5;8.7;1009;296;SW;234;19
4;0;25;67;354;85;5;4;3.2;1009;317;SW;234;18
3;-1;25;88;355;89;4;2;2.0;1014;176;W;276;18
4;0;31;100;356;96;7;3;19.7;1008;302;WSW;245;22
7;3;31;100;357;94;8;6;11.8;1008;302;WSW;254;21
7;3;30;91;358;86;9;6;3.1;1010;296;WSW;239;21
4;0;24;79;359;87;6;3;2.4;1013;362;WSW;258;17
-1;-4;12;97;360;91;0;-2;7.4;1019;332;NE;46;9
-3;-5;6;87;361;82;-2;-3;0.7;1017;122;ENE;65;5
-4;-8;11;84;362;88;-2;-6;0.7;1016;326;SE;124;8
-7;-12;14;87;363;88;-6;-9;0.7;1023;326;WSW;240;10
-9;-13;12;66;364;89;-7;-10;0.5;1031;119;NNW;335;8
-8;-12;17;59;365;85;-5;-10;0.1;1033;122;SW;222;11
