HeatIndexC;WindChillC;WindGustKmph;cloudcover;day;humidity;maxtemp;mintemp;precipMM;pressure;weatherCode;winddir16Point;winddirDegree;windspeed
16;15;11;27;244;59;22;14;0.0;1015;116;W;265;7
15;15;11;28;245;66;21;15;0.0;1015;116;WNW;297;7
16;16;7;14;246;62;23;14;0.0;1018;116;NNW;344;4
18;17;16;6;247;56;24;14;0.0;1019;113;SE;125;9
19;18;23;18;248;63;26;14;0.4;1016;116;SE;129;14
18;17;18;49;249;74;21;16;1.5;1019;122;NW;319;12
16;15;19;29;250;74;23;14;1.8;1012;296;SW;235;13
13;12;20;83;251;83;17;13;6.1;1006;353;WSW;252;14
12;10;22;65;252;84;14;12;1.4;1009;266;WNW;284;15
15;14;13;41;253;75;20;11;0.0;1016;119;W;276;9
19;18;10;8;254;75;25;15;0.0;1016;113;SW;219;6
20;20;17;9;255;75;28;17;1.5;1011;176;WSW;247;11
19;18;19;25;256;69;24;15;0.0;1012;116;WSW;258;13
17;17;19;33;257;74;21;17;0.7;1014;176;WSW;258;12
14;14;19;8;258;58;20;12;0.0;1017;113;W;264;12
12;11;17;20;259;70;17;11;0.1;1019;119;W;281;11
13;12;10;7;260;63;20;10;0.0;1019;113;SSE;167;6
16;15;23;6;261;66;24;12;0.0;1013;113;SE;126;14
20;19;19;14;262;71;27;15;1.4;1011;113;SE;144;11
18;18;12;25;263;81;23;15;0.0;1018;116;N;350;8
18;18;11;41;264;79;23;16;0.3;1020;116;NE;37;7
18;17;12;25;265;66;23;13;0.1;1016;116;WSW;256;8
14;13;16;25;266;66;17;12;0.0;1017;119;WNW;289;10
12;11;14;10;267;67;17;9;0.0;1019;113;WNW;293;9
15;14;7;16;268;65;21;12;0.0;1024;113;S;178;4
15;14;12;4;269;60;22;11;0.0;1026;113;SSW;196;6
16;16;12;7;270;67;23;13;0.0;1027;113;W;273;7
13;13;16;29;271;72;18;11;0.2;1029;116;NW;323;10
14;13;20;25;272;70;20;11;0.0;1026;116;NW;313;12
15;15;14;37;273;80;21;12;0.0;1026;113;NW;312;9
15;15;19;12;274;79;21;12;0.0;1024;113;NW;316;11
13;13;9;13;275;68;18;11;0.0;1025;113;SW;235;6
14;13;17;6;276;63;21;9;0.0;1021;113;SW;235;9
18;17;20;40;277;65;23;15;0.0;1017;116;W;264;12
15;14;20;40;278;75;19;14;0.4;1017;353;W;275;12
15;14;19;42;279;73;20;13;0.2;1014;119;SW;220;12
11;10;18;58;280;82;13;10;3.9;1006;296;WNW;294;12
7;5;15;69;281;93;10;5;6.2;1006;353;SW;227;9
7;6;10;11;282;82;12;5;0.0;1016;113;NW;313;6
7;6;17;58;283;79;11;4;0.3;1015;116;SW;235;11
12;11;26;90;284;88;15;11;5.3;1008;353;WSW;247;18
10;7;23;49;285;83;11;9;4.6;1010;353;WNW;284;16
7;5;22;44;286;79;11;5;0.3;1019;176;WNW;303;14
5;3;17;58;287;80;9;4;0.4;1028;176;NNW;329;12
5;2;17;61;288;75;7;5;0.8;1032;353;SE;130;11
3;3;6;12;289;68;8;1;0.0;1035;113;SE;135;3
3;1;13;5;290;64;8;0;0.0;1029;113;SE;144;7
4;1;18;1;291;58;9;0;0.0;1020;113;S;171;10
6;4;19;36;292;58;11;3;0.0;1016;116;SSW;208;11
7;5;10;81;293;89;9;5;3.1;1021;266;WSW;257;7
4;2;12;16;294;88;8;1;0.0;1028;113;WNW;282;6
4;3;8;6;295;81;10;2;0.0;1031;113;ESE;105;4
4;2;17;16;296;75;9;1;0.0;1030;113;E;97;9
5;2;22;11;297;74;10;2;0.0;1029;113;E;98;13
4;1;24;15;298;73;9;1;0.0;1026;116;ESE;109;15
5;1;24;10;299;74;9;2;0.0;1026;113;ESE;122;15
4;1;20;2;300;70;9;1;0.0;1029;113;ESE;122;12
3;0;18;0;301;64;9;0;0.0;1030;113;SE;132;10
6;5;8;19;302;74;11;2;0.0;1029;113;SE;131;4
7;6;12;17;303;85;12;4;0.0;1025;113;SSW;206;6
7;6;13;50;304;87;12;4;0.3;1022;116;WSW;250;7
9;9;7;77;305;94;11;7;0.7;1023;266;E;95;5
6;4;16;22;306;87;10;3;0.0;1024;113;SE;134;9
6;4;17;4;307;84;11;3;0.0;1020;113;SE;145;9
6;4;21;0;308;76;11;3;0.0;1018;113;SE;138;11
6;3;22;2;309;73;11;2;0.0;1020;113;ESE;118;12
5;2;23;20;310;87;9;3;0.0;1026;113;ESE;121;14
5;2;19;26;311;88;9;3;0.0;1028;113;SE;134;12
6;4;11;1;312;82;11;2;0.0;1026;113;WSW;239;6
4;2;13;46;313;87;8;2;0.0;1025;116;NNE;15;8
1;-2;13;30;314;83;3;-1;0.0;1031;113;ENE;58;9
1;-2;11;6;315;77;3;-1;0.0;1037;113;E;83;8
0;-1;8;10;316;70;4;-1;0.0;1039;113;NNW;349;5
0;-1;7;45;317;85;2;-2;0.0;1038;119;SE;129;4
0;-2;8;32;318;86;2;-2;0.2;1030;116;W;277;6
0;-2;9;48;319;88;2;-2;0.0;1026;116;WNW;284;6
0;-1;9;61;320;91;2;-1;0.5;1028;119;NE;46;5
0;-2;10;22;321;81;2;-2;0.0;1027;116;SSW;199;7
0;-3;12;2;322;76;2;-2;0.0;1025;113;WSW;257;8
0;-3;13;10;323;80;2;-2;0.0;1025;116;WSW;254;8
1;-1;12;54;324;88;3;-1;0.0;1026;122;WSW;246;7
1;-1;10;18;325;72;3;-1;0.0;1025;113;SSW;193;6
0;0;6;12;326;71;2;-1;0.0;1025;113;ESE;120;4
0;-3;16;22;327;85;2;-1;0.0;1030;143;ESE;106;10
-1;-4;12;18;328;81;1;-2;0.0;1034;113;SSW;194;8
0;-3;16;33;329;86;2;-2;0.0;1030;119;SSW;210;9
1;-3;23;58;330;86;3;0;0.3;1025;119;WSW;258;15
1;-4;34;59;331;82;3;0;0.9;1017;266;SW;223;20
2;-2;33;27;332;86;4;1;0.1;1022;113;W;271;19
2;-1;16;30;333;87;4;0;0.0;1028;113;SSW;210;10
1;-3;20;34;334;73;4;-1;0.2;1025;119;WSW;242;11
1;-2;15;65;335;93;2;0;0.3;1027;143;SSW;210;9
2;-2;22;49;336;74;3;0;0.1;1016;119;SSW;200;14
1;-2;20;73;337;84;3;0;0.7;1014;266;SSW;198;12
4;0;28;68;338;87;6;2;1.1;1005;266;SW;214;17
5;1;26;66;339;89;7;5;6.1;996;296;WSW;249;17
1;-3;21;35;340;84;3;0;0.3;1007;326;SW;231;14
1;-3;21;61;341;87;3;0;3.2;1007;326;SSW;209;15
1;-4;26;94;342;95;2;0;8.3;1005;332;W;274;17
0;-5;28;73;343;92;2;-2;4.9;1013;311;SSW;202;16
1;-2;20;57;344;90;3;0;0.7;1012;119;SW;229;12
1;-3;19;16;345;81;3;-1;0.0;1020;116;WSW;243;12
1;-3;19;38;346;78;2;-1;0.9;1017;119;SSE;161;11
1;-2;17;72;347;96;3;1;1.5;1015;143;SSW;210;10
3;-1;24;49;348;91;4;1;2.4;1014;293;SSW;191;13
4;1;15;57;349;93;5;2;0.5;1013;116;S;181;9
3;-1;22;71;350;87;4;2;3.6;997;116;S;169;14
2;-1;21;55;351;87;3;1;1.5;1007;113;SSW;197;13
1;-4;27;71;352;87;2;0;1.6;1002;326;SW;233;18
0;-3;18;22;353;80;2;-1;0.0;1018;116;SSW;202;11
0;-1;7;79;354;77;1;-1;0.8;1015;122;NE;42;5
-1;-4;9;48;355;82;0;-2;0.3;1013;116;SSW;196;6
-1;-2;4;10;356;78;0;-3;0.0;1021;113;NW;306;3
-4;-7;12;40;357;91;-2;-6;0.1;1023;143;S;182;7
-1;-5;19;97;358;92;0;-2;2.0;1017;284;SSW;196;12
0;-3;20;88;359;96;1;0;1.8;1025;317;WNW;288;12
1;-3;25;93;360;98;2;0;1.2;1032;266;WSW;246;14
4;1;27;89;361;96;6;3;1.1;1032;122;WSW;253;15
3;1;14;79;362;97;5;1;0.4;1030;248;SSW;212;9
1;-3;21;61;363;90;2;0;0.0;1018;122;SW;233;14
1;-4;19;61;364;84;2;-1;1.2;1008;122;SSW;193;14
1;-3;15;99;365;94;2;-1;3.0;1012;326;W;262;10
