HeatIndexC;WindChillC;WindGustKmph;cloudcover;day;humidity;maxtemp;mintemp;precipMM;pressure;weatherCode;winddir16Point;winddirDegree;windspeed
18;18;9;5;244;50;23;12;0.0;1021;113;S;187;5
20;18;13;23;245;60;23;13;0.7;1019;176;NW;321;8
18;18;8;17;246;58;22;12;0.0;1019;113;W;275;5
23;22;16;23;247;62;29;15;2.6;1013;116;WSW;240;11
16;16;15;92;248;93;20;16;26.0;1011;302;WNW;294;10
19;18;14;60;249;80;25;15;0.4;1022;122;NE;39;10
18;18;6;6;250;61;23;12;0.0;1025;113;WSW;253;4
20;20;6;4;251;60;25;12;0.0;1018;113;W;267;4
22;22;10;6;252;52;29;14;0.0;1018;113;E;86;6
23;23;9;18;253;54;30;15;0.0;1018;116;WSW;253;5
24;23;8;14;254;48;30;15;0.0;1019;113;ENE;73;5
23;22;9;7;255;47;30;15;0.0;1021;113;NE;42;5
20;20;12;11;256;61;25;13;0.0;1019;113;NE;39;7
18;17;13;2;257;60;23;10;0.0;1019;113;NE;37;8
16;15;11;0;258;55;21;8;0.0;1019;113;E;92;6
17;16;9;2;259;53;23;8;0.0;1015;113;WSW;253;5
17;17;16;43;260;53;23;10;0.1;1014;119;E;87;12
14;13;16;87;261;75;16;13;5.1;1015;302;ESE;107;12
14;13;17;21;262;54;19;7;0.0;1015;113;ENE;69;11
10;9;12;31;263;65;16;3;0.0;1016;119;NNE;20;9
11;10;12;57;264;76;16;4;0.8;1018;176;ESE;120;8
9;8;13;78;265;83;14;5;1.5;1020;353;NNW;329;9
12;11;15;75;266;76;18;9;0.5;1022;353;WNW;296;10
13;11;14;33;267;77;16;7;3.2;1024;353;WNW;282;9
13;12;11;19;268;73;18;5;0.0;1024;116;NNE;24;6
11;10;10;12;269;70;16;8;0.0;1026;113;ENE;73;6
11;10;9;6;270;66;16;4;0.0;1028;113;NE;54;6
12;11;17;37;271;62;19;3;0.0;1024;119;WSW;237;10
18;17;22;56;272;69;22;15;0.1;1018;176;W;264;15
20;19;19;20;273;63;24;13;0.0;1015;116;WSW;246;13
19;18;13;22;274;68;23;12;0.9;1014;176;SSW;193;7
18;17;13;45;275;70;24;13;0.9;1014;113;SW;218;7
15;15;8;98;276;97;17;15;16.5;1016;302;ESE;115;5
11;8;28;87;277;87;12;9;17.3;1018;302;NNE;25;19
5;1;20;100;278;92;6;3;13.1;1013;356;SE;142;15
7;5;15;26;279;80;12;5;0.2;1015;113;E;101;10
6;6;10;31;280;71;13;1;0.2;1017;113;SW;235;6
7;5;10;91;281;89;9;5;4.0;1017;296;WSW;238;7
6;5;12;99;282;94;9;2;0.7;1019;266;WSW;252;8
8;6;15;100;283;91;10;6;3.5;1020;353;WNW;291;10
8;5;17;100;284;93;9;7;3.7;1020;266;ENE;73;12
7;4;28;100;285;91;9;6;6.2;1020;302;E;81;19
4;2;16;59;286;83;8;1;0.4;1024;176;NE;50;11
5;3;15;16;287;79;10;2;0.0;1027;116;ESE;103;10
5;1;27;67;288;83;7;3;7.2;1025;293;ESE;113;18
6;3;22;57;289;83;8;5;1.8;1031;122;ESE;105;17
5;2;24;18;290;74;9;3;0.0;1033;113;SE;126;16
6;4;16;79;291;83;9;5;0.4;1028;176;SE;143;12
7;5;13;89;292;86;11;5;0.1;1022;122;SE;146;9
7;4;17;100;293;89;9;6;4.4;1022;266;ESE;121;13
7;4;21;100;294;93;8;6;16.8;1019;296;ESE;123;15
6;5;11;100;295;97;8;6;16.5;1017;302;SE;133;6
6;4;14;54;296;92;12;0;0.0;1023;116;SE;128;10
9;7;19;97;297;93;11;8;1.3;1024;266;SSE;151;13
12;11;19;94;298;92;16;10;2.7;1020;266;SSW;203;13
7;5;13;94;299;84;7;5;0.6;1028;176;NNW;343;9
5;5;5;80;300;83;8;4;0.4;1033;353;SSW;198;3
4;2;21;59;301;82;8;2;1.1;1030;122;SW;215;14
7;3;28;70;302;86;8;7;6.1;1020;353;WNW;294;19
5;1;25;92;303;88;7;4;2.1;1019;389;WNW;301;17
6;3;20;98;304;86;8;6;4.5;1023;353;WNW;298;15
5;3;14;86;305;89;7;3;7.9;1020;296;SSW;199;10
6;3;22;96;306;90;8;5;6.6;1007;353;W;268;17
3;-1;26;97;307;83;5;2;1.0;1013;332;WNW;285;19
3;0;14;73;308;83;5;2;0.0;1021;122;SW;230;10
3;0;20;63;309;79;7;2;0.2;1013;266;SSE;168;13
7;6;15;97;310;93;9;7;4.6;1000;296;WNW;286;10
5;3;13;99;311;90;6;5;5.2;1003;296;W;281;10
4;2;9;75;312;85;6;3;0.1;1012;323;SE;145;6
2;-1;13;99;313;96;3;2;8.8;1008;338;SSE;151;9
1;-1;11;81;314;85;4;0;0.0;1010;119;SW;223;8
2;1;7;100;315;93;4;2;2.1;1016;332;WSW;238;5
0;-4;16;88;316;86;2;-1;0.2;1025;122;NE;53;12
0;-5;21;96;317;82;2;-2;0.3;1025;332;ESE;123;15
1;-2;12;93;318;89;3;-1;0.2;1033;323;NW;307;8
1;-3;15;44;319;79;3;-1;0.0;1030;119;SSW;206;11
1;-2;20;100;320;92;3;2;3.7;1020;296;SW;217;14
3;-1;22;99;321;94;4;2;1.6;1015;176;SSW;206;15
6;2;27;48;322;88;9;3;0.0;1014;116;SSW;194;17
9;7;27;60;323;83;12;7;0.1;1014;119;S;177;16
8;6;22;65;324;91;9;6;3.6;1018;176;SE;137;13
7;4;25;25;325;88;10;6;0.0;1022;113;SSE;147;16
6;2;20;24;326;88;8;4;0.0;1024;113;SE;143;15
4;2;17;12;327;88;8;3;0.0;1024;113;SSE;152;10
5;3;12;54;328;93;9;2;0.1;1022;143;WSW;242;6
3;2;8;37;329;90;6;1;0.2;1023;113;SW;232;5
2;-1;17;20;330;81;4;1;0.0;1018;116;SW;232;10
2;-3;23;83;331;84;3;0;1.3;1007;338;WNW;282;16
-1;-6;26;83;332;78;1;-3;1.8;1015;371;NNW;328;17
-2;-6;21;65;333;86;1;-1;2.4;1025;338;SSW;200;15
-1;-6;23;98;334;88;0;-3;1.5;1022;338;W;261;15
1;-2;14;100;335;98;2;1;6.6;1009;338;WSW;239;10
0;-4;24;100;336;98;2;-1;11.8;1003;338;SW;216;16
-1;-6;26;96;337;97;1;-2;2.9;1018;248;WNW;304;17
-2;-5;16;92;338;98;-1;-3;1.7;1029;260;WNW;293;10
-3;-8;22;25;339;96;-1;-5;0.0;1029;143;WSW;239;13
-2;-6;21;83;340;98;1;-3;2.9;1026;338;WNW;294;13
-3;-6;13;68;341;98;0;-10;0.1;1036;260;SW;224;8
1;-5;38;95;342;98;3;-1;1.8;1024;176;WSW;256;21
5;2;26;98;343;93;6;5;1.4;1020;266;W;271;18
7;4;28;100;344;91;9;6;6.6;1016;296;W;263;20
7;4;22;100;345;93;8;6;12.9;1008;302;SW;233;16
1;-3;22;79;346;81;5;-2;4.0;1015;338;N;9;17
-2;-5;11;18;347;67;-1;-3;0.0;1029;116;WSW;240;9
-1;-5;23;94;348;87;1;-2;3.6;1021;338;W;267;14
0;-3;13;81;349;92;2;-2;0.8;1030;332;SE;132;8
-1;-2;6;21;350;72;0;-1;0.0;1037;119;W;266;5
-1;-4;9;31;351;88;1;-3;0.0;1035;143;W;269;6
-2;-5;10;77;352;88;-1;-3;0.3;1033;332;WNW;295;6
0;-3;14;91;353;97;1;-1;0.3;1033;248;W;275;9
1;-2;11;95;354;96;2;0;0.6;1033;248;SW;233;7
0;-2;13;26;355;94;2;0;0.0;1033;143;SSW;193;9
0;-3;13;12;356;88;2;-1;0.0;1033;113;SW;225;9
-1;-4;16;62;357;89;1;-2;0.3;1032;143;W;274;10
0;-3;19;61;358;90;2;0;2.5;1026;116;SW;226;13
1;-3;22;100;359;99;2;0;6.7;1017;338;W;270;12
4;0;26;100;360;98;5;4;4.7;1017;266;WSW;253;14
3;-2;35;94;361;86;4;2;4.4;1015;317;WNW;282;23
0;-4;27;100;362;88;2;0;3.0;1026;371;NNW;336;18
-1;-3;12;75;363;87;1;-1;0.5;1039;332;NNW;333;8
-1;-4;13;53;364;86;1;-1;0.0;1037;122;W;274;9
0;-4;18;4;365;66;2;-2;0.0;1029;113;WSW;259;12
