HeatIndexC;WindChillC;WindGustKmph;cloudcover;day;humidity;maxtemp;mintemp;precipMM;pressure;weatherCode;winddir16Point;winddirDegree;windspeed
16;16;9;6;244;64;24;13;0.0;1020;113;ESE;116;5
19;18;14;29;245;69;24;16;0.1;1015;116;WSW;252;9
21;21;17;10;246;58;27;17;0.0;1012;113;S;187;10
22;21;17;28;247;65;29;20;2.1;1010;176;WSW;249;11
22;21;11;37;248;72;28;19;0.9;1011;200;S;175;7
24;23;14;9;249;58;30;20;0.4;1011;113;SSE;167;8
25;24;18;9;250;54;30;22;0.0;1009;113;SW;231;11
18;18;12;46;251;86;24;17;6.2;1014;299;W;277;8
16;16;13;47;252;73;22;14;0.0;1019;116;WNW;299;9
18;17;6;20;253;65;24;15;0.0;1018;116;W;281;4
17;16;8;44;254;72;21;17;1.5;1014;263;N;350;5
11;10;14;78;255;76;14;12;0.6;1015;263;NNE;29;10
7;5;17;86;256;79;9;6;1.2;1019;266;NNW;331;12
9;7;13;70;257;80;12;7;0.2;1023;122;NNE;30;9
9;7;19;33;258;73;13;7;0.2;1021;116;ENE;67;13
6;3;22;96;259;87;8;5;12.7;1018;296;ENE;59;14
7;5;14;98;260;94;9;5;4.0;1020;266;NNE;12;9
8;6;14;100;261;95;8;7;9.6;1022;296;NNW;342;10
6;3;21;100;262;99;7;5;27.7;1020;302;NNW;344;13
7;4;26;100;263;96;8;7;17.5;1019;302;N;351;16
10;9;14;91;264;94;12;9;8.6;1018;353;ENE;77;9
9;8;11;99;265;98;10;8;14.8;1014;302;NNW;329;8
10;9;8;100;266;95;11;9;5.2;1015;266;NNE;28;6
10;8;14;100;267;94;11;9;3.2;1020;122;NE;50;10
10;9;17;54;268;80;14;8;2.1;1027;119;NE;47;11
10;10;14;12;269;76;16;8;0.0;1031;116;NNE;19;8
11;10;11;16;270;79;17;9;0.0;1029;113;NW;323;6
11;10;16;7;271;77;17;8;0.0;1022;113;WSW;252;10
12;11;15;26;272;78;17;9;0.2;1015;113;WSW;245;9
11;10;15;56;273;83;15;10;3.0;1010;353;SW;236;10
12;10;27;89;274;85;13;11;5.5;1004;296;SW;218;18
14;13;23;24;275;69;18;13;0.2;1005;116;SW;225;15
13;13;8;78;276;85;16;12;3.2;1009;266;W;267;6
9;7;17;94;277;95;11;8;44.7;1011;308;SW;235;12
9;8;11;40;278;85;11;7;0.8;1014;116;NW;317;8
10;10;6;18;279;75;16;7;0.0;1014;113;W;274;4
11;10;7;67;280;89;13;9;0.6;1018;119;NNW;343;5
11;11;8;34;281;84;16;9;0.0;1021;116;NE;37;5
11;11;8;31;282;85;18;8;0.0;1027;113;SSE;151;5
10;9;13;24;283;85;14;9;0.0;1032;116;WNW;297;8
10;10;13;27;284;83;15;7;0.0;1031;113;WSW;238;8
13;12;17;33;285;85;18;9;0.0;1026;116;WSW;246;9
12;12;11;45;286;91;15;11;0.4;1023;176;WSW;245;7
13;12;18;34;287;82;18;10;0.6;1018;116;SW;234;10
13;13;8;49;288;82;16;11;0.9;1018;119;SW;232;5
13;12;17;82;289;94;15;11;11.7;1009;353;SSW;212;10
9;6;27;97;290;88;9;8;13.9;1009;353;WSW;255;19
8;6;19;62;291;84;10;7;1.9;1020;119;WSW;254;12
8;6;22;40;292;79;11;5;0.1;1021;119;WSW;243;14
10;9;15;34;293;78;14;9;0.1;1022;116;SW;217;9
10;8;19;15;294;80;15;7;0.0;1018;116;SSW;193;10
11;10;13;31;295;87;17;9;0.0;1019;113;S;188;7
7;5;15;71;296;93;8;7;5.1;1026;296;NW;323;9
5;3;12;46;297;89;9;2;0.0;1032;116;ESE;121;7
5;4;11;45;298;88;10;3;0.0;1033;116;SE;145;6
5;3;16;1;299;78;9;2;0.0;1027;113;SSE;167;9
7;4;21;40;300;83;10;4;0.0;1014;116;S;179;13
8;7;16;53;301;81;12;6;0.0;1012;122;SSE;166;10
12;11;23;40;302;74;17;10;0.0;1010;113;SSE;155;14
15;14;31;31;303;76;19;12;9.0;1002;116;S;175;20
10;9;18;16;304;83;13;8;9.1;1012;116;SSW;198;10
12;11;19;36;305;82;16;9;0.0;1016;116;SSE;152;10
12;12;11;31;306;88;17;9;0.0;1018;113;NNW;332;6
9;8;13;79;307;93;12;8;0.0;1023;119;E;101;9
10;10;10;62;308;94;14;10;0.4;1023;116;ESE;119;6
10;10;13;65;309;93;13;9;0.5;1022;263;ESE;102;6
9;7;21;60;310;86;11;9;0.4;1023;122;E;82;13
6;3;25;30;311;78;8;5;0.0;1025;200;ESE;112;17
8;5;20;31;312;84;11;6;0.0;1026;116;SE;126;13
10;8;17;71;313;91;14;9;0.1;1028;119;S;179;10
9;7;18;46;314;90;12;7;0.0;1028;113;SSW;191;11
8;6;19;7;315;79;10;7;0.0;1023;113;S;170;13
5;4;13;27;316;86;9;3;0.0;1021;113;SSW;191;7
5;4;10;67;317;93;9;3;0.0;1023;143;W;274;5
4;3;10;49;318;89;9;3;0.0;1026;116;WNW;282;5
7;4;24;92;319;89;8;5;3.5;1022;266;WSW;246;15
8;6;26;95;320;87;9;8;4.3;1017;266;WSW;247;17
5;1;26;92;321;80;7;4;3.0;1019;266;NW;306;17
1;-2;14;21;322;76;3;0;0.1;1020;113;SSW;201;10
2;-3;31;91;323;87;4;1;6.0;1007;326;WSW;253;19
4;0;43;100;324;96;5;4;30.0;997;389;WSW;242;24
3;-1;22;84;325;87;5;2;3.6;991;362;WSW;250;14
0;-4;19;97;326;84;1;-1;8.3;988;326;WNW;288;13
-2;-8;28;91;327;94;-1;-3;5.7;990;332;W;270;17
-1;-6;27;70;328;94;0;-2;1.2;998;116;SSW;200;16
-1;-4;15;85;329;98;1;-2;3.3;1006;332;WSW;244;9
-1;-5;21;92;330;95;1;-2;1.3;1017;326;W;264;12
1;-3;24;100;331;98;3;0;3.3;1019;266;WSW;240;14
2;-2;19;59;332;94;3;1;0.4;1019;119;SSE;165;13
2;-3;24;72;333;91;3;1;0.9;1008;317;SE;135;16
6;3;25;76;334;89;8;5;0.4;1009;122;SSE;168;16
7;4;23;59;335;91;9;6;0.3;1009;119;SE;141;14
6;3;24;42;336;85;8;5;1.6;1008;113;SSW;211;14
3;1;13;83;337;97;5;2;5.3;1009;296;SE;146;7
5;2;15;65;338;92;6;4;0.6;1007;116;S;175;10
6;4;15;81;339;95;7;5;13.0;998;296;SW;216;10
6;4;20;82;340;94;8;5;9.3;1005;122;WSW;241;12
4;1;13;98;341;94;5;3;0.5;1013;122;NW;306;8
3;-1;18;93;342;85;4;2;1.5;1019;122;NW;325;13
1;-1;12;69;343;90;3;0;0.8;1018;326;WSW;244;8
1;-2;16;26;344;83;3;0;0.0;1018;116;S;181;11
2;-2;23;29;345;74;4;1;0.1;1019;113;SE;135;13
3;-1;21;31;346;88;5;2;0.0;1020;116;SE;133;13
1;-4;26;44;347;80;2;0;0.0;1022;116;ESE;123;17
0;-5;26;5;348;69;2;-1;0.0;1024;113;ESE;114;18
-1;-5;22;36;349;79;1;-2;0.0;1027;116;ESE;117;15
1;-3;20;79;350;94;3;0;0.9;1024;263;SE;134;12
2;-1;22;79;351;95;4;1;0.0;1017;119;SE;132;14
3;0;17;96;352;93;4;3;2.0;1016;266;E;93;12
2;0;9;100;353;95;3;2;9.9;1013;317;SW;215;6
2;-1;17;96;354;94;3;1;7.0;1015;332;WSW;251;11
3;-1;22;100;355;95;4;2;10.5;1015;320;WNW;285;14
4;0;26;94;356;94;5;3;11.4;1016;302;WSW;254;16
2;-3;32;97;357;88;4;1;7.4;1016;368;NW;311;22
0;-4;22;92;358;86;1;-1;2.6;1023;122;WNW;299;14
-1;-5;20;100;359;80;0;-1;2.0;1031;326;NNE;21;14
-2;-6;16;100;360;83;-1;-2;1.7;1039;326;NNE;29;11
-3;-5;7;71;361;83;-2;-4;0.1;1039;119;NE;34;4
-4;-7;11;67;362;92;-2;-5;0.4;1037;122;WNW;299;7
-2;-5;9;42;363;86;-1;-3;0.5;1040;113;SE;133;6
-2;-4;9;6;364;78;0;-4;0.0;1041;113;WNW;299;5
-2;-5;15;0;365;76;0;-3;0.0;1032;113;SW;222;8
