HeatIndexC;WindChillC;WindGustKmph;cloudcover;day;humidity;maxtemp;mintemp;precipMM;pressure;weatherCode;winddir16Point;winddirDegree;windspeed
15;15;7;24;244;70;22;13;0.0;1015;116;WNW;285;4
18;17;8;29;245;73;25;15;0.0;1015;119;WSW;250;5
20;20;9;7;246;77;28;17;0.0;1014;113;SSE;151;5
20;20;13;42;247;79;28;16;6.3;1012;113;SW;227;8
16;15;21;59;248;89;18;16;12.1;1016;296;WSW;257;14
14;14;18;30;249;80;20;10;0.0;1022;113;SW;221;11
14;13;30;62;250;82;18;13;3.8;1015;296;W;264;19
13;11;24;81;251;89;15;11;1.5;1014;296;W;262;17
16;15;15;90;252;92;21;13;1.5;1014;353;W;267;10
20;19;13;43;253;85;26;16;0.0;1014;113;S;179;8
21;20;13;11;254;78;28;16;5.2;1013;113;WSW;246;7
16;16;21;52;255;82;21;15;0.6;1016;353;WSW;249;14
17;16;21;71;256;82;20;15;0.8;1015;353;W;268;14
14;13;18;17;257;77;17;12;0.0;1019;113;W;277;12
12;11;11;2;258;79;19;8;0.0;1021;113;WNW;301;6
14;13;11;8;259;73;22;10;0.0;1019;113;SE;138;6
16;16;16;57;260;90;20;13;8.4;1013;353;W;265;9
13;12;15;78;261;97;15;11;32.9;1008;308;W;271;10
10;9;12;59;262;87;14;7;0.1;1015;119;S;185;7
11;11;7;17;263;83;17;9;0.0;1024;113;WNW;291;4
12;12;10;10;264;79;19;9;0.0;1022;113;SW;217;5
12;12;13;31;265;85;17;9;0.1;1021;119;W;278;8
12;11;10;14;266;82;18;8;0.0;1019;116;NW;324;6
13;12;11;13;267;76;21;8;0.0;1018;113;ESE;118;6
15;14;9;14;268;81;22;10;0.0;1020;116;WSW;241;5
16;16;4;1;269;79;25;11;0.0;1024;113;WSW;248;3
16;16;6;10;270;75;24;12;0.0;1028;113;WNW;291;4
16;16;15;9;271;80;23;11;0.0;1030;113;E;83;9
15;14;15;17;272;73;22;10;0.0;1029;116;E;99;8
16;15;16;2;273;69;24;10;0.0;1028;113;ESE;108;9
16;16;10;0;274;73;25;11;0.0;1026;113;ESE;111;5
17;16;6;1;275;73;25;12;0.0;1026;113;SSE;162;3
16;15;12;2;276;79;23;11;0.0;1023;113;WSW;249;7
15;14;18;8;277;79;21;10;0.0;1023;113;WSW;253;10
14;13;17;70;278;90;18;12;0.7;1022;353;WSW;258;10
13;12;24;77;279;86;19;9;4.0;1015;266;WSW;238;15
7;4;28;78;280;95;8;7;15.1;1013;302;WSW;254;20
7;3;28;75;281;94;9;5;13.5;1015;353;WNW;288;18
5;2;16;70;282;94;8;2;0.3;1023;119;WSW;244;10
11;10;26;98;283;97;15;8;9.5;1019;296;W;260;17
14;12;31;86;284;93;15;13;1.2;1020;353;WSW;252;23
13;11;30;98;285;95;14;12;3.7;1019;296;WSW;258;22
8;7;13;32;286;83;12;5;2.8;1027;116;NNE;20;8
5;3;19;6;287;76;11;2;0.0;1033;113;ENE;71;11
4;1;21;2;288;71;12;-1;0.0;1032;113;E;89;12
5;3;17;1;289;74;13;0;0.0;1028;113;ESE;121;10
7;5;13;3;290;83;14;2;0.0;1024;113;SW;227;7
10;8;25;24;291;80;17;4;0.0;1016;113;SSW;212;14
6;4;13;87;292;97;7;6;9.0;1018;293;W;265;9
4;1;16;64;293;93;7;3;0.9;1027;119;W;279;11
4;3;9;3;294;81;11;0;0.0;1029;113;E;84;5
3;0;18;1;295;72;10;-2;0.0;1026;113;ESE;107;10
3;0;17;1;296;79;10;-2;0.0;1021;113;ESE;118;10
4;0;28;10;297;85;10;-1;0.0;1014;113;ESE;121;16
6;3;23;30;298;85;12;1;0.0;1008;116;ESE;112;13
8;8;9;48;299;92;11;7;2.5;1016;263;S;185;5
8;7;16;30;300;89;14;4;0.0;1018;116;ESE;101;9
9;8;9;45;301;90;13;7;0.1;1024;122;SSE;147;5
9;8;12;34;302;83;15;5;0.0;1026;116;SE;135;6
8;8;9;45;303;83;14;3;0.0;1024;116;WSW;240;5
8;7;11;12;304;83;14;4;0.0;1020;113;ESE;115;6
8;7;13;11;305;84;14;4;0.0;1019;113;SSE;156;7
7;5;17;6;306;80;13;4;0.0;1017;113;SE;135;9
6;4;22;13;307;76;13;3;0.0;1011;113;ESE;122;12
6;4;18;8;308;81;12;2;0.0;1008;113;ESE;122;10
8;6;19;12;309;84;14;4;0.0;1007;113;ESE;112;10
8;7;16;11;310;88;14;5;0.0;1012;113;E;82;9
7;6;16;12;311;87;13;4;0.0;1016;113;ESE;110;9
6;4;18;9;312;87;12;3;0.0;1019;113;E;96;10
7;6;14;9;313;88;13;4;0.0;1021;113;ESE;107;7
5;3;15;7;314;87;10;1;0.0;1023;113;E;86;8
2;-1;23;2;315;78;7;-2;0.0;1025;113;ESE;102;13
1;-2;19;0;316;70;8;-2;0.0;1033;113;ESE;121;10
2;0;15;0;317;65;9;-1;0.0;1034;113;E;94;8
2;0;13;29;318;64;8;-1;0.0;1028;119;E;97;6
2;-1;17;7;319;68;8;-1;0.0;1023;113;E;82;9
0;-3;15;1;320;72;6;-3;0.0;1023;113;E;96;8
0;-3;13;10;321;64;7;-3;0.0;1025;113;SW;217;7
1;0;9;18;322;86;8;-2;0.0;1025;116;SE;138;4
2;-1;15;8;323;88;8;-1;0.0;1023;113;SE;140;8
2;0;13;57;324;75;7;-1;0.0;1023;122;SE;143;7
3;1;14;20;325;69;8;1;0.0;1020;116;SE;140;7
3;2;10;5;326;84;10;1;0.0;1020;113;ESE;117;5
2;1;8;16;327;88;8;0;0.0;1024;113;SSE;155;4
1;-1;10;16;328;75;7;-2;0.0;1034;113;SSE;153;5
0;-3;18;4;329;66;6;-2;0.0;1030;113;SSW;204;9
0;-3;17;48;330;89;5;-2;0.0;1033;116;WSW;247;9
2;-2;28;26;331;80;8;-1;0.1;1026;113;WSW;247;15
2;0;15;30;332;92;7;-2;0.1;1030;113;SE;129;8
1;-2;21;8;333;83;7;-2;0.0;1023;113;SSE;161;11
3;1;18;63;334;91;6;4;0.5;1028;266;WNW;289;9
4;1;26;40;335;88;9;2;0.0;1022;116;S;177;13
6;4;27;68;336;76;11;4;1.5;1014;122;SW;220;15
5;1;28;76;337;86;7;3;8.7;1013;296;SW;216;19
7;4;27;100;338;94;9;6;20.8;1005;302;WSW;238;18
4;-1;36;60;339;89;4;2;13.3;1005;368;W;264;25
2;-3;28;94;340;96;3;1;7.9;1010;332;WSW;248;19
2;-3;36;74;341;97;3;1;10.4;1009;302;WSW;242;22
2;-3;36;51;342;92;3;0;0.1;1021;119;WSW;238;22
4;0;32;86;343;91;7;3;13.4;1013;317;W;266;20
1;-3;19;55;344;92;3;-1;0.2;1017;119;W;265;12
0;-3;16;26;345;85;4;-2;0.0;1019;116;SSE;160;9
2;-2;29;52;346;91;5;-1;0.8;1013;266;SW;218;15
2;-3;40;49;347;84;4;0;6.4;1012;302;S;191;20
4;-1;37;38;348;89;7;1;4.9;1009;386;SSW;194;21
2;-2;32;53;349;90;5;1;3.4;1011;293;SW;223;19
2;-3;47;93;350;95;4;1;30.8;988;320;SSW;197;31
1;-4;31;74;351;90;3;0;9.2;1008;119;SW;229;20
0;-5;26;80;352;91;2;-1;2.0;1012;332;WSW;254;17
-1;-5;18;68;353;85;1;-2;0.8;1020;119;WSW;244;14
-1;-5;23;84;354;84;1;-3;4.3;1014;332;SW;218;15
1;-4;26;97;355;96;1;0;5.0;1019;332;W;275;18
1;-2;18;100;356;99;2;0;4.2;1024;317;SW;235;11
3;0;21;96;357;99;5;2;1.6;1024;266;WSW;248;12
2;-2;31;79;358;92;4;1;1.5;1025;362;WNW;290;19
2;-2;23;96;359;92;3;1;1.7;1035;317;WSW;243;17
3;1;16;62;360;93;6;3;0.4;1039;143;WSW;239;9
4;3;8;50;361;93;7;2;0.1;1037;143;SSE;146;4
3;0;16;34;362;89;5;1;0.0;1029;116;S;190;10
2;-3;30;91;363;90;3;1;2.5;1025;122;WSW;256;21
1;-5;36;91;364;96;1;0;8.1;1013;227;W;271;24
2;-2;21;93;365;97;4;0;6.3;1016;332;SSW;200;14
