HeatIndexC;WindChillC;WindGustKmph;cloudcover;day;humidity;maxtemp;mintemp;precipMM;pressure;weatherCode;winddir16Point;winddirDegree;windspeed
20;20;11;43;244;71;26;12;0.1;1022;176;WNW;301;8
20;20;8;19;245;73;26;12;0.0;1022;113;WNW;301;5
21;21;14;23;246;66;28;13;0.0;1018;113;WSW;253;7
20;19;21;56;247;74;25;13;3.6;1015;266;WSW;241;13
16;16;23;72;248;85;19;14;3.1;1020;353;WNW;296;16
19;18;13;37;249;77;24;14;0.0;1026;116;NNE;30;8
20;19;16;8;250;76;28;11;0.0;1021;113;E;101;10
22;21;13;13;251;75;28;15;0.0;1015;116;SSW;210;7
20;20;10;22;252;79;27;12;0.4;1017;176;NW;310;6
22;21;7;29;253;73;30;13;0.0;1017;116;SSE;157;4
22;21;7;28;254;67;30;13;0.0;1017;116;NW;317;4
23;23;11;4;255;68;30;14;0.0;1018;113;SE;132;7
23;23;11;2;256;69;30;13;0.0;1016;113;SE;124;8
23;22;15;2;257;66;29;13;0.0;1014;113;ESE;107;12
23;22;16;14;258;67;28;17;0.0;1012;113;SE;137;12
19;18;11;43;259;83;23;15;1.6;1014;119;WNW;283;8
15;14;25;100;260;94;17;13;75.7;1012;308;WNW;288;20
15;15;10;92;261;95;17;14;8.9;1012;302;ESE;121;8
13;13;12;99;262;96;15;11;1.3;1017;266;NW;317;9
13;13;10;16;263;76;18;6;0.0;1019;113;NNE;17;8
13;13;11;9;264;70;19;8;0.0;1020;113;ENE;72;8
13;13;8;12;265;74;18;5;0.0;1022;113;SSE;147;4
15;14;10;23;266;76;20;7;0.0;1025;119;W;260;6
13;13;8;2;267;74;20;6;0.0;1025;113;SE;126;4
16;15;11;37;268;74;23;6;0.0;1021;113;SSE;163;7
16;15;9;12;269;78;23;7;1.1;1022;116;WNW;295;5
16;15;8;21;270;80;22;8;0.0;1026;113;WSW;243;4
15;15;15;10;271;78;21;8;0.0;1028;113;WSW;256;11
17;16;19;5;272;74;23;13;0.0;1022;113;SW;231;12
18;17;17;36;273;71;23;13;0.0;1016;116;WSW;238;11
16;16;18;52;274;76;22;14;0.3;1012;353;SW;231;13
13;13;15;46;275;84;17;12;2.3;1016;353;SW;233;12
10;8;21;92;276;91;12;9;2.3;1024;389;W;267;15
10;8;17;65;277;85;13;8;0.3;1031;176;SE;142;12
8;6;17;56;278;77;11;4;0.2;1030;176;NNE;28;12
8;7;15;93;279;87;11;8;0.6;1021;176;NNE;19;10
9;8;11;67;280;89;13;7;1.1;1019;353;NE;44;7
8;7;10;73;281;85;12;7;1.7;1021;293;NNE;24;6
8;6;12;79;282;88;12;3;1.5;1024;353;SW;229;7
6;5;10;32;283;83;13;2;0.1;1024;176;N;352;6
6;4;11;67;284;84;10;3;0.6;1020;353;ESE;121;7
6;5;9;53;285;87;11;2;0.3;1019;353;SSE;155;7
7;5;23;38;286;81;12;4;0.0;1016;113;E;88;17
10;7;23;19;287;75;15;5;0.0;1010;116;E;100;15
12;12;12;65;288;87;15;9;0.3;1014;176;W;259;8
11;10;12;22;289;84;16;4;0.0;1022;113;SE;134;7
13;12;11;55;290;87;18;9;0.2;1023;122;SSW;198;6
10;10;13;92;291;90;14;8;1.6;1023;353;W;272;8
8;6;25;79;292;83;10;7;1.6;1019;353;WSW;249;17
8;5;17;99;293;90;10;5;16.7;1015;353;SW;220;13
6;4;11;86;294;91;9;4;3.0;1015;353;W;278;8
5;2;16;81;295;94;8;2;2.7;1015;296;WSW;248;10
6;5;13;56;296;87;11;2;0.1;1015;122;SE;124;8
11;10;18;67;297;88;16;9;4.2;1016;122;SSE;148;11
12;11;13;82;298;93;13;13;7.9;1022;176;WNW;298;9
9;9;8;84;299;87;13;6;0.0;1028;122;N;349;5
9;8;8;25;300;83;13;5;0.0;1033;113;WNW;289;5
8;7;13;50;301;87;13;5;0.0;1034;122;WNW;284;8
9;8;13;72;302;89;13;9;0.3;1034;176;NW;317;9
7;7;7;43;303;87;12;4;0.0;1031;119;NNW;329;5
7;6;8;16;304;83;13;3;0.0;1029;113;ENE;75;5
7;6;11;9;305;79;13;4;0.0;1022;113;SSW;202;7
6;3;21;44;306;87;9;7;1.3;1019;116;WNW;289;14
4;2;10;75;307;90;8;3;0.1;1023;176;WSW;258;6
4;1;17;48;308;81;9;0;0.0;1017;122;SSE;157;9
6;4;24;85;309;90;9;6;4.2;1004;296;S;189;14
4;2;14;93;310;92;6;4;0.7;1003;353;W;267;9
2;-1;15;51;311;86;6;-1;0.0;1008;122;W;269;10
1;-1;13;49;312;83;6;-1;0.5;1011;119;SW;227;8
2;-1;18;75;313;81;6;-1;1.7;1007;122;SSE;162;12
3;-1;27;99;314;95;5;2;8.5;1007;338;W;270;17
3;0;17;98;315;96;5;2;8.4;1014;302;E;99;11
1;-1;8;55;316;84;3;0;0.5;1026;329;SE;144;5
-1;-4;17;43;317;77;4;-2;0.0;1028;119;ESE;108;10
-1;-4;14;15;318;68;4;-3;0.0;1034;113;ESE;104;8
1;-2;15;78;319;72;5;-1;0.8;1030;266;SSW;211;10
5;3;23;100;320;97;8;5;15.9;1021;302;SW;236;13
9;7;23;91;321;94;11;8;0.5;1012;176;SW;228;15
9;6;33;82;322;88;12;9;8.4;1006;296;SW;220;21
5;2;22;84;323;92;8;6;3.1;1012;296;SW;223;13
4;1;28;18;324;87;8;2;0.0;1009;113;SSE;155;15
7;5;24;35;325;88;12;5;0.0;1007;122;SE;126;13
8;7;15;37;326;90;13;7;0.0;1011;116;ESE;109;8
8;7;14;38;327;89;13;6;0.0;1018;113;E;82;8
6;4;23;27;328;90;10;4;0.0;1019;113;ENE;76;14
6;3;25;52;329;90;11;5;0.0;1019;116;ENE;77;15
6;4;10;62;330;90;8;4;0.0;1019;119;NE;34;6
4;2;15;62;331;86;7;4;0.3;1020;176;NNW;329;10
0;-3;14;9;332;74;2;-1;0.0;1029;116;NE;44;10
-1;-3;10;3;333;68;3;-3;0.0;1035;113;E;80;6
-1;-4;15;41;334;51;4;-4;0.0;1034;122;W;259;9
2;-2;26;98;335;72;4;1;0.1;1028;122;W;273;18
3;-1;24;67;336;93;4;3;2.0;1023;266;WNW;296;16
0;-3;14;1;337;73;4;-1;0.0;1026;113;ENE;76;8
-2;-5;15;44;338;59;4;-3;0.0;1029;122;E;84;8
-2;-4;11;1;339;67;3;-3;0.0;1030;113;SE;144;6
-2;-2;6;13;340;79;4;-5;0.0;1032;116;WSW;245;3
-2;-5;15;25;341;64;2;-4;0.0;1035;116;SSE;148;8
1;-2;17;30;342;48;6;-1;0.0;1034;113;S;186;8
1;-1;17;52;343;72;6;-1;0.0;1032;122;WSW;255;9
2;0;16;16;344;83;8;1;0.0;1027;113;WSW;236;8
3;-1;31;83;345;90;6;3;1.9;1022;296;W;273;19
4;1;22;90;346;95;6;5;2.2;1026;176;WNW;286;14
2;0;13;46;347;92;6;1;0.4;1028;116;SSE;166;7
3;2;8;82;348;91;6;3;0.3;1026;122;SE;137;4
1;-1;16;31;349;94;6;1;0.0;1029;143;E;98;8
0;-3;14;5;350;85;4;-2;0.0;1032;113;ESE;113;8
-1;-2;5;27;351;83;3;-3;0.0;1038;116;S;182;3
0;-1;7;68;352;85;2;-2;0.1;1036;176;WNW;296;4
-1;-4;17;25;353;91;4;-2;0.4;1029;113;E;85;10
-1;-5;18;1;354;79;3;-3;0.0;1025;113;E;91;10
-1;-3;12;2;355;79;4;-3;0.0;1030;113;SSE;164;6
0;-3;16;17;356;76;4;-3;0.1;1032;113;SSE;151;8
1;-1;12;79;357;94;4;1;1.0;1036;143;SSW;208;6
2;-1;26;85;358;96;5;1;2.4;1031;296;WSW;254;15
5;1;37;100;359;94;7;5;3.5;1029;266;WSW;258;24
6;3;30;83;360;92;9;7;1.6;1029;266;WSW;258;20
2;-3;35;81;361;90;4;2;0.6;1040;326;W;279;22
3;-1;22;83;362;93;5;3;0.6;1044;176;WNW;300;14
1;-1;14;9;363;92;6;0;0.0;1042;113;ESE;105;8
1;0;8;0;364;65;7;0;0.0;1039;113;SSE;149;4
0;-2;11;1;365;37;5;-2;0.0;1034;113;S;187;6
