HeatIndexC;WindChillC;WindGustKmph;cloudcover;day;humidity;maxtemp;mintemp;precipMM;pressure;weatherCode;winddir16Point;winddirDegree;windspeed
11;11;13;20;244;77;17;9;0.8;1020;176;NW;324;8
12;12;9;34;245;77;19;10;0.3;1019;119;NNW;335;6
14;14;8;34;246;74;20;11;0.8;1019;176;NE;35;5
13;13;11;28;247;69;19;11;1.2;1019;176;SE;142;7
11;10;15;29;248;69;19;7;0.0;1022;116;E;83;9
11;10;21;23;249;67;18;7;0.0;1019;113;ESE;108;13
11;10;21;64;250;79;17;8;4.6;1010;296;ESE;115;12
13;12;16;60;251;89;20;9;3.4;1007;353;S;186;9
13;12;19;74;252;88;17;11;2.1;1015;353;W;266;12
13;12;12;38;253;85;19;10;2.4;1022;176;W;280;8
14;14;6;7;254;76;23;11;0.6;1021;113;SE;140;3
16;15;10;10;255;70;23;11;0.0;1019;113;SSE;162;5
12;11;16;58;256;90;16;12;6.3;1024;299;NW;307;10
12;11;21;58;257;82;18;8;0.3;1023;263;SW;234;12
12;11;24;69;258;91;15;10;10.8;1013;302;WSW;244;15
11;10;22;47;259;83;16;9;0.7;1012;353;WSW;257;14
10;9;20;23;260;77;16;7;1.0;1014;176;W;275;12
9;8;10;22;261;77;15;6;0.1;1018;119;NW;307;6
8;8;7;6;262;75;15;5;0.0;1019;113;WSW;258;5
10;10;11;28;263;74;19;6;0.0;1019;116;SSW;204;6
13;13;7;8;264;71;22;9;0.0;1021;116;SE;144;4
14;13;11;20;265;72;22;9;0.0;1021;119;ESE;112;6
15;14;14;8;266;79;23;9;0.0;1015;113;SSE;165;8
15;15;17;33;267;82;23;12;6.2;1004;176;SW;228;9
11;9;16;100;268;98;12;9;23.3;1004;302;NNW;331;11
8;6;16;66;269;87;13;5;0.8;1010;176;W;276;10
8;6;20;45;270;81;13;5;0.0;1012;116;W;271;13
8;6;19;96;271;97;10;7;12.9;1016;296;W;265;14
9;8;11;53;272;86;13;8;1.8;1020;116;WSW;238;7
8;7;12;44;273;79;15;4;0.0;1018;116;SE;140;6
9;8;12;88;274;92;13;7;2.9;1015;266;SE;145;7
9;7;18;95;275;96;13;8;3.3;1016;296;SSE;169;10
10;9;16;70;276;90;15;7;1.6;1012;113;SSE;158;9
11;10;23;34;277;85;18;6;0.0;1006;113;ESE;110;14
12;11;10;64;278;89;18;9;0.2;1009;119;SSW;209;5
14;14;13;64;279;91;19;11;0.1;1014;116;SE;126;8
13;13;14;20;280;86;20;9;0.0;1019;113;E;92;8
11;10;18;38;281;82;17;7;0.0;1021;113;ESE;106;11
9;7;23;8;282;75;16;4;0.0;1020;113;E;95;13
8;6;26;4;283;62;16;3;0.0;1015;113;ENE;78;15
8;6;28;0;284;61;16;4;0.0;1014;113;ENE;70;15
7;5;18;0;285;72;15;2;0.0;1016;113;ENE;56;10
6;4;18;13;286;81;14;1;0.0;1016;113;ENE;67;10
6;5;10;3;287;79;13;0;0.0;1015;113;NNW;340;6
5;4;8;53;288;86;11;0;0.1;1014;119;NW;314;5
6;4;12;93;289;97;8;4;5.3;1011;296;SSW;210;7
5;3;20;72;290;88;10;4;0.1;1018;122;NE;45;12
4;2;13;23;291;78;11;-1;0.0;1021;113;SW;225;7
4;1;19;86;292;91;7;0;6.1;1012;296;SW;228;12
4;0;24;95;293;99;5;3;7.3;1010;302;WSW;254;15
2;-2;22;56;294;91;5;1;0.4;1024;119;WSW;257;14
2;0;12;36;295;76;8;-3;0.0;1023;119;SW;232;6
5;2;21;35;296;83;13;-1;0.6;1014;119;SSW;208;12
6;3;22;97;297;94;8;6;5.3;1011;353;WSW;248;14
3;1;16;47;298;85;8;2;0.0;1021;119;ESE;121;10
2;1;10;13;299;85;9;-1;0.0;1029;113;NW;309;6
3;1;16;32;300;78;9;-1;0.0;1027;116;S;179;9
4;2;17;33;301;72;12;1;0.0;1024;116;SW;222;9
6;3;21;5;302;81;13;1;0.0;1016;113;SSE;147;11
7;6;16;20;303;78;15;3;0.0;1008;116;ESE;123;8
8;6;19;28;304;77;14;5;0.0;1003;113;SE;146;10
9;8;13;46;305;86;15;7;0.0;1007;122;SW;222;7
6;4;14;40;306;88;11;4;0.0;1016;116;W;272;8
9;6;22;60;307;89;12;5;0.1;1019;116;WSW;244;14
12;10;28;82;308;95;15;10;0.4;1023;266;WSW;243;19
11;9;27;70;309;89;13;10;0.3;1024;119;W;261;18
10;8;26;72;310;92;12;8;5.6;1016;296;WSW;250;17
6;4;14;100;311;96;8;4;13.8;1003;296;NNW;340;9
4;3;9;95;312;95;7;3;1.9;989;353;SE;141;5
4;1;16;62;313;91;8;3;0.1;983;116;SE;144;9
5;3;17;79;314;89;10;4;3.4;992;119;SSW;205;10
5;1;26;75;315;91;7;3;8.2;1008;317;SW;215;19
9;6;39;95;316;96;12;8;20.7;1000;353;WSW;249;26
11;9;39;74;317;93;14;11;0.3;1003;122;SW;229;23
9;7;25;12;318;86;14;6;0.0;1005;113;SSE;167;13
9;7;15;97;319;94;11;8;5.5;1011;296;SE;125;11
4;1;22;100;320;96;6;4;16.0;1017;302;N;351;15
3;2;10;97;321;96;5;2;0.6;1013;143;ENE;65;6
2;0;12;72;322;91;5;1;0.3;1011;266;W;259;7
3;1;12;79;323;93;6;0;0.2;1018;122;SSW;193;7
3;0;15;34;324;91;7;2;0.0;1017;116;ESE;119;8
2;-1;17;56;325;92;6;-1;0.1;1009;122;ENE;71;12
2;-1;19;96;326;97;4;2;5.3;1000;332;NW;308;13
2;-3;23;97;327;96;3;1;2.7;1003;368;W;276;17
1;-3;29;95;328;97;3;0;4.4;1007;326;W;260;19
1;-2;18;84;329;95;3;-1;4.1;1005;395;SSW;196;12
0;-3;13;97;330;97;1;-1;8.5;1004;326;NW;311;10
-2;-4;11;76;331;86;1;-3;0.8;1007;119;SSE;154;7
-3;-7;17;48;332;93;0;-5;0.4;1006;143;E;93;10
-3;-6;13;100;333;98;-2;-4;10.7;1006;332;WNW;296;9
-4;-8;16;65;334;95;-1;-4;0.6;1013;116;E;92;10
-7;-10;14;78;335;97;-1;-11;9.8;1009;143;SSW;197;9
-9;-13;14;69;336;95;-5;-9;3.5;1009;326;W;263;9
-14;-16;6;54;337;99;-5;-18;0.0;1013;260;W;267;3
-11;-16;17;36;338;98;-5;-18;0.0;1022;260;S;183;9
-5;-10;30;66;339;95;-1;-8;3.9;1012;326;S;181;15
-1;-4;14;100;340;99;0;-1;19.6;1002;338;E;96;8
1;0;9;100;341;100;3;0;21.0;1002;248;S;187;5
2;-1;22;100;342;100;4;1;17.7;1003;302;S;183;11
-2;-8;33;95;343;98;0;-3;9.2;1020;371;W;268;23
-2;-7;27;81;344;98;-1;-2;9.8;1028;260;WNW;284;16
0;-6;43;100;345;100;1;-1;16.8;1020;326;W;264;25
1;-4;31;99;346;100;2;0;7.3;1014;326;WNW;289;20
-6;-11;18;53;347;96;-4;-7;1.0;1023;143;WNW;300;11
-6;-10;15;76;348;95;-4;-9;1.2;1026;326;NW;308;10
-5;-11;24;100;349;97;-4;-6;6.8;1025;332;WNW;297;17
-7;-12;19;75;350;95;-5;-8;0.9;1014;119;SSW;213;12
-4;-9;20;91;351;97;-2;-4;13.5;996;326;WNW;293;13
-8;-12;18;59;352;97;-5;-11;0.3;1004;326;SSW;210;9
-3;-8;27;84;353;97;0;-6;8.5;1000;332;SSW;201;15
-1;-5;24;93;354;98;0;-1;9.4;1003;332;SSW;205;14
0;-4;19;92;355;99;1;0;11.2;1007;302;SSW;209;9
0;-4;21;82;356;99;1;-1;2.8;1004;296;SE;140;10
1;-2;16;98;357;99;3;0;0.1;998;248;ESE;108;9
-1;-6;22;97;358;96;0;-2;17.7;1000;338;SW;232;14
-6;-11;19;93;359;97;-4;-6;9.9;1018;332;NNW;345;14
-11;-15;13;75;360;98;-8;-17;1.5;1029;326;SW;233;8
-7;-11;13;81;361;98;-4;-7;1.5;1026;326;WSW;256;8
-9;-12;13;24;362;93;-4;-16;0.0;1024;143;E;85;6
-10;-14;17;24;363;95;-6;-11;0.0;1026;260;ESE;118;8
-11;-13;10;28;364;95;-5;-13;0.0;1026;260;SE;142;5
-8;-9;7;72;365;98;-3;-12;0.2;1026;260;WSW;248;4
