HeatIndexC;WindChillC;WindGustKmph;cloudcover;day;humidity;maxtemp;mintemp;precipMM;pressure;weatherCode;winddir16Point;winddirDegree;windspeed
15;14;16;66;244;80;19;12;1.1;1022;353;NNE;31;10
17;16;14;42;245;78;22;11;0.0;1023;116;NE;47;8
18;17;17;49;246;76;23;13;0.1;1022;119;NNE;28;10
19;18;17;11;247;72;25;12;0.0;1020;113;NE;46;10
19;18;16;19;248;77;24;14;0.0;1020;113;WSW;245;10
14;13;14;11;249;73;19;9;0.0;1025;113;SW;230;9
15;14;11;7;250;66;22;11;0.0;1024;113;W;272;7
18;18;9;11;251;66;25;13;0.0;1022;113;WNW;285;5
20;19;14;2;252;67;27;15;0.0;1018;113;SSE;147;9
20;20;10;11;253;66;28;16;0.0;1016;113;SW;233;6
20;20;19;32;254;73;27;15;8.1;1014;353;SW;226;12
13;12;17;68;255;86;13;12;9.3;1014;266;WNW;284;12
11;10;14;17;256;70;16;6;0.1;1016;116;NNW;331;9
12;11;16;8;257;69;18;8;0.0;1016;113;WSW;239;10
13;12;14;52;258;81;18;11;0.6;1018;119;WNW;297;9
15;14;12;20;259;71;21;9;0.0;1017;116;SE;139;7
15;15;12;11;260;78;22;10;0.0;1014;113;W;267;7
17;17;14;19;261;76;23;12;2.0;1012;113;WSW;240;9
12;11;18;36;262;74;15;10;5.8;1018;116;WNW;298;13
9;8;11;15;263;68;15;5;0.0;1024;116;WNW;293;6
12;10;18;20;264;67;19;5;0.6;1018;113;SSE;163;11
12;11;16;46;265;83;16;11;8.6;1015;116;WNW;283;12
12;11;15;40;266;72;18;8;0.0;1016;116;ESE;110;9
15;13;20;38;267;85;21;10;5.4;1004;353;SW;227;12
15;14;22;20;268;75;22;9;0.0;1004;113;SSE;156;14
16;15;19;45;269;75;22;9;0.3;1002;116;SSE;155;11
12;11;18;53;270;84;16;9;7.5;1012;116;S;181;13
12;11;14;47;271;81;17;10;0.5;1019;116;SW;232;9
12;11;13;31;272;79;17;8;0.0;1018;122;WSW;254;8
12;11;8;6;273;74;18;7;0.0;1021;113;NE;44;5
13;13;8;41;274;75;19;9;0.0;1018;113;WNW;282;5
12;12;13;36;275;75;17;8;0.0;1019;119;WSW;248;8
12;12;19;35;276;75;19;7;0.0;1017;119;SW;216;11
11;10;27;78;277;91;15;10;5.2;1015;296;SW;226;17
12;11;25;50;278;85;19;6;0.0;1017;119;SW;226;15
15;14;28;27;279;76;22;9;0.8;1015;113;SW;236;18
11;9;19;48;280;88;13;9;13.9;1018;299;NNW;328;13
9;8;10;40;281;74;14;3;0.1;1021;122;S;182;5
9;8;12;43;282;86;14;9;1.7;1013;296;NW;320;8
6;6;7;25;283;76;13;3;0.0;1016;116;WSW;239;4
7;6;13;5;284;71;14;2;0.0;1013;113;ESE;115;8
8;6;22;61;285;86;14;3;5.1;1011;302;SSW;198;14
8;6;18;35;286;83;13;3;0.0;1014;116;SSE;154;10
9;8;14;68;287;83;12;6;1.6;1005;263;SSE;146;9
7;4;21;80;288;88;8;5;1.5;1008;266;WSW;248;13
7;6;14;45;289;79;12;3;0.0;1014;113;SSW;194;9
9;7;21;23;290;81;15;4;0.0;1015;116;SSE;154;12
11;9;19;28;291;80;17;5;0.0;1015;122;SE;143;11
12;11;17;10;292;78;19;7;0.0;1016;113;SE;134;10
13;12;7;11;293;80;20;7;0.0;1019;116;ESE;113;4
11;11;11;14;294;74;18;6;0.0;1019;116;ESE;117;6
10;9;13;7;295;78;17;4;0.0;1021;113;ENE;66;7
9;8;14;8;296;83;16;4;0.0;1024;113;ENE;69;8
8;8;8;12;297;81;15;3;0.0;1020;116;NE;39;4
8;7;10;26;298;82;14;2;0.0;1015;113;W;273;6
6;3;19;61;299;83;9;5;2.2;1010;116;ENE;57;14
1;-3;22;100;300;95;1;0;14.1;1001;332;SE;125;17
-1;-5;16;62;301;96;2;-3;0.7;1014;143;NNE;23;11
-2;-5;12;22;302;91;3;-7;0.0;1018;113;SW;235;7
1;-3;19;97;303;95;2;-1;6.6;1009;317;SW;229;11
2;-1;21;38;304;93;5;-2;0.1;1003;143;ESE;121;12
5;3;18;65;305;90;9;2;2.6;994;266;S;188;11
8;5;25;65;306;84;9;5;7.8;1002;119;SSW;201;18
9;7;22;84;307;93;11;7;16.3;1005;302;S;184;14
8;7;14;82;308;95;9;7;16.3;1005;302;SSE;147;9
7;4;22;74;309;92;9;6;9.0;1005;296;WSW;239;16
4;1;21;84;310;96;6;3;4.2;1017;317;W;274;14
4;0;29;85;311;95;6;3;3.8;1026;296;WSW;251;20
5;3;16;87;312;94;8;3;0.2;1023;119;WSW;251;10
5;3;16;53;313;90;9;3;0.1;1019;116;SSE;147;9
6;4;21;41;314;83;9;4;0.2;1008;119;SE;135;12
8;7;13;92;315;97;9;7;25.7;1012;302;NW;306;8
6;5;9;58;316;93;9;5;0.3;1025;119;WNW;303;6
3;2;10;15;317;88;8;0;0.0;1033;116;ESE;104;5
2;0;15;6;318;89;8;0;0.0;1029;113;E;87;9
2;1;10;0;319;83;8;-1;0.0;1024;113;ESE;119;6
2;0;11;9;320;89;8;-1;0.0;1020;113;SSE;159;6
2;-1;14;3;321;81;8;-1;0.0;1015;113;SSE;158;7
2;0;13;43;322;73;7;0;0.0;1014;116;SSE;154;7
2;0;12;11;323;74;8;-1;0.0;1018;113;E;90;6
2;0;12;17;324;91;6;-1;0.0;1020;113;ESE;118;6
2;-1;17;14;325;88;7;0;0.0;1019;113;SSE;151;9
3;2;11;65;326;91;6;1;0.0;1025;143;SE;138;6
3;1;17;42;327;93;7;1;0.0;1022;119;S;170;9
4;2;18;48;328;80;8;2;0.0;1021;116;SE;140;9
6;3;26;29;329;79;11;4;0.0;1017;119;SW;227;14
6;4;16;57;330;92;9;5;1.6;1012;266;SSE;161;9
6;6;8;80;331;95;8;5;1.5;1007;263;SW;227;5
5;3;16;93;332;94;6;4;3.1;1002;266;NNE;28;12
1;-4;33;98;333;97;1;1;30.7;997;332;WNW;300;23
-4;-7;14;56;334;97;0;-4;0.2;1009;143;WNW;302;8
-2;-3;6;29;335;90;2;-5;0.0;1015;116;SSW;204;3
-2;-7;23;79;336;94;0;-6;3.6;1014;332;SW;231;16
-1;-6;23;85;337;95;0;-3;4.3;1015;119;SW;223;15
1;-4;28;95;338;98;2;0;7.9;1002;338;SW;234;18
0;-4;20;97;339;97;1;-1;9.4;1005;332;W;264;13
-4;-9;26;77;340;95;-1;-4;1.9;1014;368;W;281;17
-4;-9;20;47;341;89;-2;-8;0.4;1012;119;SE;133;14
-7;-11;14;29;342;91;-4;-9;0.0;1021;116;NE;44;9
-5;-11;27;79;343;92;-2;-10;7.6;1021;332;SW;226;18
0;-5;36;98;344;97;1;-1;6.7;1008;332;W;271;23
-4;-8;18;86;345;95;-2;-6;1.4;1022;326;NW;321;12
-8;-12;17;72;346;92;-5;-10;0.5;1025;326;SW;219;10
-7;-13;22;65;347;84;-5;-10;0.1;1018;122;SE;145;12
-2;-7;30;53;348;88;0;-3;1.3;1009;116;SE;135;17
1;-3;26;92;349;98;3;-1;11.5;1007;296;SSW;204;13
4;0;29;95;350;95;5;2;7.0;1010;353;SW;222;17
2;-1;20;100;351;99;3;1;8.4;1009;302;WSW;243;11
2;-1;17;99;352;99;3;0;4.5;1015;317;WSW;238;9
1;-1;11;54;353;95;4;1;0.0;1024;143;SSE;166;6
1;-2;20;42;354;87;3;-1;0.1;1019;116;ESE;115;14
1;-1;11;100;355;97;2;0;9.0;1014;317;WSW;237;7
2;-2;20;90;356;98;3;0;6.7;1018;248;SSW;211;12
7;3;41;99;357;94;9;7;22.3;1011;302;WSW;246;26
8;5;30;26;358;82;10;6;0.0;1011;116;S;188;15
8;5;28;55;359;79;10;6;1.1;1007;122;SSW;210;16
6;2;31;76;360;89;8;4;0.4;1013;353;WSW;247;21
6;1;35;95;361;91;7;4;18.1;1010;353;SW;228;24
4;1;22;75;362;95;5;2;2.9;1025;143;W;262;14
3;-1;23;37;363;86;5;1;0.1;1022;113;SSE;149;14
5;1;28;57;364;86;7;4;0.0;1022;119;WSW;236;19
3;-1;27;48;365;90;6;2;0.0;1021;119;SSW;196;15
