HeatIndexC;WindChillC;WindGustKmph;cloudcover;day;humidity;maxtemp;mintemp;precipMM;pressure;weatherCode;winddir16Point;winddirDegree;windspeed
24;23;20;40;244;67;30;21;8.5;1011;353;W;268;13
19;18;8;34;245;70;25;14;0.0;1017;116;S;175;5
18;16;13;36;246;78;21;15;3.2;1015;353;WSW;253;8
17;16;15;39;247;60;20;13;0.1;1015;116;W;271;10
13;12;24;45;248;76;17;10;4.0;1016;353;W;277;15
11;9;27;58;249;80;16;8;1.5;1021;176;WNW;283;20
10;8;22;70;250;91;14;10;7.8;1024;302;W;279;14
15;14;8;25;251;73;20;11;0.0;1024;116;NNE;17;5
15;14;15;36;252;70;20;11;0.4;1022;176;ENE;60;9
15;13;24;22;253;66;20;10;0.0;1022;116;E;81;15
16;14;18;16;254;72;22;9;0.0;1018;116;SSE;158;10
19;18;17;17;255;65;26;12;0.0;1017;116;S;183;10
21;20;14;34;256;64;27;15;0.0;1012;116;E;88;8
16;15;18;64;257;85;19;14;3.5;1007;296;SW;224;13
15;15;19;43;258;76;18;14;1.0;1011;176;S;188;14
20;18;22;28;259;66;26;14;0.1;1003;119;SE;137;14
16;15;18;46;260;82;23;13;6.1;1006;296;WNW;289;12
12;11;15;51;261;90;16;11;2.5;1018;293;SW;218;9
15;14;17;25;262;78;21;11;0.3;1022;176;W;261;10
14;12;15;48;263;80;18;9;0.5;1023;353;WNW;303;10
14;13;10;29;264;75;20;9;0.0;1017;119;S;174;5
13;12;19;55;265;74;18;9;0.9;1008;176;SSW;213;12
12;10;21;74;266;85;14;9;6.5;1012;176;WSW;249;14
13;12;11;75;267;82;17;11;0.3;1020;176;WSW;251;8
14;13;12;52;268;75;19;9;0.0;1022;116;WNW;289;8
13;12;15;48;269;76;18;10;0.4;1024;176;NE;54;10
13;11;21;13;270;72;17;7;0.0;1030;113;ENE;56;12
12;11;21;4;271;68;18;7;0.0;1034;113;ENE;65;13
12;10;28;1;272;65;17;8;0.0;1033;113;E;81;18
12;10;28;0;273;63;16;7;0.0;1032;113;E;80;18
12;9;27;2;274;59;17;7;0.0;1029;113;E;86;17
13;11;19;3;275;61;19;6;0.0;1023;113;E;85;12
14;13;12;22;276;74;21;9;0.0;1017;116;W;265;8
11;11;10;49;277;87;16;11;0.9;1018;263;WNW;281;6
14;13;16;36;278;77;20;9;0.0;1016;116;SSE;151;10
15;14;18;62;279;79;21;13;1.5;1009;122;SE;145;12
14;13;18;88;280;89;17;14;6.1;1013;353;W;272;13
13;12;12;78;281;82;17;10;0.0;1020;119;WNW;299;9
13;12;7;16;282;78;19;8;0.0;1020;113;NNW;330;4
11;9;19;53;283;80;16;7;0.0;1018;116;ENE;69;12
8;6;23;39;284;55;13;5;0.0;1017;116;ENE;78;15
7;4;20;33;285;60;12;0;0.0;1019;122;E;85;12
8;6;14;41;286;75;14;3;7.2;1015;116;E;97;9
6;5;6;93;287;88;9;4;12.5;1016;176;SSW;208;5
4;2;14;99;288;95;6;3;14.0;1014;296;WNW;284;11
5;3;10;99;289;94;7;4;2.1;1018;296;WSW;247;8
6;5;12;73;290;82;11;3;3.4;1019;122;S;171;8
7;5;8;76;291;86;10;5;0.5;1019;176;ESE;111;5
7;6;9;64;292;83;11;5;0.2;1022;176;SW;231;6
5;4;8;52;293;88;10;2;0.2;1022;122;NW;306;5
6;5;8;90;294;87;11;3;0.1;1021;176;WNW;296;4
7;5;17;75;295;85;11;5;0.8;1019;176;WSW;243;11
10;9;12;61;296;87;13;9;0.6;1024;119;NW;315;8
9;8;17;48;297;83;15;5;0.0;1020;122;SSE;157;10
11;10;15;60;298;85;15;8;0.0;1024;122;WNW;296;9
11;9;19;25;299;87;16;7;0.0;1022;113;E;92;11
11;9;16;3;300;86;15;5;0.0;1018;113;ESE;110;9
9;7;15;21;301;85;15;5;0.0;1013;116;SE;128;8
8;8;8;28;302;85;13;7;0.0;1019;116;NW;314;5
8;7;15;8;303;85;14;5;0.0;1026;113;E;90;9
9;7;18;2;304;78;15;5;0.0;1028;113;E;94;10
8;6;16;0;305;70;14;4;0.0;1031;113;ESE;122;9
7;5;13;6;306;63;13;2;0.0;1028;113;SE;126;7
7;5;11;4;307;71;14;2;0.0;1023;113;SE;125;6
9;8;11;46;308;57;16;6;0.0;1023;116;SSE;153;6
10;9;11;19;309;77;17;6;0.0;1023;116;S;186;6
11;10;17;65;310;82;14;10;0.3;1025;122;S;190;9
13;12;20;93;311;94;17;14;2.1;1027;176;WSW;236;12
13;13;15;58;312;90;17;12;0.0;1029;119;SSW;206;8
13;11;29;68;313;85;15;12;0.5;1026;176;W;266;19
11;9;26;41;314;81;15;10;0.0;1027;116;W;264;17
11;10;14;47;315;81;15;11;0.0;1026;116;WSW;255;9
9;8;14;79;316;89;13;6;0.0;1028;122;WNW;287;8
9;7;25;43;317;83;14;6;0.9;1025;122;WSW;251;16
7;3;32;58;318;79;10;5;1.3;1029;176;W;264;21
9;5;54;92;319;86;11;7;3.8;1018;266;WSW;258;32
9;7;26;35;320;80;15;7;0.0;1018;113;WSW;255;17
11;8;35;99;321;84;13;9;1.8;1016;353;WSW;240;23
11;8;43;79;322;79;13;12;0.6;1017;176;W;266;31
11;7;50;100;323;81;13;9;4.3;1016;266;WSW;258;31
8;6;21;96;324;92;9;7;26.6;1005;302;SSW;213;15
3;1;15;64;325;89;5;3;1.9;998;362;WSW;238;10
1;-4;26;73;326;91;2;0;1.1;1005;119;WNW;284;18
1;-3;22;93;327;91;3;-1;1.2;1021;176;W;278;16
0;-4;18;38;328;83;3;-2;0.0;1023;113;S;188;11
3;-1;18;99;329;93;5;1;2.9;1009;317;SW;226;13
3;0;12;98;330;95;4;2;0.4;1016;176;WNW;300;9
0;0;6;8;331;90;4;-2;0.0;1020;113;ESE;108;3
0;-5;26;57;332;93;3;-3;3.7;1016;332;WSW;258;15
3;-2;49;87;333;90;6;2;9.0;1018;302;WSW;246;30
8;4;63;100;334;90;9;8;20.2;1019;302;W;261;41
9;5;54;100;335;90;10;9;8.5;1023;266;W;265;36
8;6;19;84;336;93;11;7;0.4;1030;176;WSW;241;11
5;3;13;27;337;93;9;3;0.0;1030;143;SSE;151;7
4;2;23;59;338;88;6;3;1.4;1031;296;WSW;249;13
5;3;17;30;339;93;9;3;0.1;1033;143;S;187;10
6;3;24;14;340;87;10;4;0.0;1029;113;SW;224;13
7;5;15;45;341;88;11;6;0.0;1034;116;SSE;165;8
5;4;12;7;342;88;9;5;0.0;1033;113;SE;145;6
5;2;17;82;343;89;7;4;1.6;1036;296;WNW;303;10
2;-1;18;20;344;92;7;1;0.0;1037;113;SSE;159;10
3;-1;26;42;345;76;7;1;0.4;1029;122;WSW;237;15
5;2;30;92;346;94;8;4;4.6;1025;296;WSW;259;18
6;3;23;92;347;92;9;5;0.4;1022;176;W;265;15
5;3;13;57;348;92;8;3;0.0;1023;143;SSE;151;8
3;2;14;50;349;86;8;3;0.1;1026;119;SW;225;8
5;3;18;80;350;91;8;4;0.8;1028;266;S;183;10
9;8;21;87;351;95;11;8;4.7;1027;176;WSW;241;12
8;7;18;74;352;92;11;7;2.0;1026;266;WSW;248;10
8;6;17;28;353;87;11;7;0.0;1025;116;SSE;164;8
7;5;21;11;354;84;10;5;0.0;1023;113;SSE;159;10
7;5;23;55;355;90;9;7;5.5;1026;302;WSW;245;14
8;5;27;50;356;81;11;7;0.4;1029;116;SSW;212;15
8;6;21;52;357;87;11;6;0.3;1029;122;WSW;246;13
7;4;22;45;358;88;10;6;0.0;1028;116;SSE;168;12
7;5;26;57;359;87;11;6;0.2;1030;119;SW;216;13
8;6;20;28;360;80;12;7;0.0;1031;116;SSW;208;10
7;5;18;23;361;75;11;6;0.0;1031;113;SSW;200;9
5;3;14;26;362;78;10;4;0.0;1030;116;ESE;109;7
4;2;14;11;363;89;9;2;0.0;1029;113;E;84;7
2;-1;18;23;364;90;5;0;0.0;1029;116;ESE;114;10
2;-1;19;53;365;84;4;0;3.0;1025;296;S;173;12
