HeatIndexC;WindChillC;WindGustKmph;cloudcover;day;humidity;maxtemp;mintemp;precipMM;pressure;weatherCode;winddir16Point;winddirDegree;windspeed
18;18;15;43;244;82;23;17;4.1;1016;353;W;276;9
18;17;13;31;245;72;24;14;0.0;1013;116;SW;219;8
19;18;20;51;246;77;26;15;11.2;1008;356;SW;220;12
16;15;14;80;247;92;20;14;17.3;1009;356;SW;217;9
19;18;18;44;248;77;24;14;22.9;1007;356;S;186;10
19;18;14;48;249;79;23;17;6.3;1007;116;ESE;118;9
15;14;13;52;250;93;17;14;18.3;1013;302;SSW;207;9
13;13;11;34;251;84;19;11;1.6;1018;176;WSW;256;7
16;15;15;2;252;73;23;11;0.0;1019;113;SSE;152;9
15;15;12;46;253;82;20;14;9.5;1017;302;W;264;6
18;18;10;20;254;77;27;15;0.0;1013;113;E;88;5
18;18;17;48;255;84;23;15;13.6;1010;356;SSE;160;10
14;12;26;70;256;72;17;12;5.9;1014;116;ENE;73;19
10;7;23;40;257;67;14;7;0.7;1020;116;NE;40;17
8;6;17;88;258;85;10;7;4.1;1022;266;NNE;24;12
7;5;16;54;259;80;11;4;0.2;1022;119;ESE;121;10
5;4;13;10;260;71;12;1;0.0;1024;113;ENE;59;8
7;5;17;8;261;67;14;2;0.0;1024;113;ESE;107;10
8;6;16;10;262;67;15;3;0.0;1025;116;ENE;61;9
8;6;17;20;263;72;15;4;0.0;1030;116;NE;39;10
10;9;15;61;264;76;14;9;0.6;1024;176;N;9;10
9;7;14;75;265;90;13;8;4.4;1019;353;N;9;8
7;6;10;52;266;86;14;4;0.0;1017;116;NW;312;6
8;7;12;81;267;91;11;5;1.0;1021;266;NNE;25;8
11;9;19;67;268;85;13;10;2.4;1027;353;NE;44;14
10;8;23;14;269;66;16;6;0.0;1033;113;NE;52;14
9;8;16;3;270;72;17;4;0.0;1031;113;ENE;69;9
10;10;7;3;271;75;20;6;0.0;1025;113;WSW;237;4
10;9;14;28;272;74;16;4;0.0;1018;113;WSW;257;8
9;7;25;86;273;86;13;6;5.4;1012;296;WSW;252;17
12;9;40;88;274;86;14;10;8.4;1005;296;WSW;237;28
10;8;24;63;275;82;14;9;5.2;1006;353;WSW;250;16
6;5;12;38;276;88;9;5;1.7;1009;263;W;277;8
5;3;18;65;277;90;8;4;1.8;1017;353;WNW;287;12
8;5;26;30;278;73;14;3;0.2;1014;113;SW;221;16
11;9;28;82;279;89;14;10;11.7;1014;296;WSW;255;17
12;11;11;65;280;86;18;7;0.0;1017;122;S;183;6
12;12;13;50;281;85;20;8;0.0;1017;116;ESE;108;7
11;11;10;73;282;88;16;9;0.1;1028;122;N;11;5
11;11;9;45;283;86;19;8;0.0;1033;113;SSW;194;5
10;9;15;5;284;81;17;6;0.0;1032;113;SSE;168;9
11;10;12;20;285;81;19;6;0.0;1029;116;SW;223;7
12;12;15;12;286;80;20;8;0.0;1023;113;S;183;8
13;13;14;66;287;91;17;12;0.7;1021;353;W;280;9
13;12;15;77;288;84;18;9;0.0;1018;122;W;260;9
11;9;23;85;289;93;13;10;18.0;1012;302;WSW;255;16
7;4;18;56;290;86;11;5;1.1;1020;119;W;275;12
5;4;9;8;291;81;12;1;0.0;1021;113;SSE;164;5
6;4;12;10;292;82;12;0;0.0;1024;113;WSW;242;6
10;8;18;6;293;89;17;4;0.0;1020;113;SSW;212;10
13;13;22;54;294;91;19;11;4.3;1013;353;SW;223;13
8;5;19;96;295;95;9;6;21.4;1021;302;ESE;120;14
5;4;10;43;296;90;11;2;1.6;1030;143;SSE;167;5
4;2;13;4;297;84;11;0;0.0;1027;113;SSW;207;7
6;6;7;16;298;77;13;4;0.0;1032;113;SE;140;4
5;3;20;8;299;73;12;1;0.0;1025;113;SSW;195;11
8;6;21;68;300;87;9;7;12.3;1010;302;SW;227;12
7;6;9;92;301;96;8;7;7.3;1009;266;NNW;328;6
3;0;18;95;302;99;5;2;22.1;1006;302;NNE;21;12
1;-1;14;90;303;99;3;0;13.9;998;332;WSW;256;8
3;1;20;48;304;91;9;0;0.0;1007;116;SE;132;10
7;6;13;34;305;91;14;3;0.0;1008;116;ESE;114;7
8;7;14;23;306;90;14;2;0.0;1016;113;E;100;8
8;7;14;47;307;90;15;7;0.0;1014;116;SW;232;8
9;8;17;38;308;81;15;6;0.6;1017;116;ENE;64;9
11;10;18;19;309;86;18;9;0.0;1012;113;ESE;115;10
7;7;6;48;310;91;15;3;0.0;1015;116;WSW;241;3
5;4;12;48;311;91;10;2;0.0;1017;116;S;191;6
6;5;12;33;312;92;12;3;0.0;1022;116;WSW;236;6
8;5;29;64;313;89;12;5;6.4;1024;296;SSW;203;16
10;8;30;48;314;80;14;9;0.3;1022;116;SSW;203;17
9;7;27;49;315;79;12;7;0.4;1016;266;SW;224;15
6;5;9;82;316;90;9;5;0.3;1019;122;SW;232;5
5;4;10;43;317;89;9;3;0.0;1025;116;SE;125;5
2;1;11;13;318;87;9;-1;0.0;1028;113;WSW;240;6
3;1;16;37;319;89;9;0;0.0;1029;116;SW;235;9
7;4;23;95;320;93;9;6;2.7;1027;266;WSW;254;15
3;1;13;38;321;89;6;1;0.5;1030;119;NNW;333;8
2;-2;20;54;322;91;5;-1;0.0;1018;119;SW;222;11
5;1;28;78;323;87;7;4;1.2;1018;119;W;272;18
7;2;44;99;324;88;7;6;5.5;1012;266;WSW;256;31
4;-2;45;99;325;94;5;2;20.8;1001;302;W;279;30
-1;-7;38;95;326;91;0;-1;11.6;1002;326;WNW;284;28
-1;-7;28;81;327;90;0;-2;2.1;1005;326;WSW;257;20
0;-4;23;90;328;96;2;-1;4.6;993;326;WSW;242;14
-2;-5;17;81;329;95;1;-3;0.9;1011;143;WNW;288;11
1;-3;16;72;330;95;2;0;0.5;1025;143;WSW;258;10
-1;-4;15;25;331;92;3;-3;0.0;1023;143;SSW;205;8
-1;-5;19;42;332;88;3;-4;1.1;1008;317;ESE;123;12
0;-4;16;60;333;91;3;0;1.9;998;119;SSW;200;10
1;-2;22;41;334;87;6;1;0.1;998;116;SSW;209;12
1;-3;27;95;335;97;3;1;23.7;997;338;E;96;17
2;-2;22;90;336;95;3;1;2.1;1008;326;WSW;241;15
1;-4;27;71;337;86;3;0;4.6;1005;323;S;184;17
3;0;24;79;338;91;5;3;5.0;1001;122;S;185;15
3;0;24;91;339;98;5;2;15.0;994;302;SSW;213;14
4;1;23;100;340;94;5;3;3.4;1006;353;WSW;251;16
3;0;19;87;341;95;4;2;4.2;1023;362;NW;308;12
0;-3;15;33;342;91;4;-1;0.0;1027;116;SW;233;8
0;-3;19;36;343;81;4;-3;0.2;1017;116;SSW;195;10
1;-1;9;95;344;95;2;0;10.8;1013;332;ESE;122;7
0;-3;13;99;345;97;1;-1;10.4;1011;332;SE;128;9
0;-3;11;90;346;97;1;-1;9.0;1018;326;NNW;337;8
-2;-6;19;73;347;97;0;-4;0.3;1010;260;SE;142;10
0;-5;34;42;348;97;3;-2;0.0;1005;116;ESE;102;17
2;-2;27;69;349;98;4;1;0.0;1011;116;E;89;15
0;-2;14;87;350;98;4;0;0.1;1014;248;ENE;71;8
-1;-4;13;81;351;97;1;-1;4.6;1012;338;WNW;284;9
0;-3;14;75;352;94;3;-2;0.4;1020;317;NW;306;10
0;-4;28;85;353;97;3;-1;5.0;1023;296;WNW;284;16
4;-1;37;94;354;96;6;2;11.5;1025;296;WSW;259;24
4;1;24;88;355;97;6;1;6.6;1030;296;W;262;15
6;3;33;91;356;95;7;6;4.9;1031;296;W;272;24
3;0;19;84;357;96;5;2;0.2;1035;143;NW;305;12
4;1;17;95;358;95;5;4;1.3;1031;122;W;274;13
2;-3;24;60;359;86;4;2;1.1;1031;119;NE;55;17
-1;-7;25;8;360;64;1;-2;0.0;1038;113;E;83;20
-3;-8;18;11;361;72;-1;-4;0.0;1036;113;E;81;15
-3;-9;27;3;362;68;0;-6;0.0;1032;113;E;89;18
-4;-9;22;3;363;60;0;-5;0.0;1032;113;ESE;105;13
-5;-9;21;6;364;52;0;-7;0.0;1033;113;ESE;116;11
-5;-8;16;7;365;71;0;-6;0.0;1028;113;SE;140;8
