HeatIndexC;WindChillC;WindGustKmph;cloudcover;day;humidity;maxtemp;mintemp;precipMM;pressure;weatherCode;winddir16Point;winddirDegree;windspeed
14;13;17;39;244;74;19;13;0.8;1025;116;NW;319;11
14;14;22;50;245;66;21;12;0.6;1026;119;W;273;15
18;17;17;31;246;77;25;14;0.0;1026;116;NW;309;11
19;19;11;7;247;72;28;16;0.0;1024;113;E;93;6
20;20;14;0;248;70;29;16;0.0;1018;113;SE;125;8
19;19;14;2;249;70;30;14;0.0;1013;113;SE;134;8
21;21;13;5;250;64;31;17;0.0;1016;113;ESE;114;8
20;19;14;51;251;76;26;16;0.1;1017;116;W;267;9
15;14;21;60;252;76;18;13;18.2;1019;176;W;268;15
12;11;22;71;253;80;16;11;2.4;1016;353;WSW;255;13
10;8;23;76;254;90;13;9;5.4;1016;302;WSW;238;16
11;9;18;88;255;93;14;10;11.3;1016;356;W;279;11
10;9;16;73;256;92;16;9;2.2;1021;296;W;279;10
12;11;14;65;257;94;18;9;4.5;1016;353;SSW;207;8
14;14;10;91;258;94;18;14;2.4;1011;353;W;259;6
12;10;20;88;259;94;14;10;6.0;1006;353;SW;227;14
9;6;22;67;260;85;13;8;1.2;1008;353;WSW;258;15
11;9;25;88;261;96;14;12;22.8;1001;302;W;266;17
10;8;20;59;262;88;15;8;2.0;1013;176;W;280;13
10;9;21;75;263;91;14;9;1.6;1017;353;W;268;13
11;10;14;57;264;88;16;10;0.5;1026;353;NW;307;9
12;12;11;9;265;81;20;9;0.0;1027;113;W;273;7
13;12;12;44;266;88;19;11;0.0;1024;116;NW;313;8
13;13;6;28;267;83;22;9;0.0;1018;113;W;276;4
15;14;13;35;268;81;22;10;0.0;1012;119;SW;226;8
15;14;18;60;269;84;20;12;0.0;1014;116;WNW;294;12
11;11;12;23;270;76;18;8;0.0;1018;113;NE;49;7
11;10;18;21;271;67;18;5;0.0;1014;113;E;85;11
11;9;26;38;272;65;17;6;0.0;1012;116;E;83;17
9;7;24;23;273;71;16;6;0.0;1011;116;E;93;16
9;7;17;30;274;67;16;6;0.0;1014;116;ENE;72;10
7;4;24;1;275;69;15;3;0.0;1022;113;E;100;15
7;4;26;12;276;58;15;1;0.0;1024;113;ESE;111;15
8;6;23;30;277;63;18;3;0.0;1022;122;SE;138;14
9;8;10;68;278;76;11;7;16.5;1019;302;ESE;113;6
10;10;7;50;279;87;17;8;0.7;1023;116;SE;130;4
11;10;12;5;280;75;19;7;0.0;1026;113;ENE;66;7
10;10;9;6;281;82;18;5;0.0;1024;113;WSW;250;5
10;9;12;68;282;90;14;8;0.4;1020;119;WSW;247;8
8;5;22;83;283;93;10;6;9.1;1010;302;W;278;14
5;4;9;76;284;99;8;5;6.1;1016;296;WNW;303;6
4;2;12;60;285;95;8;1;1.2;1019;266;S;181;7
6;5;14;31;286;86;13;3;1.2;1022;116;S;180;8
8;6;17;50;287;84;14;5;0.9;1020;263;S;174;9
9;7;21;86;288;93;12;7;9.3;1013;389;SW;226;13
8;7;15;57;289;91;12;9;2.4;1014;353;WNW;282;10
9;7;24;61;290;93;13;8;0.8;1017;263;WSW;253;15
10;9;15;54;291;92;13;10;0.9;1020;116;SSW;200;9
9;8;21;13;292;81;16;4;0.0;1017;113;SSE;157;12
13;12;22;58;293;88;16;11;1.5;1018;296;SSW;208;12
12;11;18;36;294;87;19;9;0.1;1019;116;SSW;201;10
14;13;22;41;295;81;20;12;0.1;1014;116;SE;144;13
13;13;19;48;296;87;18;11;2.5;1012;263;S;183;10
12;12;13;18;297;89;18;9;0.0;1019;116;WSW;255;7
12;11;19;22;298;84;19;8;0.0;1018;116;SSE;161;11
14;13;21;17;299;80;21;11;0.0;1017;113;SSW;204;12
14;13;28;46;300;84;19;14;10.1;1013;299;SW;217;18
14;12;31;60;301;84;18;13;1.2;1009;266;SSW;196;19
10;8;21;69;302;88;12;11;5.7;1016;122;SW;228;14
7;6;14;9;303;83;12;6;0.0;1025;116;W;273;9
7;6;10;0;304;83;14;3;0.0;1026;113;SE;126;6
5;4;15;31;305;84;11;2;0.0;1020;116;SSE;167;9
10;7;29;71;306;92;14;8;9.2;1009;302;SSW;212;17
8;5;28;57;307;93;11;8;11.0;1009;302;WSW;256;18
6;2;30;79;308;91;8;4;13.3;999;302;S;190;18
5;2;22;68;309;89;7;4;3.4;1001;119;SW;226;14
8;5;30;95;310;95;9;6;13.5;1005;353;W;261;22
12;10;31;66;311;92;15;12;0.5;1011;116;WSW;242;21
12;10;22;86;312;92;14;10;2.3;1011;266;SW;215;14
8;5;24;62;313;89;9;8;12.2;1013;119;WSW;244;17
5;2;22;86;314;96;7;4;13.6;1009;302;E;93;13
3;1;12;84;315;94;6;2;0.4;1030;143;NNW;329;8
2;1;8;7;316;86;8;0;0.0;1028;113;ESE;114;4
4;2;10;62;317;89;7;3;0.8;1030;266;ESE;117;7
2;1;9;45;318;89;7;-1;0.2;1024;119;SW;224;6
1;-1;16;23;319;84;6;-1;0.0;1026;113;NE;51;10
2;0;13;28;320;91;7;0;0.0;1030;116;E;80;7
3;1;14;61;321;90;8;0;0.0;1024;122;ENE;73;8
4;1;15;36;322;90;8;1;0.0;1013;116;SSE;166;9
4;2;12;46;323;87;9;2;1.0;1006;116;SSE;165;6
1;-2;16;99;324;100;3;0;17.1;1004;332;WNW;293;10
3;0;14;79;325;96;4;1;1.4;1000;143;ENE;66;10
4;1;19;80;326;92;7;3;0.5;1004;122;ENE;59;13
4;1;22;80;327;90;7;2;0.5;1013;119;NE;39;15
4;0;22;63;328;85;6;2;0.5;1019;119;SW;222;15
-1;-4;15;3;329;75;3;-3;0.0;1029;113;NW;308;10
-2;-5;15;40;330;81;2;-3;0.0;1033;119;N;352;9
-3;-4;6;13;331;73;2;-5;0.0;1035;113;WSW;237;4
-1;-4;12;85;332;75;1;-3;1.2;1033;284;W;262;8
2;-2;20;92;333;92;4;1;3.4;1025;122;WSW;245;14
1;-2;16;93;334;97;2;1;2.9;1020;143;WSW;256;11
1;0;8;39;335;90;5;-1;0.1;1030;113;NW;309;4
2;-2;21;22;336;88;6;2;0.0;1033;113;E;84;12
0;-3;13;31;337;73;5;-2;0.0;1031;116;SE;142;7
0;-4;19;50;338;84;4;-2;0.2;1027;119;W;271;13
1;-3;31;88;339;92;4;-1;3.8;1024;122;WSW;238;20
1;-6;45;89;340;90;2;-1;2.8;1020;368;W;268;33
0;-6;29;90;341;95;2;-1;1.6;1028;326;W;269;20
3;-1;21;94;342;94;5;2;0.5;1028;122;WSW;247;15
3;-1;24;85;343;90;5;2;1.5;1031;266;W;263;17
4;3;11;44;344;93;8;2;0.1;1036;143;SE;125;6
5;3;10;56;345;92;7;3;0.1;1035;119;SE;140;7
3;1;14;10;346;89;7;0;0.0;1031;113;SE;141;7
2;0;9;1;347;79;7;0;0.0;1027;113;S;172;5
0;-3;14;37;348;71;3;-2;0.8;1030;266;WSW;251;9
-1;-4;19;23;349;82;3;-3;0.1;1034;116;S;190;10
1;-2;23;9;350;51;6;0;0.0;1032;116;SSE;159;11
2;0;18;36;351;58;7;1;0.0;1029;116;S;176;9
2;-1;19;21;352;66;6;0;0.0;1024;116;S;169;9
1;-3;25;49;353;74;3;-1;3.6;1015;296;S;185;12
3;0;16;86;354;91;5;2;5.1;1024;296;WSW;244;9
1;-2;22;26;355;89;4;-1;0.0;1031;119;S;172;12
3;-1;35;72;356;85;6;2;3.1;1023;296;SSW;198;17
6;3;29;55;357;90;9;6;1.6;1020;119;SSW;209;17
5;1;30;16;358;82;8;3;0.0;1007;113;SSE;153;17
5;2;25;80;359;88;6;4;6.1;996;296;S;179;13
5;2;14;85;360;94;6;4;2.9;996;266;SSW;208;11
3;-1;24;41;361;92;5;2;0.6;1009;116;S;170;15
3;0;26;28;362;80;7;1;0.2;1006;116;S;186;13
4;0;25;71;363;91;6;3;2.1;1019;116;SW;227;17
1;-1;16;45;364;94;5;0;0.0;1028;116;SSE;160;9
0;-4;20;15;365;87;4;-1;0.0;1022;113;SE;139;11
