HeatIndexC;WindChillC;WindGustKmph;cloudcover;day;humidity;maxtemp;mintemp;precipMM;pressure;weatherCode;winddir16Point;winddirDegree;windspeed
14;14;10;87;244;84;16;14;13.0;1020;353;NE;44;7
14;14;8;54;245;70;18;11;0.3;1019;353;NE;37;5
14;14;8;14;246;66;19;11;0.0;1018;116;NNW;333;5
15;15;8;12;247;61;20;11;0.0;1018;116;WSW;238;5
17;17;9;46;248;71;22;13;0.0;1020;122;WSW;257;6
18;17;24;51;249;75;21;17;0.0;1017;116;W;267;18
14;14;16;25;250;69;19;11;0.0;1017;116;W;272;11
15;14;17;38;251;69;20;11;0.0;1011;119;SW;232;12
13;13;19;53;252;85;16;14;2.0;1003;296;SW;215;12
14;13;12;62;253;80;18;12;0.0;1006;122;WSW;240;8
13;12;23;24;254;72;17;11;0.0;1005;119;SW;234;15
12;11;22;41;255;74;16;11;0.0;1011;176;W;262;15
13;12;32;73;256;81;17;11;10.7;1009;296;SW;232;19
12;10;26;87;257;85;12;10;14.8;1008;302;WSW;239;17
12;11;15;39;258;72;17;9;0.0;1014;116;SW;235;11
11;10;8;66;259;81;13;10;2.2;1013;353;SSW;195;5
11;11;7;40;260;74;17;8;0.0;1014;116;WSW;246;4
11;11;9;42;261;78;15;8;2.3;1017;176;WSW;241;6
11;11;8;31;262;76;15;8;0.0;1018;119;WNW;297;5
11;10;11;50;263;78;16;7;0.0;1022;122;WNW;302;7
13;13;5;7;264;71;18;8;0.0;1022;113;WNW;304;3
15;14;6;20;265;69;19;10;0.0;1021;116;SSW;203;4
15;14;7;5;266;71;20;10;0.0;1022;113;ESE;121;4
13;13;8;27;267;73;18;10;0.0;1022;116;WSW;246;5
14;14;6;37;268;74;19;10;0.0;1020;122;SSW;207;4
15;14;9;14;269;75;19;10;0.0;1022;116;ESE;115;5
15;15;9;26;270;76;20;11;0.0;1023;116;SE;135;5
15;15;12;22;271;80;21;12;0.0;1025;119;SSE;154;7
16;16;12;57;272;79;21;12;0.0;1024;122;S;181;7
17;16;16;54;273;77;21;12;2.9;1018;116;SE;141;10
13;12;12;61;274;80;16;11;7.4;1022;122;W;278;9
13;12;19;55;275;82;18;9;1.2;1019;122;SSW;212;13
12;11;19;61;276;84;15;11;19.0;1019;296;WNW;288;14
11;10;19;37;277;75;15;8;0.0;1024;122;WSW;254;13
12;10;31;51;278;73;17;10;7.5;1014;302;W;263;22
8;6;24;72;279;85;11;6;1.3;1019;353;WNW;284;17
9;7;24;89;280;82;12;7;2.6;1021;122;WSW;254;18
10;8;23;95;281;88;13;9;8.4;1017;353;W;271;17
9;8;10;67;282;80;13;6;1.0;1020;119;WNW;294;7
11;9;21;84;283;87;13;10;1.8;1019;296;WSW;250;14
13;12;15;56;284;86;16;10;0.0;1020;119;WSW;246;10
12;11;23;45;285;86;15;11;0.0;1023;122;W;264;14
13;13;13;36;286;85;18;10;0.0;1027;116;W;267;8
16;15;8;5;287;78;20;10;0.0;1029;113;SSW;212;4
17;16;12;0;288;78;21;11;0.0;1027;113;SSE;161;7
18;17;10;0;289;72;23;12;0.0;1026;113;SSW;214;5
17;16;10;6;290;72;22;12;0.0;1023;113;SSE;153;5
16;15;7;50;291;70;21;10;0.0;1016;122;W;263;4
15;14;12;8;292;71;20;10;0.0;1015;116;SSE;158;7
13;13;15;46;293;74;19;9;0.0;1016;122;SW;221;9
14;14;14;61;294;83;19;10;1.1;1016;119;SW;231;9
9;7;21;84;295;83;10;9;4.5;1018;122;WSW;242;15
7;5;21;95;296;86;9;6;0.0;1021;122;W;270;15
10;9;13;91;297;87;13;9;0.0;1026;122;SW;226;9
13;12;14;67;298;84;17;11;0.0;1024;122;WSW;248;9
12;12;10;33;299;86;17;9;0.0;1025;116;WSW;259;6
10;8;23;65;300;82;12;11;2.9;1024;293;NW;316;16
8;4;30;84;301;80;9;6;2.7;1023;122;W;270;21
9;5;46;73;302;73;12;9;16.8;1011;302;NW;307;32
5;2;20;67;303;79;8;3;0.5;1024;353;WNW;298;14
5;3;9;52;304;81;9;2;0.1;1028;119;WNW;286;6
7;6;11;58;305;76;11;5;0.4;1024;122;WSW;242;7
10;8;21;62;306;76;14;7;0.6;1016;122;W;259;14
9;8;9;36;307;84;12;5;0.1;1018;116;SSE;165;6
9;7;17;35;308;85;13;5;0.0;1013;122;SSE;161;9
8;6;19;74;309;82;11;6;4.1;1009;302;SW;227;12
6;3;14;84;310;83;8;4;0.3;1021;122;SE;132;10
6;4;18;79;311;83;9;6;0.0;1020;122;ENE;69;12
7;6;8;79;312;82;9;5;0.1;1017;119;SE;129;6
7;6;9;89;313;89;9;6;0.4;1023;176;W;263;6
6;3;25;97;314;86;6;5;3.3;1020;296;WSW;238;18
5;2;26;84;315;85;7;3;9.8;1012;296;WSW;246;18
3;1;15;81;316;90;5;3;14.8;1004;302;E;96;10
3;0;14;65;317;88;6;2;0.2;1015;176;NW;314;10
3;2;7;36;318;85;6;0;0.0;1026;119;W;264;5
3;2;6;35;319;77;7;0;0.0;1028;116;E;93;4
3;2;7;8;320;83;8;0;0.0;1026;116;SE;141;4
2;0;6;66;321;86;4;1;0.1;1027;176;SW;224;4
3;1;17;88;322;85;5;2;0.5;1022;176;WSW;257;13
4;0;30;95;323;80;6;3;4.3;1018;353;WNW;287;21
3;-1;25;97;324;81;4;3;3.1;1021;338;WSW;255;18
6;3;28;88;325;90;8;6;3.4;1016;296;WSW;255;18
6;4;17;13;326;83;10;3;0.0;1014;116;SW;222;9
8;6;24;24;327;68;13;4;0.0;1013;122;SSW;198;12
10;8;21;62;328;80;14;8;4.8;1014;353;SW;219;12
7;5;17;87;329;90;9;7;12.6;1011;308;W;271;12
1;-2;21;90;330;83;2;0;1.4;1024;371;W;259;15
2;-2;25;98;331;80;4;1;3.1;1023;266;SW;230;18
5;1;21;100;332;85;6;5;13.7;1009;296;WSW;240;15
2;1;8;81;333;88;5;0;1.2;1007;362;SSW;207;5
0;-2;12;84;334;85;2;-1;0.6;1007;371;WSW;255;9
0;-1;8;80;335;84;3;-2;0.4;1014;371;ENE;61;5
0;-2;9;12;336;78;3;-1;0.0;1025;116;NE;49;6
-2;-5;12;56;337;86;0;-4;1.8;1027;338;WSW;248;9
1;-4;28;100;338;94;2;-1;2.7;1029;338;W;269;19
2;-2;23;96;339;95;2;2;1.2;1036;317;W;263;15
2;-2;17;88;340;91;3;1;0.2;1034;176;WSW;255;12
1;-2;20;14;341;77;6;-1;0.0;1023;113;SSW;205;11
3;-1;30;90;342;80;5;2;7.8;1011;362;W;265;20
0;-6;29;95;343;77;0;0;1.8;1015;332;W;261;22
-3;-7;27;63;344;81;-1;-3;9.8;999;338;SSE;156;18
2;-1;24;92;345;89;3;2;7.4;987;302;SE;132;13
2;-2;26;94;346;84;3;1;4.8;1007;371;WSW;250;17
0;-4;27;57;347;80;3;-2;3.3;1013;122;SSW;191;17
4;0;40;74;348;76;5;4;6.9;998;371;WSW;246;26
3;-1;21;82;349;82;5;3;1.5;999;368;SW;235;14
1;-1;12;69;350;88;3;0;0.1;1010;368;WNW;302;8
0;-3;21;86;351;85;2;0;0.4;1023;368;W;280;15
0;-3;12;50;352;82;2;-1;0.0;1026;116;SSE;148;8
0;-2;9;61;353;82;2;-2;0.6;1034;122;W;267;6
1;-1;10;96;354;93;3;1;0.6;1035;176;WSW;241;6
2;-1;16;100;355;96;4;2;1.9;1035;296;WSW;257;10
4;3;10;96;356;97;6;4;1.8;1035;266;W;271;6
6;3;20;92;357;93;7;5;0.7;1034;266;W;264;13
5;2;23;90;358;88;6;5;0.2;1029;176;WSW;254;16
2;0;15;70;359;84;6;0;0.0;1022;119;S;180;9
4;1;24;35;360;77;9;2;0.1;1009;176;SW;230;13
3;0;18;89;361;82;5;2;3.7;992;266;SSE;156;11
2;-2;23;96;362;87;3;2;4.2;998;338;WNW;297;16
0;-4;22;82;363;75;2;0;1.0;1011;332;SW;219;15
4;1;30;98;364;91;8;0;5.0;1008;296;SSW;209;18
9;7;36;67;365;83;11;9;5.3;1009;176;WSW;236;22
