HeatIndexC;WindChillC;WindGustKmph;cloudcover;day;humidity;maxtemp;mintemp;precipMM;pressure;weatherCode;winddir16Point;winddirDegree;windspeed
13;12;14;72;244;86;19;10;0.2;1019;119;NW;311;9
14;13;14;62;245;87;20;12;1.2;1020;353;NW;323;9
16;15;19;69;246;81;24;13;0.0;1021;122;ENE;63;13
19;18;20;37;247;77;27;14;0.0;1018;113;E;98;13
20;19;9;28;248;81;28;16;2.9;1014;116;S;180;5
20;19;8;45;249;83;28;18;13.2;1013;356;SSW;193;4
20;20;7;9;250;77;28;18;0.1;1013;113;W;276;4
19;19;9;23;251;79;26;16;0.2;1016;113;NW;317;6
17;16;12;12;252;77;23;14;0.0;1018;113;NNW;331;8
14;13;14;26;253;76;21;11;0.0;1017;116;SE;125;9
13;12;14;44;254;83;19;10;7.8;1016;386;SW;221;8
11;10;19;96;255;98;14;10;21.3;1017;302;NNW;327;11
15;14;11;79;256;94;21;12;2.7;1020;353;SW;234;7
16;15;13;84;257;90;22;14;1.1;1020;353;NNE;22;8
17;16;9;69;258;86;22;15;0.3;1017;122;E;94;5
17;16;13;18;259;82;24;13;0.0;1016;113;ESE;123;8
17;16;14;4;260;81;24;12;0.0;1014;113;ESE;121;8
17;16;15;34;261;79;24;12;0.0;1013;119;SE;134;9
19;18;14;23;262;83;26;15;9.3;1014;116;SSW;210;8
18;17;13;20;263;85;24;15;1.9;1015;176;W;263;8
15;14;15;62;264;95;18;14;9.4;1015;353;W;270;10
9;7;24;56;265;94;12;10;4.0;1019;353;WNW;287;16
11;9;12;25;266;83;17;5;0.0;1021;116;SSW;213;6
10;9;15;15;267;79;18;5;0.0;1016;113;SW;216;9
10;8;19;54;268;87;13;7;0.3;1020;119;WNW;281;12
12;12;16;61;269;80;17;9;0.0;1025;116;W;271;10
14;14;11;49;270;85;18;14;0.3;1028;119;ENE;60;6
17;15;14;6;271;78;23;9;0.0;1026;113;SE;145;8
19;18;10;7;272;80;25;13;0.0;1025;113;SW;217;5
18;17;8;48;273;81;23;14;0.0;1025;119;W;278;5
17;16;10;30;274;87;22;13;1.5;1026;176;SW;224;6
17;15;9;9;275;79;22;10;0.0;1028;113;ENE;66;5
16;15;12;4;276;79;21;10;0.0;1024;113;E;85;7
15;13;15;2;277;80;21;9;0.0;1019;113;SE;140;8
13;12;13;14;278;83;19;6;0.0;1017;113;ESE;114;8
13;12;15;14;279;81;19;7;0.0;1014;113;SE;127;9
11;10;21;53;280;85;14;10;4.5;1011;266;S;175;12
15;14;21;58;281;87;20;13;12.2;1012;293;SSE;150;13
18;16;20;23;282;80;22;13;0.1;1012;116;SSE;158;12
16;15;13;51;283;86;23;12;5.2;1015;353;SSW;195;8
14;14;10;70;284;93;18;13;1.3;1015;293;WSW;242;6
15;14;12;53;285;85;21;9;0.0;1014;116;E;94;7
16;15;13;29;286;83;22;11;0.3;1010;116;WSW;254;8
16;15;12;29;287;82;20;11;0.2;1010;113;S;190;7
14;13;11;58;288;89;18;11;6.0;1009;353;WSW;253;6
13;12;20;73;289;93;17;11;4.7;1010;353;SW;225;13
13;13;9;52;290;92;17;12;9.4;1015;263;W;279;6
13;12;15;8;291;88;18;9;0.0;1023;113;SSE;147;9
15;13;19;5;292;84;21;9;0.0;1021;113;SSW;206;10
15;14;20;74;293;93;18;13;6.8;1019;293;W;267;14
11;10;24;52;294;89;16;8;4.1;1011;176;WSW;240;16
6;1;39;94;295;95;7;5;5.0;1014;353;W;279;29
6;4;24;97;296;97;9;5;2.1;1022;266;WNW;301;16
10;9;8;25;297;86;13;3;0.0;1023;113;E;92;5
7;6;10;70;298;93;10;4;1.4;1022;266;SSW;208;6
9;8;11;22;299;88;14;6;0.0;1027;116;SE;141;6
8;7;14;21;300;80;13;4;0.0;1027;113;ESE;121;8
6;3;14;2;301;76;12;1;0.0;1022;113;SE;130;8
6;4;12;8;302;85;13;1;0.0;1019;113;WSW;246;7
7;6;5;68;303;91;13;2;0.0;1025;119;W;274;3
9;8;13;29;304;89;16;6;0.0;1026;116;SSE;157;7
10;9;15;17;305;83;17;7;0.0;1023;113;SSE;163;8
10;9;17;11;306;81;16;7;0.0;1018;116;S;183;9
11;9;22;25;307;79;16;7;0.4;1010;113;SSE;160;12
8;7;22;35;308;80;13;6;0.0;999;116;SE;135;12
8;6;16;81;309;94;10;7;4.5;1001;266;WNW;285;12
6;4;14;75;310;94;8;5;8.0;1013;296;W;275;9
5;3;16;18;311;91;10;2;0.0;1011;113;SSE;156;9
6;4;17;13;312;90;12;3;0.1;1015;113;SSE;161;9
6;5;15;18;313;90;12;3;0.0;1011;113;SE;135;8
6;5;10;40;314;88;10;3;0.2;1013;119;SW;221;6
7;5;17;37;315;89;10;4;0.0;1010;119;E;90;9
7;6;12;37;316;92;13;4;0.0;1004;116;SSW;209;6
8;7;7;72;317;92;11;7;0.6;1013;176;SW;230;5
8;6;18;16;318;90;13;5;0.0;1011;113;ESE;120;10
7;6;15;32;319;90;13;6;0.1;1004;113;ESE;121;9
6;4;17;80;320;93;9;5;4.3;1004;296;SW;218;11
6;4;17;38;321;87;11;4;0.0;1007;119;E;93;10
5;2;16;95;322;97;7;4;13.4;1006;302;WNW;298;10
6;4;12;88;323;94;7;4;2.2;1019;176;WNW;297;9
4;4;7;47;324;91;9;2;0.0;1027;116;E;85;4
3;0;17;10;325;91;7;1;0.0;1024;113;ESE;110;9
3;1;17;18;326;87;9;1;0.0;1023;116;SE;134;9
5;2;21;3;327;82;10;3;0.0;1023;113;SE;137;11
5;3;16;47;328;83;11;4;0.4;1023;266;W;278;9
2;-1;21;15;329;88;7;1;0.0;1025;113;E;83;11
1;-3;20;25;330;84;6;-1;0.0;1019;116;ESE;107;12
1;-2;18;24;331;86;6;0;0.0;1012;113;ESE;106;11
1;-3;23;13;332;85;6;-1;0.0;1013;113;E;89;13
1;-3;22;20;333;89;7;-1;0.0;1015;113;E;84;13
1;-3;19;30;334;87;6;-2;0.0;1014;119;E;90;11
2;-2;21;70;335;89;7;2;0.2;1009;119;ENE;69;15
2;-1;11;100;336;95;3;1;6.2;1012;326;E;84;8
0;-2;14;77;337;97;3;-1;1.1;1018;143;ENE;65;9
1;-1;12;56;338;93;5;1;0.0;1017;119;ESE;111;7
0;0;7;16;339;90;6;-1;0.0;1019;113;WSW;255;4
3;1;8;78;340;89;5;1;0.7;1023;176;NNW;337;6
0;-2;14;34;341;92;5;-2;0.0;1023;116;W;279;8
1;-2;17;80;342;89;4;0;1.8;1021;176;W;262;10
0;-2;8;9;343;88;5;-2;0.0;1027;113;NW;305;5
0;-4;21;60;344;85;2;-3;2.2;1025;317;SSW;203;13
3;-2;32;94;345;94;5;2;9.0;1018;296;SW;234;22
5;0;39;73;346;86;6;4;1.8;1011;122;SSW;211;24
7;4;28;90;347;80;9;5;1.5;1012;176;SW;216;17
6;4;18;96;348;94;8;6;9.5;1016;296;SW;232;12
6;4;19;66;349;93;9;7;0.4;1017;176;SW;230;11
3;1;13;67;350;92;6;2;0.7;1015;263;W;272;9
3;-1;21;86;351;94;5;2;4.2;1013;296;SSW;200;14
6;3;30;94;352;96;9;5;5.9;1016;296;SW;226;19
9;5;40;83;353;90;11;8;10.3;1017;302;WSW;236;27
3;-2;36;68;354;91;5;3;3.7;1023;266;WSW;256;26
3;-1;30;78;355;95;4;3;1.0;1031;176;WSW;256;22
5;0;36;88;356;88;7;4;0.5;1026;266;WSW;248;26
5;2;30;57;357;90;9;6;0.4;1024;119;WSW;258;20
4;-1;32;57;358;82;8;1;3.7;1021;119;WSW;245;21
4;0;28;69;359;91;6;3;2.6;1024;317;W;269;20
1;-3;19;72;360;94;3;0;2.6;1028;368;WNW;286;13
-1;-7;29;84;361;93;0;-2;8.9;1007;338;SE;128;20
-5;-12;27;54;362;83;-3;-5;2.4;1018;326;NE;36;18
-5;-11;22;72;363;91;-1;-7;2.0;1032;326;WNW;290;15
-4;-7;16;88;364;97;-1;-5;6.1;1035;332;WNW;285;11
-1;-4;14;92;365;98;1;-2;0.9;1035;326;W;270;9
