HeatIndexC;WindChillC;WindGustKmph;cloudcover;day;humidity;maxtemp;mintemp;precipMM;pressure;weatherCode;winddir16Point;winddirDegree;windspeed
22;21;22;8;244;55;30;16;0.0;1014;113;SSW;204;13
20;20;14;46;245;70;25;17;0.6;1015;116;WSW;256;9
17;17;28;79;246;81;20;17;23.5;1007;356;WSW;242;18
14;13;23;64;247;78;19;13;10.3;1009;389;SSW;210;15
12;10;27;71;248;78;17;10;3.5;1020;119;W;266;18
12;11;13;25;249;77;18;8;0.0;1025;113;W;279;8
14;13;13;14;250;67;22;9;0.0;1024;113;SSE;168;8
16;15;15;6;251;59;24;11;0.0;1025;113;SE;125;8
16;16;12;3;252;61;25;12;0.0;1024;113;ENE;69;7
17;16;17;3;253;64;24;13;0.0;1025;113;NNE;25;11
16;15;19;47;254;71;21;13;0.0;1028;116;NNE;23;13
14;13;19;26;255;66;20;11;0.0;1024;116;NNE;31;12
12;12;14;42;256;73;17;10;3.0;1018;119;NW;314;10
11;10;15;92;257;94;13;10;15.7;1016;353;ENE;71;11
13;13;13;74;258;91;20;11;4.0;1016;122;ENE;71;8
16;16;22;49;259;83;23;12;0.0;1012;116;NE;55;14
17;17;20;81;260;85;19;16;1.6;1014;353;NE;41;16
18;17;20;46;261;77;23;14;0.1;1017;119;E;88;13
17;17;12;24;262;80;24;14;0.0;1016;116;SE;138;7
17;17;9;12;263;78;25;13;0.0;1018;113;NW;308;5
17;17;12;18;264;76;25;13;0.0;1022;200;SE;126;7
17;17;9;11;265;78;25;13;0.0;1025;113;WNW;291;5
17;16;12;5;266;74;24;13;0.0;1025;113;W;275;8
14;14;9;35;267;82;20;10;0.2;1023;266;NNW;340;5
13;13;16;27;268;74;20;9;0.0;1025;113;NE;38;9
13;12;15;10;269;70;20;8;0.0;1026;113;E;92;9
14;13;9;15;270;74;23;8;0.0;1025;113;SW;232;5
13;13;12;11;271;72;20;9;0.0;1023;116;WNW;285;7
13;12;19;48;272;80;18;9;0.0;1020;119;WNW;287;12
14;13;13;68;273;80;18;13;0.2;1018;122;WNW;288;9
12;11;18;70;274;85;16;9;1.5;1014;266;W;273;11
10;9;14;28;275;75;15;7;0.6;1017;116;WNW;294;9
10;9;21;9;276;69;16;5;0.0;1015;113;SW;235;13
12;11;28;37;277;69;17;9;0.0;1014;116;W;262;19
13;12;14;73;278;77;18;10;4.1;1017;263;S;182;10
16;16;25;91;279;94;19;15;7.1;1015;296;SW;228;15
19;18;22;35;280;81;24;15;3.6;1015;176;SW;232;13
17;17;25;69;281;88;19;16;17.0;1014;356;W;274;15
12;11;18;45;282;77;16;9;0.1;1020;116;ENE;70;13
12;11;17;88;283;94;15;9;11.0;1014;299;SW;219;12
11;9;25;82;284;91;13;11;5.0;1014;353;W;260;19
7;4;30;82;285;94;8;7;23.7;1014;356;NW;320;21
5;2;22;65;286;83;8;5;1.8;1025;353;NNW;329;15
2;-2;19;64;287;77;5;-1;0.0;1028;119;NNW;338;14
2;-2;16;82;288;77;5;-1;1.4;1026;122;NW;317;12
3;-1;31;87;289;91;5;2;8.5;1020;302;W;260;21
3;1;17;99;290;98;5;3;10.1;1019;296;NW;323;11
4;2;13;80;291;90;6;3;0.8;1022;122;SW;222;9
3;2;9;14;292;77;11;-1;0.0;1021;113;ESE;111;5
2;-2;22;11;293;75;8;-2;0.0;1014;116;SE;131;13
3;-1;26;14;294;70;10;-2;0.0;1009;113;ESE;114;14
5;3;14;69;295;89;9;2;12.4;1005;302;S;185;8
6;5;10;72;296;94;12;3;0.4;1012;119;WSW;257;6
7;6;12;53;297;89;13;2;0.1;1019;116;S;175;7
8;7;17;58;298;95;12;6;1.3;1017;296;SW;215;9
8;6;19;38;299;87;13;4;0.1;1019;116;WSW;256;11
9;8;14;56;300;86;13;8;0.3;1023;119;NW;309;9
6;5;11;15;301;87;13;3;0.0;1021;116;SSE;162;6
7;5;13;25;302;87;14;3;0.0;1022;116;NNW;333;7
6;4;17;43;303;86;11;4;0.0;1028;116;E;97;9
2;-1;17;28;304;78;7;-2;0.0;1028;119;SE;133;9
3;0;22;18;305;80;10;0;0.0;1019;116;SSE;147;12
7;5;24;95;306;93;9;7;39.0;1004;308;SW;233;15
5;2;26;65;307;92;8;5;13.3;1001;266;WSW;254;17
7;4;32;91;308;92;10;6;12.9;992;353;WSW;256;21
5;2;22;61;309;90;9;4;5.8;1001;116;SSW;214;14
5;2;21;59;310;89;9;3;4.1;1002;116;S;177;13
3;1;21;47;311;86;9;1;0.0;1004;116;SSE;163;11
4;1;15;64;312;84;8;2;1.1;1005;122;ENE;69;10
4;2;14;97;313;96;5;4;13.1;1007;266;ENE;68;10
4;2;10;86;314;93;5;3;0.9;1011;122;WSW;258;7
4;2;13;66;315;92;7;4;0.6;1011;119;WNW;288;9
3;0;17;48;316;90;6;-1;0.3;1013;122;SSW;213;10
8;6;20;71;317;94;13;5;0.4;1015;116;SSW;202;11
9;6;26;50;318;85;11;6;0.7;1014;119;SSE;168;13
8;6;21;46;319;88;12;6;0.8;1016;116;SSW;194;12
9;8;19;84;320;97;11;7;14.8;1012;302;S;180;11
12;10;20;74;321;93;14;11;4.0;1013;266;SSW;208;13
7;5;24;13;322;85;11;4;0.5;1022;116;SW;223;14
6;4;22;3;323;88;11;4;0.0;1025;113;SSW;195;12
7;6;21;19;324;79;13;5;0.0;1024;119;S;180;10
8;6;19;36;325;81;11;6;0.0;1026;119;SSE;163;9
8;6;25;46;326;82;10;7;2.6;1017;296;SW;230;14
8;5;41;84;327;85;10;7;2.0;1012;266;SW;235;26
10;6;45;98;328;91;11;9;18.7;1013;302;WSW;254;27
9;6;26;30;329;83;11;8;0.1;1014;116;SSW;192;16
7;4;26;34;330;84;9;6;2.6;1014;116;SW;236;17
6;3;26;46;331;90;8;5;4.3;1010;296;SW;230;17
6;2;30;81;332;83;8;5;0.7;1010;122;SSW;212;18
6;3;29;39;333;75;9;5;0.1;1003;113;SE;140;16
6;3;17;74;334;86;8;5;3.4;996;266;NW;322;12
3;0;18;97;335;99;4;2;21.7;1007;320;NNW;329;13
3;0;15;59;336;93;6;3;0.5;1014;119;S;179;10
2;-1;27;54;337;82;7;1;0.4;1010;116;SSE;157;14
2;-1;15;94;338;93;4;3;9.7;1010;296;WNW;290;9
1;-2;21;53;339;91;4;-2;0.7;1016;119;S;176;12
6;3;26;87;340;93;8;4;8.7;1013;266;S;189;15
8;6;21;69;341;95;9;7;7.2;1013;143;S;186;12
6;3;27;97;342;94;8;5;15.4;1013;353;W;270;19
3;1;15;60;343;93;6;4;0.2;1026;122;W;262;9
4;0;30;79;344;94;7;0;8.3;1024;353;WSW;251;18
3;-1;29;100;345;97;5;2;17.4;1021;317;WSW;237;19
0;-5;21;60;346;89;2;-2;0.7;1024;116;NE;39;14
-2;-7;18;66;347;80;-1;-3;0.3;1022;122;ENE;58;14
-3;-9;19;31;348;77;-2;-4;0.0;1022;116;ENE;75;15
-3;-8;24;70;349;83;-1;-5;0.1;1018;122;ENE;69;16
-3;-6;10;81;350;77;-2;-4;0.3;1013;122;SE;141;8
-7;-9;8;42;351;85;-4;-8;0.0;1010;116;WSW;239;5
-8;-12;13;84;352;82;-5;-9;1.0;1008;122;WSW;240;9
-11;-16;11;96;353;79;-9;-12;3.1;1007;326;SW;227;9
-11;-18;24;61;354;92;-9;-16;2.1;1008;116;SSW;195;16
-4;-9;27;57;355;94;-1;-9;1.8;1004;122;SSE;155;16
2;-2;35;98;356;97;4;1;19.2;993;302;SSW;198;18
1;-2;18;97;357;99;2;0;9.6;997;332;W;260;12
1;-2;22;83;358;98;3;1;5.5;995;266;SE;128;12
4;-1;42;94;359;95;7;3;7.3;995;317;WSW;255;26
1;-3;22;45;360;91;4;1;0.9;1011;113;SSW;203;14
0;-3;18;41;361;80;2;-2;0.8;1009;113;SW;222;10
1;-3;24;62;362;89;3;1;2.0;1007;326;W;266;16
0;-4;28;63;363;90;1;-2;7.4;1004;332;SE;129;18
6;3;25;92;364;98;7;6;8.3;996;353;SSW;201;14
4;2;19;96;365;98;6;4;2.2;994;266;SW;222;11
