HeatIndexC;WindChillC;WindGustKmph;cloudcover;day;humidity;maxtemp;mintemp;precipMM;pressure;weatherCode;winddir16Point;winddirDegree;windspeed
20;20;8;13;244;71;27;8;0.1;1020;176;ENE;72;5
19;18;8;7;245;66;26;7;0.0;1019;113;SE;140;5
19;18;8;11;246;69;25;7;0.0;1018;113;SSE;160;5
20;19;7;8;247;64;27;6;0.0;1018;113;SE;138;4
14;14;11;61;248;81;20;10;16.4;1016;308;WSW;251;7
11;11;9;100;249;97;14;9;6.7;1016;353;ESE;102;7
14;14;11;98;250;95;18;10;6.0;1017;353;ENE;62;8
18;16;9;70;251;87;23;8;1.5;1014;353;E;92;5
17;16;9;39;252;85;23;7;4.0;1014;353;ENE;67;6
18;17;8;36;253;81;25;8;7.2;1014;386;ESE;110;5
19;18;8;17;254;78;26;7;3.0;1016;386;ESE;108;5
20;18;8;12;255;73;26;8;0.2;1018;176;ENE;70;5
19;18;8;8;256;72;25;8;1.2;1017;386;E;95;5
19;18;6;9;257;76;26;7;3.2;1015;386;SSE;151;3
19;18;8;11;258;74;26;7;0.4;1017;113;SW;216;5
20;18;12;12;259;73;26;10;0.0;1017;113;SSW;205;7
19;17;18;30;260;80;23;11;0.2;1013;176;SSW;202;11
15;14;10;48;261;84;23;8;5.2;1012;353;SSW;199;6
14;14;6;80;262;91;19;11;17.1;1008;389;WSW;256;5
12;10;8;96;263;97;13;8;7.5;1012;266;NW;305;6
10;10;9;45;264;79;17;1;0.0;1016;116;W;264;6
10;9;6;33;265;77;15;0;0.1;1020;116;NE;51;4
12;11;5;4;266;72;20;0;0.0;1025;113;E;79;3
11;10;6;9;267;72;19;-1;0.0;1026;113;NE;51;4
11;11;7;19;268;75;18;0;0.0;1022;116;ENE;69;4
11;10;7;24;269;77;16;-1;0.1;1021;116;ENE;66;4
10;10;7;13;270;75;18;-1;0.0;1025;113;ENE;67;4
12;11;5;10;271;76;20;-1;0.0;1029;113;ENE;74;3
15;14;5;7;272;72;25;1;0.0;1027;113;SW;235;2
16;14;12;14;273;67;23;4;0.0;1021;113;SSW;210;7
15;13;11;22;274;68;22;4;0.0;1018;113;SSW;207;7
15;13;13;49;275;70;20;5;0.4;1017;119;SSW;201;8
12;12;9;83;276;93;18;8;3.2;1020;353;SW;215;6
10;9;8;41;277;76;15;1;0.2;1021;116;WSW;250;5
5;3;11;56;278;83;7;1;2.2;1020;176;NW;322;9
5;4;9;11;279;65;13;-3;0.0;1017;113;SSW;210;6
5;4;9;40;280;88;10;-1;3.2;1015;296;E;89;5
2;2;4;48;281;94;9;-4;0.0;1019;143;SE;125;2
6;5;6;71;282;93;11;-3;3.0;1021;266;E;90;4
5;4;7;98;283;97;8;3;6.7;1018;302;NE;47;5
5;4;8;100;284;97;8;2;4.4;1012;353;NE;51;6
4;2;9;80;285;98;6;1;18.2;1013;266;WSW;257;6
4;3;6;10;286;91;11;-7;0.0;1020;113;S;184;3
12;10;14;28;287;80;19;2;0.0;1019;143;S;187;8
14;12;18;27;288;79;20;8;0.6;1017;176;S;190;10
11;11;8;83;289;95;14;7;4.3;1021;353;ESE;105;5
10;10;7;49;290;87;17;3;0.0;1025;113;E;96;4
11;10;9;63;291;83;17;6;2.5;1023;266;SW;226;5
11;10;6;78;292;93;14;6;9.7;1020;143;ESE;115;4
9;8;14;64;293;90;14;5;0.0;1016;143;S;184;9
11;10;11;66;294;89;15;7;2.9;1013;263;S;180;8
9;8;7;90;295;94;13;6;9.7;1016;248;SSE;151;5
9;8;9;21;296;84;15;1;0.0;1019;116;SSW;194;5
12;11;12;34;297;86;18;4;0.0;1023;113;SSW;196;6
14;13;14;6;298;81;20;7;0.0;1024;113;SSW;196;8
10;10;11;78;299;91;12;9;2.1;1022;266;S;177;7
7;6;10;97;300;94;9;4;2.0;1027;266;NNE;22;8
4;2;10;58;301;88;8;0;0.2;1031;143;NE;46;7
5;4;8;36;302;74;12;-2;0.0;1029;116;SSE;147;5
6;5;8;77;303;87;9;2;0.6;1027;248;W;267;5
3;2;8;46;304;82;7;-1;0.4;1027;326;SSE;167;6
2;2;5;8;305;65;12;-3;0.0;1025;113;SW;221;3
5;3;18;17;306;75;12;-1;0.0;1019;113;SSW;203;10
3;1;11;98;307;98;4;0;22.1;1020;338;E;84;7
2;0;11;30;308;90;9;-6;0.2;1022;143;SSE;151;6
5;2;19;69;309;96;10;0;0.9;1017;266;S;191;11
10;8;34;43;310;87;14;7;0.1;1007;116;SSW;199;23
10;8;16;58;311;82;12;6;3.7;1006;176;SSW;213;12
8;8;5;95;312;94;11;7;21.0;1005;296;E;87;4
1;-1;11;92;313;99;3;-4;23.2;1007;338;SSW;207;7
-1;-2;8;58;314;97;5;-6;0.2;1013;248;SW;225;4
1;-1;15;66;315;94;7;-3;0.1;1015;260;S;183;8
6;4;12;78;316;94;8;2;14.0;1010;353;SSW;211;8
-1;-3;8;52;317;91;2;-4;0.8;1025;260;WSW;254;6
-3;-5;8;28;318;84;2;-9;0.0;1031;143;NNE;34;5
-4;-7;8;12;319;82;3;-9;0.0;1033;113;ENE;77;4
-2;-3;9;23;320;69;7;-8;0.0;1027;116;S;186;4
3;1;14;41;321;86;9;-2;0.6;1022;266;SSW;198;8
4;1;16;18;322;92;10;-1;0.0;1022;143;SSW;192;9
6;4;18;70;323;94;11;2;0.0;1019;248;S;184;10
8;6;15;63;324;92;13;5;0.1;1019;248;S;186;8
8;6;12;18;325;90;14;3;0.0;1020;143;S;185;7
7;6;12;9;326;83;14;3;0.0;1022;113;SSW;191;6
7;6;10;3;327;85;14;3;0.0;1023;113;SSW;199;6
6;5;12;9;328;82;13;2;0.0;1022;113;SSW;198;6
6;5;10;59;329;93;10;2;2.2;1019;296;S;180;5
6;5;9;78;330;96;10;4;3.4;1017;296;S;178;5
5;4;10;79;331;94;10;2;0.2;1014;248;S;186;5
1;-2;12;97;332;90;4;-3;2.4;1017;371;NNE;18;11
-4;-9;16;76;333;82;-3;-6;2.5;1027;371;NE;51;13
-7;-9;8;21;334;86;-1;-10;0.0;1031;143;SSW;195;5
-3;-5;9;53;335;63;3;-9;0.0;1024;116;WSW;255;5
-1;-3;13;33;336;83;5;-5;0.3;1017;116;SSW;202;7
-3;-4;5;35;337;75;3;-7;0.1;1025;116;SE;132;3
-2;-4;8;9;338;50;5;-6;0.0;1029;113;E;94;5
-1;-3;11;8;339;47;6;-5;0.0;1030;113;SSE;153;6
0;-1;9;49;340;80;7;-4;0.0;1029;143;SSE;159;5
-2;-4;9;16;341;82;2;-5;0.0;1036;113;SE;126;5
-1;-3;10;7;342;50;6;-5;0.0;1037;113;S;175;5
1;0;10;11;343;38;8;-3;0.0;1031;116;SSW;192;5
2;1;9;0;344;48;9;-1;0.0;1027;113;SE;141;5
2;0;13;9;345;60;7;-1;0.0;1021;116;S;187;7
0;-1;8;63;346;90;3;-5;2.9;1020;329;S;172;5
-3;-6;13;30;347;67;1;-5;1.1;1030;323;S;179;8
-3;-5;11;25;348;27;4;-7;0.0;1028;116;SSW;201;6
-2;-3;9;66;349;84;2;-5;0.5;1028;368;SW;219;5
-4;-6;8;40;350;87;1;-7;0.0;1034;323;ENE;61;5
-4;-6;9;10;351;61;3;-8;0.0;1039;113;ESE;114;5
-4;-4;7;11;352;51;3;-7;0.0;1034;113;SW;220;3
-3;-5;8;32;353;68;4;-7;0.0;1033;122;ESE;122;4
-2;-4;10;2;354;55;5;-6;0.0;1031;113;ESE;115;5
-2;-4;11;40;355;59;3;-5;0.0;1031;122;E;91;6
-1;-3;11;4;356;45;5;-5;0.0;1033;113;ESE;103;6
-1;-3;8;5;357;44;4;-4;0.0;1034;113;E;83;5
-1;-2;6;5;358;78;6;-5;0.0;1031;113;E;83;3
-1;-3;10;36;359;81;5;-5;0.0;1028;116;S;190;5
0;-1;9;75;360;86;3;-4;0.7;1029;266;W;259;5
0;-3;12;39;361;87;3;-8;3.0;1032;335;WNW;294;7
-2;-7;22;89;362;88;0;-6;5.2;1032;371;NW;306;16
-4;-9;18;100;363;88;-3;-5;4.9;1035;338;N;10;15
-7;-11;14;62;364;86;-4;-11;1.0;1038;332;NNE;21;10
-8;-9;5;19;365;74;-1;-14;0.0;1035;116;ENE;65;3
