HeatIndexC;WindChillC;WindGustKmph;cloudcover;day;humidity;maxtemp;mintemp;precipMM;pressure;weatherCode;winddir16Point;winddirDegree;windspeed
14;14;9;13;244;69;24;4;0.0;1019;113;NE;53;6
13;12;11;23;245;75;21;6;0.5;1022;176;NE;40;7
15;14;8;34;246;69;23;4;0.3;1023;116;WNW;283;6
15;14;10;39;247;76;23;8;0.2;1024;113;SSE;154;6
14;14;7;3;248;69;25;4;0.0;1019;113;ENE;56;5
14;14;8;5;249;69;24;4;0.0;1016;113;ENE;61;5
15;15;8;1;250;65;25;5;0.0;1018;113;ENE;63;5
15;16;7;3;251;56;28;5;0.0;1021;113;E;84;4
17;16;14;27;252;62;23;11;0.9;1019;263;SSW;205;8
17;16;9;31;253;81;25;7;2.0;1017;353;S;172;5
16;15;12;63;254;86;23;10;4.3;1015;386;SSW;213;7
14;13;13;60;255;90;19;8;5.6;1014;353;SW;218;8
11;11;8;63;256;86;18;6;2.6;1017;353;ENE;78;5
11;11;11;19;257;66;20;1;0.2;1018;116;WSW;237;7
14;13;14;12;258;65;24;5;0.0;1015;113;SW;216;8
15;14;10;40;259;76;24;8;0.4;1008;116;SSE;150;5
11;10;18;81;260;89;19;4;7.4;1004;356;WSW;239;12
10;9;8;15;261;67;21;-1;0.0;1008;113;SSW;207;5
7;6;13;50;262;77;11;3;4.1;1010;302;SSE;157;7
9;9;8;11;263;73;19;0;0.0;1017;113;ENE;69;5
10;10;12;14;264;67;18;4;0.0;1020;116;ENE;62;8
9;8;11;50;265;80;16;4;0.3;1024;119;ESE;105;7
9;9;8;11;266;74;18;0;0.0;1021;113;WNW;291;6
13;12;4;6;267;72;23;2;0.0;1017;113;SSW;209;3
14;13;15;1;268;67;24;6;0.0;1015;113;SW;221;8
14;13;16;9;269;71;23;6;0.0;1015;113;SW;225;9
13;13;7;48;270;86;21;6;2.3;1016;386;ENE;77;4
13;13;5;54;271;85;23;4;1.4;1015;353;S;181;3
13;13;12;80;272;93;19;9;3.7;1012;293;SSW;195;7
12;12;9;100;273;98;15;9;22.9;1005;302;WSW;239;6
9;8;9;91;274;96;10;8;3.6;1008;266;SSE;150;8
6;5;10;71;275;86;10;3;0.8;1017;353;SE;140;8
3;1;12;21;276;75;9;-1;0.1;1027;113;NNE;29;8
4;2;10;2;277;65;13;-3;0.0;1029;113;ENE;74;6
8;7;10;7;278;50;20;-1;0.1;1025;113;SSW;192;5
10;10;9;38;279;72;19;4;1.3;1023;116;SE;126;5
9;9;7;50;280;81;13;5;4.2;1024;293;E;79;4
11;11;6;78;281;92;18;6;5.6;1024;296;ESE;117;4
12;12;10;67;282;93;17;8;7.6;1019;353;S;173;6
10;9;18;82;283;88;17;6;0.2;1014;248;SSW;201;11
11;10;21;70;284;87;18;5;0.2;1015;248;S;186;12
14;13;17;64;285;84;21;8;0.2;1020;116;S;188;10
15;14;11;50;286;84;22;10;0.1;1021;116;SSW;210;7
13;12;5;56;287;86;21;6;1.1;1020;176;SW;219;3
12;11;15;59;288;85;18;7;1.0;1017;353;SW;219;9
9;7;14;90;289;97;12;4;18.4;1009;302;W;260;10
5;3;13;58;290;94;10;2;6.8;1015;266;NNW;329;9
7;7;6;6;291;79;17;0;0.0;1019;113;SSE;156;3
8;7;10;15;292;69;17;1;0.0;1023;113;SSE;152;5
9;8;20;7;293;60;18;4;0.0;1026;113;SSW;204;11
12;10;14;12;294;75;20;5;0.0;1024;113;SSW;213;8
13;12;11;8;295;78;22;7;0.0;1022;113;SSW;209;6
14;13;17;2;296;74;22;9;0.0;1021;113;SSW;203;9
14;13;13;3;297;70;23;9;0.0;1021;113;SW;219;7
14;13;7;7;298;64;24;9;0.0;1022;113;SW;217;4
12;12;10;13;299;65;21;6;0.0;1022;113;SSW;214;5
12;11;15;9;300;77;21;7;0.0;1020;113;SSW;209;9
12;11;13;23;301;78;20;7;0.0;1019;119;SSW;193;7
13;12;13;1;302;71;23;7;0.0;1017;113;SSW;202;7
14;13;11;13;303;66;23;8;0.1;1018;143;ESE;106;6
10;9;9;42;304;87;14;6;0.3;1024;143;NE;56;6
10;9;10;8;305;80;19;5;0.0;1022;113;SSW;203;5
10;8;18;30;306;83;17;5;0.0;1019;143;SSW;208;10
11;9;21;78;307;90;15;7;0.3;1015;176;SSW;203;14
11;10;18;75;308;91;16;8;2.5;1010;119;SSW;196;13
11;9;21;73;309;91;15;8;2.3;999;353;S;184;14
7;6;10;44;310;86;11;3;21.1;1006;116;ESE;104;7
9;8;13;12;311;60;18;2;0.0;1017;113;S;187;7
9;7;20;6;312;65;17;5;0.0;1019;113;SSW;203;11
9;7;20;26;313;83;16;4;0.0;1016;248;SSW;201;11
11;10;15;81;314;89;15;9;1.2;1009;353;SSW;199;11
9;7;14;79;315;93;11;7;7.0;1008;296;ENE;72;11
7;5;12;98;316;97;8;6;3.2;1020;266;NNE;32;10
7;6;9;99;317;97;9;5;2.0;1021;266;NNE;32;7
7;6;9;91;318;95;9;5;1.7;1019;248;NE;52;7
5;4;8;78;319;94;8;2;0.6;1019;266;ENE;60;6
5;3;9;78;320;92;7;3;0.8;1026;119;NE;46;7
5;4;7;30;321;89;10;1;0.0;1024;143;E;80;4
5;4;10;8;322;82;13;1;0.0;1019;113;S;183;6
6;4;18;52;323;85;9;3;5.1;1011;299;S;170;11
8;7;16;74;324;94;11;7;2.5;1004;296;S;180;12
6;4;15;72;325;93;10;3;7.7;1003;389;SSW;194;9
4;1;19;65;326;90;8;0;2.8;1004;296;SSE;169;11
5;3;14;56;327;91;8;3;6.4;1003;293;SSE;168;9
3;1;11;48;328;88;8;-1;0.1;1006;248;ESE;114;7
0;-4;11;88;329;87;3;-3;3.2;1012;326;NW;306;10
-3;-8;18;100;330;94;-3;-4;14.9;1017;338;NNE;27;15
-4;-8;12;100;331;98;-3;-6;10.4;1024;332;NNE;15;9
-4;-5;6;36;332;93;2;-7;0.1;1030;143;SSE;169;3
-3;-5;9;8;333;86;3;-7;0.0;1026;143;SE;125;5
-3;-6;15;29;334;85;3;-7;0.2;1019;143;SE;129;7
-3;-7;14;86;335;94;-1;-6;6.8;1023;332;NE;43;9
-1;-5;11;92;336;98;1;-4;1.1;1029;326;NE;35;9
-5;-8;12;69;337;97;-1;-11;0.1;1032;260;ENE;66;8
-7;-8;7;10;338;87;2;-11;0.0;1026;113;SSE;155;3
-4;-6;12;3;339;82;2;-8;0.0;1024;143;E;91;6
-2;-5;18;44;340;88;2;-5;1.9;1017;332;SE;142;10
-5;-8;9;31;341;86;0;-9;1.7;1026;113;SE;137;5
-2;-5;12;13;342;65;4;-7;0.0;1030;116;SSW;213;6
0;-3;16;40;343;88;5;-3;0.0;1030;143;SW;217;9
0;-3;14;83;344;98;2;-3;3.8;1034;326;S;187;9
-3;-4;8;25;345;83;3;-6;0.0;1038;113;E;84;4
0;-1;6;3;346;67;5;-4;0.0;1033;113;ENE;57;4
1;0;6;1;347;84;6;-2;0.0;1027;113;ENE;73;3
1;1;4;0;348;77;7;-2;0.0;1027;113;SSW;206;2
-2;-3;8;31;349;88;2;-4;0.0;1033;143;NNE;29;5
-1;-3;7;23;350;87;3;-4;0.0;1036;113;NE;49;4
0;-1;10;0;351;64;4;-2;0.0;1034;113;ESE;106;5
1;0;8;0;352;33;6;-1;0.0;1028;113;SSE;154;4
0;-4;20;33;353;70;4;-3;0.0;1024;143;SSW;204;10
-1;-4;17;11;354;77;5;-3;0.0;1028;116;SSW;207;9
1;0;8;7;355;82;5;-2;0.0;1035;113;SSE;162;4
1;-1;16;2;356;75;5;-1;0.0;1032;113;SSW;199;8
1;-1;13;27;357;80;6;-2;0.0;1028;113;SSW;207;6
0;-3;20;10;358;59;4;-2;0.0;1024;113;SSW;198;10
1;-3;26;49;359;89;6;-2;0.0;1016;119;SSW;195;14
3;-1;26;75;360;95;4;1;5.9;1005;296;SSE;161;14
3;1;13;58;361;92;7;0;2.1;1008;260;ESE;118;6
4;2;12;46;362;92;9;1;0.3;1015;113;SSE;149;7
3;2;12;4;363;84;8;1;0.0;1018;113;SSW;209;6
2;1;9;84;364;96;5;0;0.6;1024;248;NE;45;6
2;2;6;81;365;95;6;-1;0.9;1023;266;E;79;4
