HeatIndexC;WindChillC;WindGustKmph;cloudcover;day;humidity;maxtemp;mintemp;precipMM;pressure;weatherCode;winddir16Point;winddirDegree;windspeed
24;24;11;4;244;57;31;12;0.0;1014;113;SSW;210;7
24;24;6;6;245;60;32;11;0.0;1013;113;SW;217;3
22;21;7;16;246;67;31;10;0.2;1013;116;WSW;237;4
21;21;13;9;247;66;28;11;0.0;1014;113;SSW;212;8
18;17;17;45;248;82;22;12;7.6;1012;296;SSW;207;10
16;15;10;56;249;81;20;10;2.7;1017;176;SSW;192;7
14;13;10;43;250;69;19;8;0.1;1020;116;NE;46;7
11;10;10;25;251;72;18;1;0.1;1021;116;NE;39;6
12;11;10;15;252;67;20;-1;0.0;1019;113;ENE;60;6
8;8;7;93;253;92;11;5;8.6;1016;296;S;181;5
14;13;5;44;254;81;23;0;0.0;1019;143;ENE;73;4
16;15;6;33;255;73;24;1;0.0;1022;113;S;172;4
18;17;9;5;256;65;26;5;0.0;1019;113;S;186;5
19;18;16;10;257;64;26;8;0.2;1016;176;SSW;197;10
21;19;16;7;258;68;27;10;0.4;1015;113;SSW;197;10
22;21;17;6;259;71;29;11;0.1;1014;113;SSW;196;10
24;23;16;1;260;60;31;13;0.0;1014;113;SSW;197;10
25;25;13;3;261;45;34;15;0.0;1015;113;SSW;197;7
25;24;9;1;262;55;31;13;0.0;1015;113;E;83;6
15;14;8;81;263;94;17;12;12.3;1013;353;ENE;64;6
12;11;10;62;264;81;16;7;0.6;1014;176;SSE;167;7
16;15;8;8;265;69;25;2;0.0;1011;113;SSE;154;4
18;17;11;10;266;72;25;7;0.0;1009;113;SSW;204;6
16;15;8;41;267;83;23;8;6.9;1011;356;E;96;5
14;13;8;47;268;86;19;6;6.8;1014;386;SW;224;5
13;12;7;83;269;87;17;9;0.8;1016;248;SSW;197;5
11;10;6;100;270;97;12;9;3.3;1020;266;N;9;5
9;8;9;95;271;91;11;7;3.2;1024;266;SSE;160;8
8;8;6;100;272;95;11;7;2.0;1024;266;S;170;5
7;6;8;100;273;97;10;5;2.3;1025;266;NE;41;6
10;9;8;43;274;82;17;0;0.0;1027;143;ENE;69;5
13;11;8;19;275;74;20;2;0.0;1026;116;E;97;5
15;13;12;17;276;77;21;5;0.0;1023;143;SSW;204;7
16;14;12;30;277;78;21;7;0.0;1022;116;SSW;212;7
13;12;11;40;278;83;17;6;0.6;1018;263;SW;216;6
13;12;4;70;279;79;20;2;0.0;1013;119;SSW;207;3
13;13;7;87;280;93;15;10;17.0;1010;302;SSE;160;5
13;13;5;90;281;93;17;11;5.1;1014;353;NNE;28;4
11;11;6;82;282;89;17;7;0.6;1018;143;ESE;109;4
9;9;8;100;283;98;11;7;35.5;1012;308;ENE;79;6
10;10;8;100;284;98;13;7;24.7;1003;302;SSW;213;6
10;9;7;55;285;87;14;5;3.2;1015;143;WSW;255;4
11;9;11;18;286;78;18;2;0.0;1018;116;S;191;6
12;11;19;63;287;87;18;6;1.0;1014;143;S;187;12
12;11;17;68;288;90;15;10;2.9;1014;293;SSE;163;10
14;13;12;55;289;90;17;10;3.2;1015;353;S;188;7
11;10;9;31;290;86;16;4;1.1;1018;353;SW;218;5
11;9;9;31;291;83;16;2;0.0;1019;116;SSW;210;5
10;9;9;79;292;88;14;5;9.6;1014;302;SSW;205;6
7;5;9;86;293;93;9;3;2.9;1016;248;SE;142;6
5;4;8;54;294;85;9;0;0.1;1018;143;NE;36;5
5;2;11;85;295;88;7;0;0.7;1013;266;NE;34;9
5;3;11;57;296;91;9;0;1.2;1019;143;NNE;26;8
9;8;8;42;297;84;14;2;0.1;1023;116;ENE;63;5
10;8;10;37;298;63;19;2;0.0;1023;122;E;94;5
8;8;7;21;299;77;15;1;0.0;1023;113;ENE;58;4
11;9;7;5;300;73;19;1;0.0;1021;113;ESE;113;4
10;9;11;3;301;74;18;3;0.0;1019;113;S;190;6
9;7;9;37;302;77;16;2;0.0;1018;119;SE;142;5
7;5;11;25;303;86;12;1;0.0;1024;143;NE;44;6
6;3;13;3;304;79;11;0;0.0;1030;113;ENE;78;8
5;3;12;2;305;75;11;-2;0.0;1034;113;E;89;7
6;4;8;7;306;63;15;-1;0.0;1033;116;ESE;106;4
6;5;7;16;307;56;18;-1;0.0;1027;116;SSE;165;3
8;7;6;6;308;60;19;0;0.0;1022;113;ESE;105;3
8;7;6;1;309;63;17;1;0.0;1021;113;NE;51;3
7;6;7;0;310;69;14;0;0.0;1024;113;ENE;57;4
6;5;6;6;311;73;14;0;0.0;1028;113;WNW;282;3
8;7;4;40;312;81;16;0;0.0;1030;143;SSW;205;2
11;9;9;5;313;79;19;3;0.0;1026;113;SSW;195;5
10;9;6;23;314;81;18;3;0.0;1026;113;SSW;192;3
10;10;8;8;315;76;18;5;0.0;1025;113;ESE;118;4
11;10;6;3;316;85;19;4;0.0;1026;113;ESE;109;3
9;8;10;18;317;84;18;3;0.0;1027;113;SSE;164;5
7;5;11;56;318;87;10;3;0.0;1027;122;SE;133;7
7;5;12;41;319;85;14;1;0.0;1021;116;S;174;6
9;8;8;4;320;70;17;3;0.0;1019;113;WSW;245;4
8;7;12;27;321;65;16;2;0.0;1020;113;S;180;7
8;6;12;15;322;73;14;3;0.0;1021;113;SSW;199;7
7;6;14;4;323;77;16;3;0.0;1022;116;S;185;7
6;4;17;57;324;91;11;2;0.0;1017;143;SSW;205;10
10;7;30;69;325;90;12;7;9.8;995;296;SSW;205;21
4;3;12;78;326;94;6;3;20.3;999;296;SSW;193;9
3;1;6;95;327;96;5;1;1.3;1019;248;ENE;64;5
1;-1;8;100;328;97;3;-1;5.8;1022;332;NE;37;6
-2;-4;7;75;329;98;3;-9;0.5;1011;248;ENE;69;4
0;-3;10;100;330;98;1;-2;2.5;1007;326;NNE;28;8
-1;-4;10;100;331;97;0;-3;5.6;1010;332;NE;50;8
-1;-2;5;87;332;98;2;-5;3.3;1013;326;NNW;335;3
-4;-6;8;42;333;92;3;-8;0.1;1025;113;SW;234;4
-2;-5;15;56;334;91;2;-7;0.0;1026;248;SSW;193;7
0;-2;15;84;335;98;3;-4;0.1;1026;260;SSW;202;7
1;0;7;26;336;91;7;-5;0.0;1029;143;SW;233;3
2;1;8;9;337;92;9;-3;0.0;1031;143;SSE;162;4
3;2;9;5;338;94;8;-2;0.0;1032;143;SSW;207;5
1;1;6;26;339;95;9;-4;0.0;1035;260;E;96;3
3;1;13;1;340;89;9;-2;0.0;1034;143;SSW;200;7
2;1;6;10;341;87;8;-2;0.0;1036;113;ESE;111;3
0;-1;7;10;342;83;8;-5;0.0;1034;113;E;99;3
1;0;5;15;343;84;7;-4;0.0;1032;143;ENE;76;3
1;0;7;98;344;93;3;-1;2.0;1034;326;SW;233;6
0;-1;5;55;345;91;4;-7;0.3;1032;143;ENE;57;3
0;-2;9;7;346;61;6;-6;0.0;1028;113;SSE;156;4
1;-1;14;11;347;57;6;-3;0.0;1024;116;SSW;197;7
0;0;5;9;348;75;7;-3;0.0;1026;113;E;99;3
0;-1;5;13;349;75;7;-3;0.0;1027;113;S;181;2
0;-2;7;32;350;90;5;-4;0.0;1031;143;NNE;31;4
-1;-2;7;12;351;81;6;-5;0.0;1032;113;ESE;119;4
-1;-1;5;15;352;53;5;-4;0.0;1028;116;S;186;3
0;-1;6;58;353;88;5;-3;0.0;1028;260;W;264;3
1;0;9;7;354;91;8;-3;0.0;1030;113;SSE;152;5
2;-1;13;0;355;90;7;-1;0.0;1032;143;SSW;200;7
2;1;7;4;356;83;8;-2;0.0;1034;113;SSE;157;3
3;1;12;13;357;84;8;0;0.0;1032;113;S;190;6
3;3;5;1;358;82;10;0;0.0;1032;113;SSE;156;3
1;1;6;6;359;87;8;-6;0.0;1034;143;WSW;238;3
3;1;11;0;360;83;8;-2;0.0;1034;113;SE;126;5
4;3;7;0;361;74;10;1;0.0;1032;113;SSE;165;4
4;4;4;9;362;76;9;1;0.0;1030;116;SE;139;2
2;1;8;14;363;82;7;-2;0.0;1029;143;NE;35;4
-1;-3;9;57;364;84;1;-3;0.4;1032;326;NNE;29;7
-3;-5;6;54;365;72;0;-6;0.1;1031;122;E;86;5
