HeatIndexC;WindChillC;WindGustKmph;cloudcover;day;humidity;maxtemp;mintemp;precipMM;pressure;weatherCode;winddir16Point;winddirDegree;windspeed
17;16;13;48;244;82;24;11;15.0;1008;356;SE;127;7
14;14;13;100;245;98;16;13;11.1;1008;302;NNE;21;10
15;15;11;96;246;97;17;13;21.3;1010;302;SE;125;9
17;17;8;90;247;95;20;14;5.0;1012;353;ESE;104;6
17;17;8;92;248;96;20;14;2.7;1013;353;NE;43;7
15;16;7;89;249;94;19;13;2.5;1011;353;NNE;33;6
14;14;7;79;250;88;20;8;0.5;1013;143;NNE;32;5
14;14;7;61;251;88;22;6;5.1;1016;386;NE;49;4
15;15;6;42;252;81;25;5;0.6;1016;176;ENE;79;4
17;16;6;12;253;78;27;8;2.2;1014;176;SSW;209;3
14;13;14;52;254;93;20;9;4.4;1011;296;S;184;8
16;15;9;63;255;88;23;11;9.1;1012;353;S;181;5
16;15;11;48;256;82;23;8;1.5;1015;176;SW;236;7
13;12;6;28;257;83;22;5;2.1;1015;176;SW;214;3
11;11;7;52;258;88;20;3;4.7;1016;386;W;277;4
11;11;8;69;259;85;20;2;0.7;1017;248;NE;43;5
11;11;8;74;260;89;17;6;0.8;1017;353;NE;44;5
14;13;6;45;261;80;24;3;0.0;1019;116;E;97;4
16;15;14;25;262;74;25;8;0.0;1020;116;SSW;213;8
15;14;17;50;263;90;20;9;6.3;1019;353;SSW;211;10
17;16;14;60;264;90;23;12;5.3;1015;386;SW;229;8
14;12;15;69;265;89;21;7;7.5;1012;386;W;267;10
9;7;10;58;266;85;12;5;11.3;1017;353;WNW;283;8
13;12;7;7;267;73;20;0;0.0;1020;113;ESE;119;4
13;11;13;46;268;69;19;5;1.0;1017;176;SSE;157;8
9;8;11;85;269;93;12;7;3.6;1021;353;NNW;336;9
11;10;11;82;270;93;13;9;4.6;1025;353;ESE;109;9
12;11;10;58;271;86;17;6;0.4;1028;143;NE;42;7
16;15;7;2;272;76;24;5;0.0;1028;113;ESE;108;4
17;16;5;0;273;72;24;5;0.0;1025;113;ESE;114;3
16;15;6;5;274;73;22;4;0.0;1023;113;E;81;3
11;11;7;65;275;94;15;7;3.0;1024;353;NNE;30;5
11;11;8;88;276;96;15;7;2.5;1022;353;NNE;27;6
13;12;6;73;277;90;17;7;1.5;1020;353;NE;47;5
12;12;8;50;278;84;18;4;0.3;1017;176;NE;50;5
12;11;7;31;279;83;17;2;0.1;1017;143;E;85;4
14;13;8;15;280;81;21;4;1.0;1018;176;SSW;205;4
15;14;12;5;281;73;22;6;0.0;1020;113;SSW;205;7
17;15;12;5;282;71;24;8;0.0;1020;113;SSW;213;6
17;15;11;2;283;66;25;8;0.0;1019;113;SW;217;6
18;17;10;4;284;66;25;9;0.0;1017;113;SW;224;6
18;17;9;8;285;66;24;8;0.0;1017;113;WSW;238;5
17;16;14;6;286;74;24;9;0.0;1016;113;SSW;211;8
17;16;18;14;287;70;23;9;0.0;1014;113;SSW;210;10
16;14;22;44;288;79;21;9;1.3;1012;176;SSW;205;13
16;15;18;61;289;87;21;11;4.2;1013;353;SW;224;10
16;15;18;75;290;88;21;10;2.2;1017;353;SW;220;11
15;14;8;40;291;84;18;12;2.1;1024;113;NE;40;6
13;12;8;2;292;77;20;4;0.0;1026;113;SE;133;4
14;13;9;13;293;68;22;5;0.0;1022;116;SSW;195;5
14;12;13;30;294;81;20;6;0.0;1014;143;SW;223;7
6;4;14;96;295;98;11;1;37.3;1007;338;WNW;286;10
0;-2;10;99;296;100;3;-2;17.8;1008;338;NW;316;6
4;3;7;93;297;98;7;1;5.1;1013;296;S;173;6
5;3;12;74;298;91;8;1;1.1;1021;176;NE;51;9
3;0;13;42;299;87;9;-1;0.0;1026;143;NE;54;8
2;0;10;46;300;85;7;-2;0.0;1028;143;NE;56;7
3;1;9;19;301;81;8;-3;0.1;1024;116;ENE;70;6
5;4;5;44;302;80;12;-2;2.2;1020;296;SE;125;3
4;2;9;77;303;94;8;0;1.5;1024;143;NE;36;6
4;2;10;39;304;88;9;-1;0.0;1026;143;NNE;34;6
5;3;8;28;305;83;12;-3;0.0;1026;116;ENE;66;5
6;5;6;4;306;77;14;-1;0.0;1023;113;ESE;102;3
7;5;16;11;307;73;14;1;0.0;1020;113;SSW;206;9
7;4;22;54;308;89;13;1;0.0;1017;119;SSW;198;13
8;6;27;66;309;90;14;4;0.2;1013;119;SSW;191;16
10;9;25;65;310;90;15;7;2.4;1014;293;S;179;14
11;10;19;69;311;90;15;8;3.2;1013;263;S;170;11
10;10;6;68;312;88;14;6;1.7;1013;353;WSW;244;4
9;9;8;42;313;86;15;5;0.0;1015;116;S;177;4
10;8;16;15;314;83;15;4;0.0;1018;113;SSW;204;9
9;7;17;30;315;74;15;4;0.0;1018;116;SSW;191;9
9;7;14;57;316;88;12;6;8.2;1010;263;S;171;8
10;9;8;87;317;95;13;8;8.9;1009;389;SE;136;6
10;9;7;80;318;95;12;5;3.1;1014;266;ENE;68;5
8;6;15;18;319;88;13;3;0.0;1013;143;SSW;195;8
8;6;18;69;320;92;13;5;3.1;1010;176;SSW;191;11
8;6;16;70;321;89;11;6;0.7;1011;143;SSW;196;11
7;5;24;64;322;90;12;4;1.3;1010;263;SSW;192;15
5;4;11;65;323;94;8;3;6.6;1015;299;W;267;6
3;2;9;56;324;92;6;-1;0.5;1024;176;NNW;329;6
2;1;7;13;325;89;8;-2;0.0;1025;143;SE;125;4
1;1;6;13;326;81;9;-2;0.0;1026;113;E;93;3
3;2;7;15;327;75;10;-2;0.0;1027;113;E;82;4
2;1;7;4;328;84;9;-2;0.0;1025;113;ENE;69;4
2;1;8;39;329;82;8;-2;0.0;1024;116;ENE;66;4
1;-1;7;49;330;81;5;-3;0.4;1022;263;ENE;77;4
2;2;7;54;331;87;8;-2;0.5;1017;176;SSE;156;4
6;4;17;55;332;93;12;1;0.0;1017;143;SSW;200;10
8;6;18;57;333;92;13;3;1.0;1017;176;SSW;195;10
8;8;8;88;334;96;12;5;2.3;1016;296;SSW;191;5
9;7;17;74;335;92;13;5;6.0;1009;299;S;177;10
9;8;8;93;336;95;11;6;4.9;1008;353;SE;126;5
7;6;7;73;337;94;10;4;0.6;1015;176;ENE;77;5
6;6;7;71;338;93;9;4;2.3;1017;296;SE;133;5
8;8;7;83;339;96;11;7;11.2;1016;389;SE;140;5
6;6;4;100;340;97;7;5;15.9;1015;296;ENE;61;3
5;4;6;98;341;94;7;4;1.6;1015;176;ENE;63;5
2;0;11;97;342;94;4;1;2.2;1015;326;NNE;12;8
1;-2;12;97;343;95;2;0;5.1;1016;332;NNE;15;11
-1;-3;10;89;344;96;1;-3;3.0;1022;326;NNE;29;8
-1;-2;7;33;345;90;5;-5;0.2;1021;143;ENE;75;4
1;-1;14;11;346;72;7;-3;0.0;1021;113;SE;131;7
2;-1;21;9;347;60;7;-2;0.0;1023;116;SSW;202;11
1;-2;19;6;348;78;7;-2;0.0;1024;113;SSW;203;10
2;-1;17;39;349;86;7;-2;0.0;1023;143;SSW;202;9
4;2;16;82;350;95;7;2;16.8;1016;299;S;179;9
4;3;10;78;351;94;8;-1;4.5;1013;353;SW;217;5
2;1;7;38;352;93;7;-3;0.0;1019;143;W;272;4
3;2;12;21;353;75;9;-1;0.0;1023;116;S;181;6
4;2;15;12;354;81;9;1;0.0;1022;113;S;182;8
1;-2;13;46;355;87;3;-3;4.3;1029;368;SW;227;9
0;-3;17;10;356;75;6;-3;0.0;1031;116;SSW;194;9
2;-1;20;11;357;85;7;-2;0.0;1028;113;SSW;206;10
3;0;21;4;358;85;7;-1;0.0;1025;113;SSW;206;11
2;1;9;5;359;86;9;-2;0.0;1023;113;SSE;162;5
-1;-4;14;91;360;96;1;-3;13.2;1022;338;E;86;11
-7;-10;12;34;361;85;-3;-11;0.2;1018;116;WSW;243;7
-3;-6;13;79;362;81;1;-9;18.8;1002;338;WSW;247;11
-10;-15;16;91;363;97;-8;-15;6.6;1020;326;NW;313;11
-11;-17;18;91;364;94;-8;-13;3.1;1028;326;NNE;34;13
-15;-21;17;94;365;98;-11;-17;1.4;1032;326;NE;39;11
