HeatIndexC;WindChillC;WindGustKmph;cloudcover;day;humidity;maxtemp;mintemp;precipMM;pressure;weatherCode;winddir16Point;winddirDegree;windspeed
17;17;6;15;244;70;28;8;0.3;1015;176;WSW;243;3
18;17;11;21;245;71;25;11;3.4;1015;176;S;188;6
18;18;7;13;246;73;27;10;0.9;1016;113;ENE;64;5
19;20;8;9;247;64;31;11;0.0;1016;116;SSW;200;4
19;19;19;14;248;62;27;13;1.8;1015;200;SSW;210;12
15;15;12;64;249;86;19;12;0.8;1019;266;E;91;8
16;16;9;9;250;74;25;7;0.0;1016;113;ENE;59;6
15;15;9;20;251;75;25;8;0.0;1012;116;NE;53;5
17;16;9;9;252;73;25;8;0.2;1014;113;E;91;6
18;18;9;9;253;64;29;10;0.0;1017;116;SW;228;5
19;19;9;3;254;59;30;12;0.0;1017;113;SW;233;5
19;19;12;9;255;63;28;12;0.2;1015;116;SE;143;7
18;18;8;15;256;75;28;11;0.6;1016;176;ENE;67;5
19;19;6;12;257;66;30;11;0.7;1015;116;SSW;211;4
18;17;10;13;258;78;25;11;3.9;1017;176;NE;35;6
16;16;9;34;259;78;26;8;0.1;1018;113;NE;55;5
17;17;6;16;260;72;28;9;0.8;1016;176;E;100;4
17;16;18;5;261;64;25;11;0.1;1011;113;SSW;197;11
16;15;22;27;262;68;23;10;1.6;1007;263;S;179;14
11;10;12;93;263;96;13;7;25.3;1013;389;SSE;164;8
13;12;15;92;264;94;16;9;20.0;1015;353;E;80;11
12;12;10;49;265;82;21;4;0.0;1017;143;ENE;61;6
13;12;9;52;266;83;20;5;0.0;1017;116;NE;45;6
12;12;9;22;267;78;20;4;0.0;1017;113;NE;54;6
13;12;9;8;268;75;21;5;0.0;1021;113;ENE;78;5
13;13;9;22;269;76;21;6;0.0;1023;116;NE;45;6
13;13;11;23;270;77;21;7;0.0;1025;116;NE;47;7
11;11;13;10;271;74;19;5;0.0;1026;113;NE;45;8
11;10;12;12;272;73;18;5;0.0;1026;113;NNE;30;8
10;10;10;22;273;73;19;3;0.0;1026;113;NE;39;7
11;11;9;10;274;75;20;4;0.0;1025;113;NE;38;6
11;11;9;5;275;75;19;5;0.0;1023;113;ESE;103;6
12;12;7;1;276;74;22;5;0.0;1023;113;ENE;77;5
12;12;6;0;277;73;21;4;0.0;1022;113;ENE;67;4
11;11;6;2;278;72;20;4;0.0;1022;113;ENE;62;4
13;12;11;1;279;66;22;5;0.0;1019;113;S;190;6
11;10;20;32;280;77;18;5;3.8;1011;266;SW;235;13
2;1;8;95;281;99;5;-3;26.6;1012;266;SSE;150;5
3;0;13;91;282;97;4;0;11.1;1013;302;S;187;10
3;0;13;80;283;97;6;0;3.0;1019;353;NE;42;10
4;4;7;77;284;92;9;-1;6.6;1021;302;NW;307;4
9;9;9;27;285;82;18;2;0.0;1019;116;SE;130;5
8;7;10;69;286;93;12;4;2.5;1020;293;NE;49;7
4;2;11;46;287;81;9;-1;0.5;1026;263;NNE;29;8
2;-1;16;18;288;75;7;-3;0.2;1028;113;NE;44;10
0;-3;15;13;289;70;6;-4;0.1;1028;113;NE;40;10
0;-1;9;4;290;67;7;-6;0.0;1027;113;NE;36;6
3;2;9;1;291;55;14;-4;0.0;1024;113;SSW;197;5
4;1;20;14;292;69;13;-3;0.0;1023;143;SSW;207;11
7;5;15;51;293;87;14;1;2.2;1021;266;S;173;8
7;5;8;99;294;97;9;5;18.8;1024;302;ENE;70;7
5;4;7;100;295;98;6;3;5.2;1024;296;NE;47;6
5;4;7;78;296;94;10;0;3.1;1022;353;ENE;78;4
7;6;6;67;297;89;14;2;1.0;1019;353;ESE;118;3
8;6;17;35;298;82;15;3;0.0;1017;116;SSW;192;10
8;7;15;42;299;80;15;4;0.0;1018;119;S;190;8
9;9;9;35;300;82;16;5;0.1;1021;116;WSW;241;5
8;7;6;45;301;85;16;2;0.1;1025;143;ESE;113;4
6;6;8;43;302;88;14;1;0.0;1026;143;NE;49;5
5;5;5;12;303;86;15;0;0.0;1024;143;E;84;3
5;5;5;18;304;83;14;-1;0.0;1022;116;ENE;56;3
6;6;5;5;305;83;15;0;0.0;1021;113;ESE;109;3
6;5;9;1;306;59;15;1;0.0;1020;113;ESE;108;5
6;4;13;6;307;67;15;1;0.0;1019;113;SSW;203;7
5;3;20;19;308;67;14;0;0.0;1018;116;SSW;204;11
6;3;21;24;309;70;14;1;0.0;1018;122;SSW;200;11
7;5;17;16;310;62;15;2;0.0;1019;113;S;181;9
8;6;16;39;311;70;13;5;0.5;1023;176;S;181;8
7;6;12;25;312;83;14;3;0.0;1025;116;S;188;6
7;6;9;29;313;85;14;3;0.7;1022;176;ESE;122;5
4;3;9;11;314;85;11;0;0.0;1020;113;NE;46;5
3;2;10;77;315;91;7;0;0.3;1025;143;NE;40;7
0;-3;13;24;316;81;5;-4;0.0;1032;113;NE;41;8
-2;-5;13;3;317;73;4;-5;0.0;1034;113;NE;52;7
-2;-5;11;4;318;76;5;-6;0.0;1030;113;ENE;66;6
-1;-3;10;19;319;68;6;-5;0.0;1023;113;ENE;73;6
-2;-3;9;14;320;74;7;-6;0.0;1024;113;ENE;68;5
-1;-2;8;1;321;74;7;-4;0.0;1026;113;E;86;5
-1;-1;5;37;322;66;9;-6;0.0;1026;113;ESE;118;3
0;0;5;2;323;59;10;-4;0.0;1024;113;S;183;3
0;0;5;7;324;58;10;-5;0.0;1025;113;SE;140;3
0;-1;9;8;325;64;10;-5;0.0;1024;113;SSW;207;5
1;-1;11;52;326;72;9;-3;4.4;1021;293;SE;141;6
3;1;8;92;327;96;5;1;12.2;1023;296;ENE;66;5
0;-2;8;100;328;98;1;-1;10.2;1032;326;NE;41;7
1;-1;7;64;329;95;5;-4;0.3;1031;260;E;93;5
0;-2;9;10;330;87;6;-3;0.0;1030;113;NNW;326;5
1;0;9;5;331;61;9;-3;0.0;1029;113;SSW;199;5
1;-1;13;12;332;67;7;-2;0.0;1029;143;ESE;103;7
1;0;9;10;333;72;9;-3;0.0;1028;113;SSE;159;4
3;2;9;4;334;74;11;-1;0.0;1027;113;SE;126;4
2;1;7;7;335;76;10;-2;0.0;1027;113;SE;136;4
2;-1;19;11;336;84;9;-2;0.0;1024;143;SSW;207;10
3;0;21;55;337;92;9;-1;0.0;1021;248;SSW;202;11
5;2;23;82;338;93;9;2;0.7;1017;248;SSW;200;13
7;4;22;78;339;93;10;4;7.4;1009;296;SSW;208;14
1;-1;7;93;340;97;2;-2;17.0;1013;326;NE;47;6
-1;-2;12;19;341;87;6;-4;0.0;1016;116;WSW;250;6
-2;-4;16;41;342;87;3;-6;2.6;1023;353;WSW;243;8
-3;-7;23;10;343;85;1;-7;0.0;1026;113;SSW;192;11
1;-2;22;75;344;94;6;-3;0.5;1021;248;SSW;198;12
4;2;16;89;345;96;9;1;1.2;1021;266;SSW;196;8
5;2;19;88;346;95;9;2;1.8;1017;263;SSW;195;11
5;3;12;77;347;95;9;3;3.7;1018;296;SSW;205;7
4;1;20;46;348;91;8;1;0.0;1020;143;SSW;202;11
5;2;19;67;349;93;8;2;11.4;1016;389;SSW;207;11
4;0;23;52;350;89;7;0;0.8;1009;263;SW;217;17
2;0;16;54;351;87;5;-1;6.1;1012;116;S;182;11
-2;-4;9;25;352;78;2;-5;0.5;1013;116;SE;143;5
1;-1;7;77;353;89;4;-2;12.3;1012;338;SSE;159;6
-5;-8;9;92;354;97;-2;-13;9.1;1015;326;WSW;246;6
-10;-11;6;22;355;91;-1;-16;0.0;1017;116;E;89;3
-4;-8;15;92;356;97;-2;-7;5.6;1019;332;NNE;15;11
-8;-11;10;67;357;98;-2;-16;0.6;1025;260;ENE;64;6
-6;-7;7;49;358;94;1;-14;0.9;1022;260;SE;142;4
-2;-6;14;100;359;98;0;-4;8.4;1030;332;WSW;238;10
-5;-8;11;85;360;98;-2;-10;0.4;1038;260;NE;44;7
-8;-10;9;14;361;96;-1;-13;0.0;1038;260;E;96;5
-6;-8;9;16;362;86;1;-11;0.0;1033;248;SE;131;5
-5;-8;13;14;363;88;0;-8;0.0;1025;143;W;260;6
-3;-5;10;79;364;96;1;-6;4.9;1015;332;SSW;194;6
-6;-9;11;74;365;98;-1;-16;7.6;1018;326;NE;54;8
