HeatIndexC;WindChillC;WindGustKmph;cloudcover;day;humidity;maxtemp;mintemp;precipMM;pressure;weatherCode;winddir16Point;winddirDegree;windspeed
23;22;12;2;244;59;29;20;0.3;1014;113;SW;232;8
20;20;12;18;245;70;27;18;5.3;1012;176;SSW;211;9
13;13;9;64;246;91;16;13;22.7;1010;386;W;268;6
14;14;6;28;247;68;20;10;0.2;1018;113;NNW;335;5
15;15;6;11;248;57;20;13;0.0;1020;116;SW;234;4
18;17;8;0;249;60;23;13;0.0;1018;113;WNW;301;5
19;18;8;37;250;73;24;15;1.2;1016;116;S;182;5
16;16;6;74;251;88;20;14;2.0;1015;353;S;176;5
14;14;9;73;252;95;16;14;9.6;1010;302;SSW;191;6
18;17;16;14;253;75;24;14;0.0;1009;113;SSW;203;11
19;19;13;19;254;68;27;16;2.2;1005;119;SSW;192;9
17;16;9;46;255;82;22;14;0.0;1009;116;SW;226;7
17;16;9;35;256;78;22;12;1.0;1019;116;WSW;247;6
18;16;14;0;257;59;24;13;0.0;1016;113;SW;216;9
19;18;7;0;258;67;26;11;0.0;1016;113;ENE;68;5
20;19;17;0;259;65;26;15;0.0;1013;113;SSW;206;11
19;18;20;11;260;67;24;17;0.0;1013;113;SW;221;15
19;17;4;20;261;70;25;13;0.0;1016;116;SE;145;3
14;13;13;22;262;78;19;12;0.0;1011;200;SSW;204;10
9;8;8;86;263;96;10;9;9.1;1013;302;ESE;121;6
8;7;9;71;264;88;11;7;2.1;1017;122;NW;311;7
11;9;10;27;265;78;15;7;0.0;1021;116;NW;321;7
14;13;7;14;266;70;20;9;0.0;1021;116;WNW;287;5
13;12;8;65;267;83;20;10;10.1;1020;356;NNE;18;5
11;11;6;97;268;92;14;10;0.0;1019;122;NE;39;5
11;11;6;80;269;90;15;10;0.0;1021;122;ENE;66;5
12;12;8;86;270;89;15;11;1.1;1023;122;ENE;70;6
10;10;6;100;271;95;12;10;0.0;1026;122;NE;39;5
11;10;8;48;272;79;15;7;0.0;1024;119;ENE;57;6
10;9;8;3;273;73;17;6;0.0;1022;113;NE;54;5
11;11;7;2;274;75;19;7;0.0;1022;113;NNE;25;4
14;13;5;0;275;75;21;8;0.0;1024;113;SW;229;3
13;13;12;11;276;78;20;9;0.0;1022;113;SW;226;8
16;14;6;24;277;78;21;10;1.0;1025;113;S;173;4
14;14;13;29;278;80;21;10;0.0;1018;113;SW;221;9
7;6;10;95;279;96;11;6;23.3;1014;302;N;8;7
4;2;12;95;280;97;6;4;19.3;1017;296;SW;234;9
9;8;6;29;281;74;15;4;0.0;1018;116;W;278;4
11;10;6;6;282;70;18;7;0.0;1019;116;WSW;254;3
12;11;7;11;283;71;18;7;0.0;1021;116;W;279;5
13;12;5;7;284;75;19;8;0.0;1023;113;NNE;27;3
15;14;6;0;285;67;21;10;0.0;1024;113;WNW;294;4
15;15;5;0;286;68;21;11;0.0;1026;113;NNE;28;4
15;14;5;0;287;78;19;10;0.0;1028;113;NNE;18;4
16;16;5;0;288;66;24;10;0.0;1029;113;NE;43;4
17;16;6;0;289;57;26;12;0.0;1028;113;E;89;4
18;17;6;4;290;58;25;12;0.0;1025;116;SW;226;4
17;16;11;0;291;56;23;13;0.0;1020;113;SW;226;6
16;15;9;0;292;66;22;12;0.0;1018;113;SW;236;6
14;14;9;0;293;70;21;10;0.0;1020;113;SW;235;6
14;13;8;6;294;71;21;10;0.0;1020;116;WSW;240;5
13;13;8;30;295;82;19;9;1.3;1014;200;SW;218;6
7;5;12;100;296;94;6;5;23.6;1008;302;NW;325;9
4;1;19;100;297;97;5;5;41.2;1013;302;WSW;237;17
6;5;9;78;298;95;9;5;3.2;1025;122;NNE;24;7
11;11;7;0;299;76;18;7;0.0;1026;113;E;82;4
11;10;13;31;300;70;18;8;2.5;1018;116;SW;230;9
5;2;12;85;301;93;6;5;10.4;1019;353;NNW;338;10
6;4;15;24;302;78;12;3;4.3;1010;116;SW;221;11
3;2;7;13;303;75;7;2;2.4;1019;116;NNW;338;5
3;2;5;13;304;70;8;0;0.0;1027;116;N;9;4
6;5;5;0;305;64;14;2;0.0;1026;113;NE;47;3
7;6;13;21;306;65;15;3;0.0;1021;116;SW;215;7
7;6;8;50;307;81;13;5;2.3;1019;263;SSW;198;5
7;6;7;30;308;79;14;2;0.0;1020;113;SE;131;5
7;6;13;54;309;67;14;3;0.0;1017;122;SSW;203;8
8;7;13;71;310;86;13;5;0.5;1013;176;S;172;9
9;8;10;76;311;90;14;7;11.3;1014;353;SSE;148;8
8;8;7;73;312;88;12;6;9.6;1015;386;SSW;199;5
7;7;5;47;313;86;12;5;0.2;1021;176;WSW;256;3
7;7;5;59;314;85;12;6;0.2;1021;119;S;190;3
8;7;6;54;315;85;13;4;0.1;1015;176;SSE;149;4
8;6;13;77;316;89;11;6;0.4;1009;266;SSW;202;9
8;7;13;76;317;87;12;9;9.8;1002;353;SE;135;10
1;-1;9;100;318;99;2;0;40.7;1016;338;NNE;26;8
2;0;8;100;319;98;3;1;14.4;1023;338;NE;37;6
4;3;6;100;320;96;7;2;3.5;1022;266;NE;51;5
4;3;6;100;321;97;5;3;2.1;1019;266;NNE;28;5
4;2;6;100;322;97;5;3;0.9;1018;176;NNE;24;5
3;2;6;86;323;92;6;2;3.6;1015;176;E;98;5
0;-2;8;60;324;85;4;-2;3.3;1021;371;NW;325;6
2;0;12;28;325;72;8;-1;0.0;1021;116;SSW;214;8
4;2;12;31;326;89;11;1;0.0;1021;116;SSW;210;8
5;4;11;13;327;86;12;2;0.0;1021;116;SSW;210;6
6;5;8;9;328;82;12;3;0.0;1022;116;SW;222;5
5;3;12;39;329;89;10;2;0.2;1018;116;SSW;209;8
4;2;12;93;330;96;8;2;27.0;1014;338;NNW;343;9
-2;-5;11;100;331;93;-1;-3;10.9;1021;338;N;354;10
-1;-2;7;17;332;77;5;-6;0.5;1019;116;S;170;4
1;-3;17;43;333;82;6;-4;0.1;1012;122;SSW;194;11
5;4;12;81;334;95;7;5;24.8;1002;308;SW;236;8
2;0;7;100;335;96;4;1;5.0;1011;338;NNE;28;6
-2;-4;9;100;336;96;-1;-2;20.3;1017;338;NNE;22;8
-3;-5;6;99;337;97;-1;-4;26.8;1020;338;SW;232;5
-3;-4;5;50;338;86;3;-7;1.9;1026;116;SW;232;3
-2;-5;9;76;339;90;0;-3;2.7;1032;371;NNW;337;7
1;0;9;19;340;87;7;-2;0.3;1033;116;SW;217;5
2;0;12;3;341;81;9;-1;0.0;1030;116;SSW;201;6
2;-1;17;47;342;92;5;-2;0.0;1021;143;SSW;199;11
1;-3;16;81;343;95;5;-4;36.5;1008;389;NW;315;12
-5;-9;14;23;344;84;0;-9;1.8;1017;116;SSW;195;9
4;0;24;59;345;91;6;4;0.3;1011;176;S;178;17
8;5;23;57;346;91;9;7;0.5;1014;176;SSW;201;17
4;2;10;74;347;96;7;2;18.9;1017;338;SW;214;7
3;0;17;54;348;94;5;1;0.1;1012;176;SSW;201;12
7;4;24;56;349;87;10;7;4.0;1004;176;SSW;202;19
5;3;10;72;350;88;8;4;11.9;1005;176;S;183;8
-2;-5;10;100;351;95;-1;-2;24.4;1016;338;N;9;9
-3;-6;7;100;352;95;-2;-3;9.6;1023;338;WSW;239;6
-5;-7;5;85;353;92;-2;-5;3.2;1032;371;N;351;4
-7;-8;3;64;354;90;-3;-9;0.1;1034;326;NNE;21;3
-5;-6;5;68;355;90;-2;-6;0.6;1034;332;NNE;14;4
-2;-5;9;89;356;91;1;-3;1.4;1029;338;NNE;12;8
0;-3;11;91;357;93;1;0;3.8;1030;338;NNW;345;9
3;2;8;53;358;90;8;3;3.0;1029;293;SW;216;5
4;3;13;4;359;82;11;3;0.0;1026;113;SSW;196;7
3;1;14;37;360;89;7;1;0.0;1019;143;SSW;204;9
4;1;18;61;361;91;7;2;0.1;1006;119;S;190;13
4;1;19;67;362;88;5;2;4.8;995;335;SSW;191;15
-2;-4;8;85;363;95;0;-2;13.5;1009;338;NNW;345;6
-2;-4;8;33;364;83;3;-7;0.0;1018;116;SW;216;4
2;-1;13;26;365;82;7;0;0.0;1021;116;SSW;202;7
