HeatIndexC;WindChillC;WindGustKmph;cloudcover;day;humidity;maxtemp;mintemp;precipMM;pressure;weatherCode;winddir16Point;winddirDegree;windspeed
19;19;12;13;244;51;29;12;0.2;1016;113;ESE;110;6
19;19;8;16;245;77;28;11;3.6;1019;356;ENE;77;5
19;18;7;20;246;81;26;10;5.4;1017;356;SE;138;4
19;19;7;21;247;76;26;11;2.8;1016;386;ESE;108;4
18;18;5;25;248;79;25;10;8.6;1014;386;ENE;64;3
15;15;8;52;249;84;19;8;4.9;1016;296;SW;232;6
15;14;12;31;250;74;20;9;0.6;1022;113;SSE;166;7
14;14;9;1;251;61;23;4;0.0;1021;113;NE;49;6
16;16;10;4;252;64;24;6;0.0;1019;113;ENE;76;7
17;17;9;19;253;61;27;8;0.0;1018;116;ESE;101;5
18;17;8;29;254;67;25;9;2.4;1016;386;WSW;241;5
17;16;14;9;255;63;24;9;0.0;1012;113;SW;223;8
14;14;15;70;256;84;18;11;6.3;1006;296;SSE;154;10
11;11;9;100;257;98;13;9;21.8;1009;302;NNE;28;7
11;11;10;84;258;93;13;7;3.9;1013;353;SSW;212;7
11;11;10;49;259;79;17;5;0.2;1016;116;NE;44;7
13;13;8;36;260;79;21;4;0.0;1015;116;ENE;58;5
15;14;4;30;261;83;23;5;2.6;1014;176;ENE;60;2
15;15;12;28;262;73;21;9;0.0;1012;116;SW;222;7
7;6;12;86;263;94;9;5;17.0;1019;302;WSW;248;8
8;8;7;5;264;65;16;0;0.0;1023;113;SSE;167;5
12;10;12;3;265;52;22;3;0.0;1018;113;SW;219;7
15;14;8;6;266;70;24;5;0.0;1019;113;SW;218;4
16;15;22;10;267;71;23;9;0.0;1012;113;SSW;204;13
17;16;17;29;268;74;24;12;0.2;1011;113;SW;218;10
16;15;18;29;269;78;23;10;0.0;1015;113;SSW;207;10
17;16;19;14;270;66;26;10;0.0;1017;113;SSW;200;11
18;17;10;16;271;62;25;11;0.0;1019;116;SW;218;5
19;19;14;10;272;47;27;12;0.0;1018;113;SSW;203;8
19;19;13;12;273;57;27;12;2.6;1018;113;SSE;156;7
18;18;13;18;274;60;25;13;2.5;1018;176;SSW;191;7
15;14;15;18;275;78;21;10;7.7;1016;386;SSW;198;8
13;13;6;63;276;90;19;8;3.6;1018;386;ESE;121;4
13;13;4;35;277;79;21;4;0.0;1017;113;SSW;193;2
13;13;9;25;278;77;20;6;0.1;1020;116;ESE;103;5
15;14;12;2;279;71;22;8;0.0;1020;113;SSW;206;7
12;11;15;17;280;75;20;7;0.3;1016;263;SW;218;9
8;7;11;25;281;73;12;2;1.5;1020;116;SSE;168;8
8;7;10;17;282;60;17;0;0.1;1015;113;SSW;202;5
10;10;7;33;283;69;17;4;0.3;1012;116;ENE;68;5
10;9;7;40;284;82;16;4;0.4;1014;143;ENE;57;5
10;9;10;77;285;94;13;6;6.2;1013;302;S;178;6
12;12;7;96;286;96;14;9;3.8;1014;353;S;170;4
13;13;11;84;287;91;17;9;8.4;1010;353;SSW;199;7
13;12;19;68;288;86;18;8;1.1;1010;143;SSW;192;12
11;10;20;62;289;85;16;6;12.2;1012;266;SSW;198;13
10;9;11;28;290;76;19;4;0.0;1022;116;SSW;196;6
12;11;9;6;291;65;21;5;0.0;1022;113;S;189;5
13;13;9;5;292;62;23;7;0.0;1022;113;SSW;209;5
14;13;8;1;293;60;24;7;0.0;1020;113;SE;127;4
11;11;7;2;294;69;21;4;0.0;1019;113;ENE;68;4
10;9;8;0;295;74;17;4;0.0;1020;113;NE;54;5
8;8;10;14;296;84;15;3;0.0;1021;113;NE;53;6
8;8;7;7;297;80;16;2;0.0;1018;113;E;84;4
9;8;9;6;298;76;18;2;0.0;1014;113;SW;225;5
9;8;16;21;299;79;16;4;0.0;1010;116;SSW;207;9
11;9;25;70;300;91;14;7;5.5;997;296;S;191;16
9;9;9;97;301;95;11;8;8.9;1000;389;SE;125;6
3;2;7;97;302;97;6;-1;15.8;1008;338;WSW;244;6
0;-2;9;49;303;95;4;-4;1.0;1014;143;SW;215;6
3;1;17;29;304;74;11;-3;0.0;1012;116;S;178;9
7;4;25;72;305;93;11;3;2.3;1000;266;S;180;14
8;6;17;81;306;94;11;6;0.9;1009;266;SSW;206;10
9;7;16;35;307;84;14;4;0.0;1016;143;SSW;204;9
9;8;20;56;308;87;14;6;0.0;1014;119;SSW;200;12
12;11;26;71;309;92;16;9;5.5;1006;353;SSW;210;16
9;8;8;38;310;82;13;5;1.1;1014;116;SSE;168;5
4;3;9;51;311;88;7;-1;1.4;1024;122;E;97;7
3;3;7;10;312;76;11;-2;0.0;1026;113;E;99;4
4;3;12;24;313;74;10;0;0.0;1020;116;SSE;146;6
5;4;14;23;314;66;12;0;0.0;1020;116;SSE;164;8
7;5;25;17;315;63;13;2;0.0;1019;116;SSW;194;14
9;8;17;26;316;73;15;4;0.0;1023;143;SSW;201;9
8;7;8;76;317;94;11;4;1.9;1026;296;ENE;57;6
6;4;12;82;318;90;7;4;1.1;1028;122;NE;42;9
5;3;8;66;319;86;7;2;0.6;1024;116;ENE;57;6
3;2;8;64;320;91;8;-2;0.6;1022;263;E;84;5
6;5;8;40;321;86;13;1;0.0;1018;116;S;175;4
7;6;11;16;322;81;13;3;0.0;1016;113;SSW;202;6
7;6;8;60;323;84;11;3;0.2;1016;143;ENE;75;5
7;6;8;85;324;92;8;5;1.8;1018;266;NE;43;6
6;5;6;79;325;95;9;1;0.6;1020;248;ENE;60;4
5;4;6;57;326;94;11;0;0.0;1023;248;ENE;64;3
7;7;5;84;327;93;11;3;2.4;1022;353;SE;143;3
7;7;5;55;328;92;11;3;0.3;1024;143;E;88;3
5;3;11;23;329;85;11;1;0.0;1022;113;SSW;209;6
5;2;16;17;330;85;10;1;0.0;1019;143;SSW;206;9
6;3;18;52;331;88;10;2;0.1;1015;119;SSW;201;11
8;5;21;74;332;93;10;4;1.6;1005;266;S;172;12
7;4;24;50;333;88;8;4;7.6;996;353;SSW;194;17
6;4;16;71;334;90;9;4;9.5;1001;389;SSW;191;10
4;3;6;96;335;95;5;1;2.6;1011;353;ENE;70;4
3;2;11;68;336;92;6;0;6.8;1009;296;SSE;157;6
-3;-6;13;94;337;96;0;-7;19.0;1011;338;NNW;341;11
-4;-9;21;35;338;90;1;-10;0.5;1011;116;SSW;202;12
0;-3;13;95;339;97;2;-2;16.1;1001;338;W;275;9
-3;-6;8;60;340;93;-1;-7;0.6;1010;260;ENE;77;6
-4;-7;11;72;341;92;-2;-7;1.6;1016;119;ESE;103;7
-3;-7;17;90;342;97;0;-6;20.5;1005;338;SW;233;11
-10;-15;14;74;343;97;-7;-19;9.3;1016;329;NNW;340;10
-9;-10;7;37;344;84;-2;-19;0.3;1013;119;WSW;246;4
-5;-9;13;98;345;98;-4;-7;10.5;1012;332;SE;140;9
-12;-15;9;60;346;97;-7;-22;0.8;1023;260;WNW;298;6
-13;-17;14;10;347;86;-6;-22;0.0;1026;113;S;190;7
-4;-9;22;63;348;92;1;-11;0.8;1023;317;S;187;11
0;-5;34;93;349;99;1;-2;3.0;1017;266;SSW;194;16
3;1;15;98;350;99;4;1;10.3;1014;302;SW;218;8
2;0;9;83;351;98;4;-1;2.0;1012;266;S;190;5
1;-2;11;93;352;98;2;-1;21.9;1007;338;SSW;198;8
-2;-5;13;96;353;98;-1;-4;4.6;1017;326;NE;46;9
-3;-5;9;76;354;97;0;-10;1.9;1021;260;E;87;6
-8;-11;8;48;355;95;-1;-15;0.0;1016;260;ESE;106;4
-10;-14;10;45;356;98;-3;-16;0.0;1021;260;NE;49;5
-5;-8;15;47;357;82;0;-13;0.0;1021;248;S;191;7
0;-3;22;11;358;86;4;-3;0.0;1022;143;SSW;197;11
2;-2;31;23;359;91;4;0;0.0;1021;116;SSW;202;15
2;-1;24;64;360;95;5;0;0.1;1019;248;SSW;195;12
3;1;12;95;361;99;5;2;10.7;1019;317;S;178;8
3;0;17;99;362;98;4;1;27.1;1018;338;WNW;291;11
-1;-5;13;83;363;97;-1;-3;3.6;1028;260;ENE;62;10
1;0;9;5;364;76;7;-4;0.0;1024;113;SE;144;5
-1;-3;9;3;365;82;4;-4;0.0;1027;113;NE;55;5
