HeatIndexC;WindChillC;WindGustKmph;cloudcover;day;humidity;maxtemp;mintemp;precipMM;pressure;weatherCode;winddir16Point;winddirDegree;windspeed
16;16;9;4;244;66;28;13;0.0;1018;113;WNW;292;5
17;16;9;28;245;70;25;15;1.8;1016;176;E;90;5
18;17;12;23;246;67;27;13;0.3;1015;116;WSW;249;6
19;18;16;11;247;60;29;15;0.0;1015;116;SW;231;9
19;19;19;12;248;58;29;15;0.0;1016;116;SW;228;11
21;21;18;5;249;51;32;18;0.2;1015;113;SSW;212;10
22;23;19;11;250;47;32;19;0.9;1013;113;SSW;206;10
20;20;15;27;251;68;26;18;1.2;1015;116;SSW;205;9
18;17;14;31;252;69;24;14;0.1;1019;113;NE;51;10
16;16;12;3;253;50;27;13;0.0;1018;113;NE;48;7
19;19;10;7;254;47;30;16;0.1;1014;113;SW;218;5
19;18;19;26;255;65;25;15;2.1;1010;200;WSW;239;10
17;16;10;51;256;86;22;15;13.8;1010;353;S;177;6
12;12;10;100;257;97;14;11;12.7;1013;302;ENE;63;8
8;7;11;100;258;98;10;7;26.5;1010;302;ESE;122;8
6;4;13;100;259;98;7;5;25.5;1012;302;ESE;121;10
5;3;12;94;260;95;7;5;3.4;1018;296;NNW;349;10
5;3;13;31;261;76;12;1;0.1;1022;113;N;356;9
5;4;10;15;262;72;13;3;0.0;1020;113;SE;126;7
5;2;15;100;263;93;7;4;3.7;1020;266;N;4;13
6;5;10;97;264;95;8;6;3.4;1017;266;SE;131;9
5;4;10;98;265;96;9;2;4.4;1015;296;ENE;78;7
8;7;8;71;266;86;12;7;1.1;1015;119;ENE;66;6
8;7;12;41;267;78;14;5;0.1;1016;116;NE;49;8
7;4;15;94;268;97;9;5;23.2;1017;302;NNE;26;11
8;5;14;100;269;98;8;7;24.0;1020;302;NNE;31;12
8;5;13;99;270;97;8;7;6.6;1024;296;NNE;29;11
7;5;12;80;271;92;10;7;1.4;1023;266;NE;44;9
7;6;9;11;272;76;16;3;0.0;1020;113;ENE;68;5
8;6;17;12;273;74;16;4;0.0;1018;113;SW;232;10
11;10;21;32;274;79;19;9;0.2;1015;113;SW;223;13
13;12;18;52;275;86;19;12;1.5;1012;116;SSW;213;11
13;13;17;46;276;84;19;10;0.8;1009;176;SSW;205;12
9;7;18;78;277;93;14;5;14.6;1010;353;WNW;283;14
5;2;21;51;278;78;10;4;3.1;1017;119;NW;319;15
7;5;19;8;279;71;16;3;0.0;1020;113;W;274;10
9;8;9;9;280;76;19;6;0.0;1020;113;WNW;289;5
10;10;9;12;281;78;20;6;0.4;1019;176;SSW;196;5
10;10;10;14;282;80;19;7;0.7;1025;176;NE;49;6
9;9;12;19;283;82;17;7;0.6;1031;176;NE;44;8
9;9;11;5;284;78;19;6;0.0;1032;113;ENE;72;6
11;10;12;0;285;70;20;7;0.0;1029;113;ENE;74;7
10;10;12;3;286;74;19;7;0.0;1024;113;NE;52;7
11;10;9;11;287;79;20;8;0.0;1021;113;NNE;21;5
11;10;6;4;288;74;21;6;0.0;1020;113;NE;41;4
12;11;21;14;289;71;21;8;0.0;1018;113;SW;222;13
9;7;17;74;290;94;14;7;9.2;1017;353;SSW;210;12
8;6;14;44;291;83;14;6;1.5;1023;116;ENE;78;10
10;10;10;48;292;86;19;7;0.9;1024;353;SSW;197;5
10;10;6;46;293;86;20;6;0.0;1024;116;SW;223;4
10;9;10;11;294;81;20;6;0.0;1020;113;SSE;165;5
11;10;8;13;295;77;21;7;0.0;1019;113;ENE;77;4
11;10;12;38;296;84;17;7;0.4;1023;113;NNE;28;8
10;9;11;39;297;85;17;9;0.5;1025;113;ENE;63;8
7;5;13;33;298;87;12;3;0.1;1029;116;NE;38;9
7;6;11;46;299;86;13;7;0.3;1027;116;ENE;76;8
6;5;16;6;300;79;16;2;0.0;1018;113;SW;230;9
9;7;23;22;301;78;17;4;0.2;1014;113;SSW;201;14
14;13;30;54;302;88;16;13;10.2;1010;176;SSW;202;19
14;12;38;41;303;84;16;14;12.3;1006;356;SSW;213;28
10;9;24;36;304;82;16;9;0.7;1016;113;SSW;199;15
13;12;30;43;305;88;15;12;6.8;1013;293;S;187;17
12;11;17;37;306;89;18;11;0.0;1019;113;SW;226;10
12;10;15;2;307;71;22;7;0.0;1020;113;S;189;8
12;11;21;33;308;52;21;9;0.0;1021;116;S;173;11
13;11;26;27;309;61;19;12;0.5;1021;116;S;177;14
11;10;16;45;310;88;14;11;5.8;1017;296;SE;143;9
10;9;17;61;311;89;15;9;9.6;1016;263;S;170;9
10;9;12;68;312;94;14;11;14.4;1022;389;SSW;205;8
6;6;8;63;313;92;14;2;0.4;1029;176;SE;132;4
5;4;9;45;314;88;14;1;0.0;1029;113;NE;48;5
5;4;11;7;315;85;14;2;0.0;1023;113;WSW;245;6
5;3;13;15;316;82;14;1;0.0;1021;113;SW;231;7
5;3;14;42;317;78;12;1;0.0;1020;116;SSE;154;7
4;2;14;80;318;90;6;3;7.9;1023;296;NE;47;9
5;3;12;72;319;94;8;5;1.2;1026;119;ENE;69;10
3;2;11;25;320;89;13;-1;0.0;1024;113;ENE;67;6
1;-2;15;62;321;93;4;-1;2.8;1024;296;N;7;10
0;-3;15;39;322;83;5;0;0.7;1019;113;ENE;70;10
-1;-2;8;8;323;76;8;-4;0.0;1018;113;N;9;5
2;-2;26;17;324;59;10;-2;0.0;1018;116;SW;217;14
6;3;29;73;325;90;9;5;2.1;1004;266;SW;214;22
-3;-7;17;59;326;95;-2;-3;32.5;998;323;NNW;329;12
-7;-11;16;21;327;90;1;-10;0.3;1008;113;WNW;283;8
-3;-9;42;39;328;94;2;-8;1.5;1004;263;SSW;192;22
2;-1;21;93;329;99;3;2;78.7;1003;320;SSW;207;13
-3;-7;13;78;330;97;-1;-2;23.3;1021;326;NNE;25;9
-8;-10;10;35;331;97;1;-16;0.0;1027;260;ESE;123;5
-3;-7;26;35;332;87;0;-6;0.3;1016;122;S;176;13
4;0;28;75;333;98;6;2;9.9;1005;293;SSW;202;14
6;3;35;54;334;94;9;5;2.1;1011;263;SSW;206;22
7;4;40;39;335;89;9;6;8.9;1009;386;SSW;200;28
4;1;22;37;336;88;9;2;0.1;1012;116;SSW;194;13
5;4;10;50;337;94;9;4;1.8;1007;116;SSE;163;5
6;4;15;95;338;98;7;5;42.4;1003;296;E;85;11
6;1;44;54;339;90;8;5;4.6;1008;293;SSW;200;31
6;3;27;55;340;90;9;6;10.1;1009;389;SW;218;19
3;0;15;82;341;97;5;2;10.8;1017;317;SW;230;11
0;-4;17;98;342;92;1;0;6.6;1025;332;NNW;337;14
-1;-3;12;11;343;69;6;-3;0.1;1024;113;SW;232;6
0;-5;30;39;344;80;5;-3;0.2;1020;116;S;191;16
4;0;36;58;345;91;7;4;2.0;1012;263;SSE;160;19
5;2;18;68;346;93;7;4;12.1;1007;293;E;90;13
2;1;9;78;347;98;4;1;7.4;1011;296;NNE;34;6
1;-2;18;55;348;96;4;-1;2.3;1013;293;SSE;147;9
3;-1;24;75;349;94;6;1;3.9;1017;296;SE;141;13
5;2;24;60;350;93;8;3;7.4;1018;293;SSE;152;13
8;5;26;73;351;94;10;7;28.6;1009;296;SSE;165;17
6;3;21;49;352;94;7;6;26.6;1007;353;SSW;192;14
1;-1;9;81;353;97;3;1;3.8;1017;326;NNE;17;6
-1;-4;15;83;354;95;0;0;5.5;1023;332;NNW;348;12
-1;-5;23;90;355;91;1;0;6.3;1025;332;N;352;18
-1;-4;14;46;356;91;4;-2;0.6;1029;143;NNW;343;9
1;-3;23;99;357;94;3;1;5.0;1026;332;NNW;348;17
-3;-7;20;40;358;83;0;-3;1.0;1029;119;NNW;348;14
-2;-6;16;87;359;85;2;-3;5.5;1025;332;SW;223;11
-4;-9;15;74;360;85;-2;-4;2.3;1032;326;NE;42;14
-6;-11;16;92;361;89;-4;-6;2.4;1030;326;NE;54;14
-5;-10;15;65;362;91;-3;-6;1.7;1030;323;NE;54;13
-7;-11;13;29;363;87;-2;-9;0.1;1035;113;NE;54;10
-7;-12;16;8;364;82;-1;-10;0.0;1039;113;ENE;72;9
-3;-6;12;0;365;55;5;-7;0.0;1034;113;SSW;197;6
