HeatIndexC;WindChillC;WindGustKmph;cloudcover;day;humidity;maxtemp;mintemp;precipMM;pressure;weatherCode;winddir16Point;winddirDegree;windspeed
17;17;11;3;244;63;28;10;0.0;1020;113;E;98;6
18;17;13;5;245;64;26;12;0.0;1016;113;WSW;241;8
19;18;16;12;246;69;27;12;1.8;1013;176;SSW;214;9
20;19;22;13;247;69;27;14;0.3;1012;176;SSW;209;14
12;11;17;49;248;93;15;9;17.6;1016;356;SE;137;10
10;9;20;32;249;72;17;5;0.2;1020;116;NNE;29;13
10;9;20;29;250;67;18;4;0.0;1021;116;ENE;64;13
11;10;18;36;251;73;17;5;0.0;1021;116;NNE;23;12
12;12;15;48;252;78;18;7;0.6;1020;116;NE;55;10
14;14;14;39;253;73;21;8;0.5;1020;116;ENE;60;9
13;13;17;24;254;72;19;8;1.1;1017;176;SSE;153;11
12;12;12;55;255;80;17;10;5.8;1015;293;ENE;75;7
12;12;7;60;256;81;18;8;3.7;1014;263;ESE;104;4
13;12;15;42;257;86;18;9;4.0;1014;353;S;182;9
15;14;12;33;258;78;22;8;1.0;1017;176;SSW;194;6
15;15;15;19;259;69;24;10;0.3;1016;113;S;175;9
15;15;15;45;260;84;20;12;14.2;1012;353;SSW;212;9
14;14;10;66;261;86;21;9;1.4;1016;353;SSE;163;6
14;14;11;54;262;82;21;7;1.7;1017;176;ENE;75;7
15;14;15;9;263;71;23;9;0.0;1017;113;E;101;9
14;14;13;2;264;63;22;8;0.0;1020;113;E;87;9
13;13;14;3;265;58;22;7;0.0;1024;113;E;98;9
15;14;12;3;266;62;24;8;0.0;1025;113;ESE;109;7
15;15;12;4;267;61;24;9;0.0;1021;113;ESE;104;7
13;13;16;10;268;66;21;7;0.0;1018;113;NE;54;10
13;12;18;20;269;71;20;8;0.0;1022;113;NE;44;11
14;13;16;12;270;69;22;7;0.0;1024;113;E;86;10
14;14;11;19;271;66;22;9;0.0;1021;113;ENE;77;6
13;12;7;11;272;69;21;6;0.0;1018;113;S;188;5
13;13;6;5;273;63;24;5;0.0;1017;113;SSE;168;4
14;13;19;14;274;67;22;8;0.0;1015;116;SSW;214;11
11;10;14;80;275;94;14;9;20.4;1013;302;ESE;107;10
8;6;17;79;276;93;10;5;52.2;1015;308;NE;43;13
10;9;10;22;277;78;19;3;0.0;1016;116;SSE;156;5
12;11;8;9;278;77;21;6;0.0;1020;113;SE;145;5
13;12;11;8;279;72;21;6;0.0;1022;113;WSW;246;6
15;14;6;8;280;75;24;8;0.0;1021;113;S;189;3
16;15;15;5;281;75;23;10;0.0;1018;113;SSW;214;8
16;15;13;7;282;72;24;10;0.0;1018;113;SSW;196;7
16;15;15;12;283;69;24;10;0.1;1015;113;SSW;196;8
11;10;16;61;284;92;15;9;8.6;1013;356;S;169;9
11;10;17;70;285;91;15;5;29.2;1006;356;SW;218;12
1;-4;35;89;286;98;2;0;78.2;1009;338;NNW;336;26
-1;-5;17;62;287;87;3;-5;3.6;1018;332;NW;306;12
-1;-3;8;25;288;78;5;-5;0.2;1020;113;SSE;159;5
-2;-5;16;12;289;83;4;-6;0.0;1018;116;ENE;69;9
0;-2;9;49;290;87;6;-7;2.7;1015;263;ENE;73;6
1;-3;14;98;291;95;2;0;17.9;1015;338;NE;36;12
0;-3;14;100;292;99;1;-1;42.8;1015;338;NNE;23;11
2;0;10;61;293;94;7;-2;0.5;1017;143;SW;218;7
3;0;22;80;294;97;7;0;0.5;1019;266;SSW;208;12
10;8;32;71;295;95;15;3;7.9;1013;293;SSW;192;18
11;10;21;70;296;97;13;9;26.7;1007;302;SSE;162;13
9;8;14;76;297;97;11;7;4.0;1009;353;NE;54;9
10;9;12;88;298;97;11;9;2.2;1015;266;NE;53;10
10;10;10;69;299;92;16;6;0.4;1016;248;ENE;69;7
9;8;12;80;300;97;11;7;5.1;1018;296;NNE;17;9
5;3;10;33;301;86;11;1;0.0;1021;248;NNE;31;6
5;4;9;19;302;79;12;0;0.0;1019;113;ENE;61;6
3;0;16;76;303;92;5;0;2.9;1024;296;NNE;22;11
0;-3;15;33;304;84;5;-4;0.0;1027;143;NE;50;10
0;-2;13;11;305;70;7;-4;0.0;1025;113;E;81;8
2;-1;18;22;306;51;10;-3;0.1;1014;113;SSW;205;9
3;0;19;97;307;95;5;0;30.1;998;308;SSW;204;13
2;-1;15;47;308;82;9;-4;2.4;1003;116;WSW;243;10
5;3;17;65;309;92;9;3;16.9;1003;116;SSW;198;11
5;3;15;59;310;92;9;3;13.4;1004;116;S;189;9
7;5;13;56;311;95;10;5;2.3;1007;263;SSW;196;7
7;5;15;45;312;91;11;5;12.9;1002;299;SSE;163;9
6;4;17;34;313;86;11;3;1.5;1006;143;SSE;160;10
4;3;8;84;314;96;7;3;14.2;1003;302;W;267;5
3;1;10;90;315;93;4;2;3.2;1006;317;WSW;245;8
2;1;8;30;316;82;8;-1;0.8;1014;116;W;267;4
4;2;14;14;317;84;11;-1;0.0;1021;113;SW;233;7
5;2;19;8;318;79;12;1;0.0;1024;113;SW;214;10
5;2;22;47;319;89;9;2;0.6;1021;263;SW;223;11
8;5;19;69;320;93;12;5;0.3;1019;143;SW;215;11
8;6;19;25;321;88;15;4;0.0;1021;113;SW;217;10
9;8;15;13;322;88;16;5;0.0;1023;143;WSW;248;8
9;8;8;1;323;87;16;4;0.0;1027;143;S;180;4
8;7;12;0;324;72;16;4;0.0;1029;113;SW;223;6
9;8;12;4;325;61;16;6;0.0;1029;113;WSW;238;6
8;6;21;3;326;58;13;4;0.0;1024;113;SW;219;10
7;5;19;21;327;74;13;4;0.2;1020;116;SW;216;10
5;4;14;32;328;87;11;2;0.0;1019;143;WSW;258;7
6;5;15;7;329;69;13;2;0.0;1021;113;S;191;8
7;4;25;27;330;67;13;4;0.0;1020;113;SSW;207;13
6;4;21;50;331;88;10;3;0.8;1018;266;SSW;207;13
9;7;15;68;332;94;10;7;7.5;1015;296;SW;229;11
5;2;22;20;333;87;10;1;0.0;1019;113;SSW;199;12
9;6;35;38;334;87;11;7;1.7;1011;263;SSW;194;26
10;7;37;53;335;88;11;7;26.9;1005;389;SSW;200;23
5;3;12;91;336;96;7;3;10.2;1012;296;NNE;32;10
5;3;8;92;337;96;6;3;1.6;1013;317;ENE;79;7
3;0;16;36;338;92;7;0;0.2;1009;143;S;183;9
2;-1;14;82;339;95;4;0;2.8;1013;332;NE;45;10
3;2;8;38;340;90;8;0;0.2;1019;143;ESE;102;5
2;0;12;30;341;82;8;-1;0.2;1019;116;SW;229;6
5;2;18;77;342;95;7;2;14.1;1015;302;SSW;201;11
3;0;19;92;343;97;7;1;18.6;1013;338;SSW;211;16
2;-2;16;98;344;98;3;2;9.9;1021;338;NNE;21;13
0;-3;12;89;345;97;2;-4;4.0;1016;332;NE;40;9
0;-5;18;97;346;95;1;-1;7.6;1013;332;NNE;32;15
-1;-5;12;96;347;91;-1;-2;3.9;1017;332;NE;43;10
-3;-7;14;85;348;96;-1;-5;18.3;1016;338;ENE;76;10
-4;-9;18;100;349;99;-2;-6;42.4;1008;338;NNE;34;13
-5;-9;9;100;350;99;-4;-7;8.2;1006;332;NE;45;7
-5;-8;9;91;351;99;-3;-7;7.7;1005;332;SE;137;7
-10;-14;11;99;352;99;-8;-11;5.3;1006;332;NE;36;9
-7;-12;24;55;353;97;0;-13;13.5;1000;338;SSW;196;13
-13;-17;12;79;354;99;-10;-17;2.5;1008;326;S;185;7
-11;-17;29;13;355;95;-4;-18;0.0;1019;113;SSW;200;14
0;-6;49;90;356;99;2;-5;5.6;1012;296;SSW;199;24
6;2;59;66;357;97;8;3;7.8;1005;293;SSW;204;31
9;6;38;58;358;94;11;7;2.7;1008;263;SSW;199;24
11;8;44;63;359;91;13;10;5.1;1003;293;SSW;206;32
7;5;12;53;360;91;10;5;5.6;1011;263;ESE;105;10
3;1;11;100;361;98;5;1;45.7;1004;338;SE;134;9
0;-2;12;39;362;82;5;-3;4.4;1010;113;W;259;8
2;-1;16;56;363;87;6;-2;0.8;1011;263;SSW;210;9
6;3;28;63;364;95;9;2;3.5;1007;293;SSW;205;19
9;7;28;67;365;93;11;8;6.2;1001;296;SSW;207;19
