HeatIndexC;WindChillC;WindGustKmph;cloudcover;day;humidity;maxtemp;mintemp;precipMM;pressure;weatherCode;winddir16Point;winddirDegree;windspeed
8;7;16;34;244;76;15;4;6.5;1014;293;NW;306;11
9;9;7;10;245;68;19;1;0.0;1018;113;WSW;257;5
12;11;9;14;246;65;21;2;0.0;1018;116;E;99;6
12;11;10;9;247;69;21;3;0.0;1016;113;ENE;58;7
11;11;10;18;248;75;19;4;0.0;1018;116;ESE;102;6
10;10;10;45;249;82;20;3;3.2;1017;353;NE;53;6
13;13;12;19;250;73;24;2;0.1;1015;116;S;186;7
16;15;23;27;251;73;24;8;0.1;1012;116;SSW;198;14
17;16;14;60;252;82;23;12;5.2;1014;386;SSW;193;9
13;13;9;97;253;98;16;11;46.8;1014;308;SSE;152;6
14;14;11;97;254;97;16;13;14.8;1015;353;ENE;58;9
11;11;11;65;255;88;17;7;2.3;1018;293;NE;51;7
12;12;9;28;256;78;20;4;0.0;1018;143;ENE;69;6
12;12;9;74;257;91;17;6;2.2;1020;353;NNE;31;6
13;13;8;37;258;76;23;4;0.0;1018;113;SSW;193;4
14;13;15;9;259;69;23;7;0.0;1014;113;SW;217;8
15;14;19;26;260;74;22;8;0.0;1014;116;SSW;208;11
17;15;13;42;261;77;24;10;0.0;1015;116;SSW;212;7
13;12;16;55;262;86;19;9;10.8;1013;386;S;183;10
10;9;10;60;263;86;14;5;1.4;1019;143;NE;35;7
10;9;10;2;264;75;19;2;0.0;1021;113;ENE;70;6
10;10;11;0;265;74;18;3;0.0;1021;113;ENE;64;7
12;12;10;2;266;75;21;5;0.0;1019;113;E;87;6
13;12;10;19;267;68;22;5;0.0;1011;116;S;182;5
11;10;17;68;268;93;14;8;21.3;1002;302;SSE;153;10
12;11;19;55;269;84;18;6;7.1;1002;176;SSW;197;12
10;9;18;79;270;87;16;5;0.9;1011;353;SSW;196;12
12;12;11;40;271;79;19;6;0.2;1013;113;SW;223;7
6;5;11;68;272;93;11;1;2.3;1015;353;ENE;64;7
6;6;7;25;273;79;16;-1;0.0;1018;113;SE;127;4
8;8;6;39;274;74;18;1;0.0;1016;116;E;90;3
9;9;6;29;275;81;18;1;0.2;1019;116;ESE;110;4
10;9;12;51;276;83;17;4;1.7;1017;116;SSE;148;7
11;10;17;58;277;82;18;6;0.3;1017;248;SSW;204;10
12;11;19;85;278;95;17;8;6.2;1014;293;SSW;197;11
14;13;9;88;279;96;17;11;8.6;1015;353;SSW;195;6
10;9;9;81;280;92;12;7;1.6;1021;263;NE;37;7
5;3;13;33;281;82;11;0;0.0;1025;116;ENE;61;8
4;2;10;1;282;73;11;-2;0.0;1023;113;NE;46;7
4;3;8;5;283;76;12;-3;0.0;1016;113;NE;44;5
5;4;10;20;284;73;14;-1;0.1;1014;116;ENE;67;6
6;5;9;27;285;81;14;1;0.5;1014;116;ENE;72;5
7;6;10;44;286;83;14;0;0.8;1012;266;ENE;62;6
7;6;9;100;287;99;8;6;18.8;1009;302;NNE;26;7
8;7;7;100;288;97;9;7;4.4;1010;266;NE;44;6
8;8;5;99;289;96;11;4;5.4;1008;353;ENE;69;4
8;7;7;84;290;95;13;4;1.5;1011;353;ESE;102;4
9;8;10;95;291;96;12;6;1.3;1010;266;NE;42;8
7;5;12;100;292;98;8;5;11.4;1005;302;S;173;9
8;7;7;79;293;93;12;4;2.0;1008;353;S;191;5
3;2;9;24;294;83;10;-1;0.3;1022;113;E;92;6
3;2;9;18;295;76;13;-2;0.0;1026;119;SE;137;5
5;3;14;8;296;69;14;0;0.0;1021;113;SSW;204;8
5;3;20;64;297;86;13;0;0.0;1016;248;SSW;198;10
7;6;14;89;298;97;10;4;9.6;1010;302;SSE;160;8
6;4;10;94;299;97;9;3;6.5;1017;332;ESE;101;9
1;-3;14;96;300;97;3;-2;10.3;1024;332;NE;38;10
0;-3;14;47;301;89;5;-4;0.0;1024;143;NE;48;8
1;0;10;10;302;75;11;-4;0.0;1023;113;E;98;5
3;0;19;4;303;74;11;-2;0.0;1020;113;SSW;201;10
4;1;23;39;304;87;13;-1;0.0;1019;248;SSW;197;12
7;5;22;59;305;89;13;3;0.1;1017;116;S;189;11
8;7;15;39;306;78;14;5;0.1;1015;119;SSE;164;8
8;7;13;47;307;88;14;5;3.5;1018;176;SSW;191;7
8;7;9;31;308;88;17;3;0.0;1027;113;SSW;207;4
9;9;12;2;309;84;18;5;0.0;1027;113;SSW;213;6
8;6;18;1;310;76;15;4;0.0;1019;113;SSW;205;9
7;5;22;12;311;78;14;3;0.1;1010;113;SSW;200;11
9;7;23;70;312;90;13;7;4.1;994;293;S;188;16
8;5;19;87;313;97;9;6;18.3;989;389;S;189;13
8;5;24;82;314;98;11;5;17.0;998;389;SSW;199;14
6;5;16;66;315;94;11;3;1.0;1012;176;SSW;200;8
4;2;17;40;316;90;11;1;0.0;1011;143;SSW;210;9
6;4;18;8;317;74;15;2;0.0;1013;116;SSW;197;9
7;5;22;3;318;73;14;3;0.0;1015;113;SSW;201;11
7;5;20;4;319;80;15;4;0.0;1016;113;SSW;201;10
8;6;20;38;320;77;14;4;0.0;1013;122;S;187;10
6;4;14;80;321;96;9;3;16.7;1009;353;SSE;166;7
5;2;17;71;322;94;9;1;0.4;1013;248;SSW;192;10
6;4;19;81;323;94;11;3;5.6;1017;293;SSW;199;11
3;1;15;59;324;90;9;1;0.0;1019;116;SSW;192;8
5;3;19;48;325;89;9;1;0.5;1013;263;S;177;11
7;5;22;80;326;95;10;4;13.9;1002;308;S;179;12
6;5;8;94;327;97;7;4;13.2;998;389;SSW;197;6
0;-2;7;82;328;95;4;-3;12.6;1005;332;NNE;34;6
0;-1;6;74;329;94;4;-4;6.9;1008;326;SE;134;4
1;-2;17;79;330;95;4;-1;7.6;1001;302;SSW;195;9
0;-4;18;60;331;94;3;-3;0.4;1008;260;SSW;214;10
1;-2;23;90;332;96;4;-4;2.3;1006;293;SSE;163;11
4;1;24;85;333;97;6;3;2.7;1002;248;SSW;211;14
2;0;10;99;334;98;3;0;21.4;1010;338;ESE;123;7
4;1;20;88;335;98;6;2;14.6;1005;302;S;177;11
5;3;18;83;336;98;8;1;6.0;1007;389;SSW;199;11
3;0;21;78;337;98;7;0;11.4;1008;389;S;186;11
1;-1;10;100;338;97;3;-1;5.7;1015;338;ENE;64;7
0;-2;11;47;339;86;5;-2;0.4;1022;116;SE;127;8
2;-2;26;75;340;95;6;-2;0.8;1015;263;SSW;198;15
5;2;29;87;341;97;11;2;3.2;1011;296;SSW;201;15
8;5;26;88;342;97;12;5;0.9;1013;353;SSW;201;14
6;4;24;89;343;97;11;-2;22.6;1010;386;WSW;237;15
-4;-8;14;41;344;81;-1;-6;5.8;1021;368;SSW;192;11
-6;-10;13;64;345;89;-3;-9;3.3;1023;323;WNW;291;9
-3;-5;10;49;346;93;2;-7;5.4;1011;326;S;174;5
-3;-7;12;88;347;97;-2;-5;8.2;1011;332;WNW;286;10
-11;-15;11;78;348;96;-8;-14;3.2;1019;368;NW;321;7
-12;-14;7;73;349;97;-6;-17;1.6;1021;326;S;179;4
-9;-13;10;98;350;97;-7;-12;3.1;1014;326;NE;45;7
-12;-16;13;56;351;96;-6;-17;0.4;1007;260;S;177;7
-3;-7;16;97;352;99;1;-9;26.5;1000;338;SW;236;9
-8;-13;18;33;353;95;-3;-15;0.5;1015;143;SSW;212;9
-2;-6;23;89;354;99;0;-7;5.9;1011;296;SSW;194;11
1;-2;22;100;355;100;2;0;1.4;1014;266;SSW;200;10
2;-1;26;100;356;100;4;1;1.4;1014;266;SSW;192;12
5;1;27;92;357;98;8;2;1.4;1010;266;SSW;192;14
5;2;25;70;358;96;9;3;4.9;1000;293;S;176;14
4;2;14;90;359;97;7;2;8.3;1001;296;SW;228;9
-3;-7;12;100;360;90;0;-5;9.5;1017;332;NNE;14;10
-6;-10;10;98;361;93;-5;-7;7.4;1023;332;N;11;9
-9;-11;5;35;362;88;-4;-12;0.3;1024;260;ENE;77;3
-9;-11;8;20;363;84;-2;-14;0.0;1025;260;E;91;4
-8;-9;6;17;364;85;-1;-12;0.0;1026;143;ESE;112;3
-6;-8;9;5;365;91;0;-10;0.0;1024;260;SSW;201;5
