HeatIndexC;WindChillC;WindGustKmph;cloudcover;day;humidity;maxtemp;mintemp;precipMM;pressure;weatherCode;winddir16Point;winddirDegree;windspeed
19;19;10;8;244;47;28;11;0.0;1019;113;SSE;165;6
21;21;16;14;245;45;29;15;0.0;1017;113;S;177;9
22;23;15;8;246;44;31;16;0.0;1015;113;S;187;8
24;24;19;12;247;42;32;19;0.0;1014;116;SSW;193;11
26;26;18;11;248;36;33;21;0.0;1014;113;SSW;202;11
26;27;16;10;249;32;35;21;0.0;1014;113;S;190;9
28;29;20;10;250;27;37;22;0.0;1012;113;S;181;12
24;25;18;19;251;45;33;20;3.0;1014;176;W;261;12
20;20;15;19;252;67;26;13;0.0;1019;116;N;355;10
19;19;11;3;253;47;28;12;0.0;1019;113;S;189;6
20;21;10;13;254;46;29;14;0.0;1015;113;SSW;210;6
22;22;11;31;255;45;29;16;0.1;1009;119;WNW;290;6
18;18;17;60;256;62;20;17;7.4;1010;356;W;265;11
14;13;10;40;257;53;19;11;1.4;1016;263;S;188;6
12;12;8;100;258;89;13;11;18.5;1012;308;ESE;116;5
12;11;9;83;259;88;14;9;3.0;1011;266;WSW;251;7
10;9;13;100;260;94;11;9;5.6;1015;296;WNW;295;9
10;9;10;97;261;86;11;8;1.4;1020;266;NW;307;7
10;10;10;70;262;77;15;6;0.8;1019;353;SW;215;6
9;8;11;96;263;87;11;7;2.1;1018;266;NNW;327;7
10;10;10;89;264;84;13;8;0.9;1017;266;NNW;335;8
12;12;9;68;265;72;15;9;0.2;1015;119;N;350;6
12;12;8;48;266;67;17;5;0.0;1014;119;W;267;5
13;12;9;25;267;63;18;8;0.3;1017;116;NE;41;5
13;12;8;43;268;77;19;8;3.4;1018;266;ESE;118;4
13;12;11;71;269;82;17;11;13.7;1021;353;ESE;112;7
12;11;9;54;270;68;17;8;1.2;1025;263;E;92;5
11;10;7;10;271;63;18;5;0.0;1024;113;S;173;4
10;10;6;11;272;64;18;4;0.0;1020;113;W;265;4
11;11;12;8;273;65;18;6;0.0;1017;113;SSW;210;7
13;12;20;25;274;63;19;9;0.0;1014;116;SSW;199;11
18;17;20;27;275;57;23;14;0.0;1012;116;S;184;12
18;18;14;31;276;66;24;15;0.5;1009;116;SSW;207;8
17;16;21;47;277;66;24;15;3.1;1008;293;SSW;200;14
9;7;24;97;278;89;11;8;25.4;1012;302;NW;317;16
9;8;12;30;279;78;15;5;0.8;1016;263;WSW;237;6
14;14;12;31;280;73;20;12;0.3;1018;116;W;266;7
14;13;8;16;281;77;20;8;0.0;1019;113;SSW;200;5
15;14;11;5;282;74;22;9;0.0;1025;113;SE;134;6
15;14;11;12;283;70;21;9;0.0;1031;113;W;274;6
15;14;11;7;284;71;21;9;0.0;1032;113;W;270;6
14;14;6;6;285;74;21;9;0.0;1030;113;NW;313;4
14;14;8;8;286;69;21;9;0.0;1025;116;NW;321;5
13;13;8;18;287;75;21;9;0.0;1022;116;WSW;236;4
13;13;7;10;288;74;21;8;0.0;1020;113;W;278;4
16;15;15;24;289;68;23;11;0.0;1017;116;S;184;9
12;11;21;57;290;78;14;8;16.3;1014;302;WNW;297;13
8;8;7;2;291;75;14;4;0.0;1025;113;S;169;4
10;9;14;9;292;69;17;5;0.0;1026;113;SW;215;8
11;11;11;9;293;67;19;6;0.0;1025;113;NE;46;6
13;12;14;7;294;62;20;8;0.0;1021;113;SE;125;7
14;13;18;7;295;63;21;10;0.0;1020;113;SSE;160;10
13;12;16;5;296;68;20;9;0.0;1023;113;SW;224;8
10;9;13;47;297;80;15;7;0.0;1027;119;NNW;347;8
9;9;12;34;298;82;15;6;0.0;1029;116;W;265;6
11;10;8;44;299;77;15;8;0.2;1029;119;NNW;342;5
8;6;17;8;300;70;14;4;0.0;1020;113;SSE;158;9
10;9;26;18;301;63;18;6;0.0;1015;116;SSE;157;14
13;12;36;21;302;59;18;11;0.2;1014;116;SSE;157;21
17;16;43;21;303;61;23;14;2.1;1008;386;SSE;162;26
15;14;21;20;304;80;20;11;21.1;1016;113;S;175;12
16;15;36;30;305;69;20;14;0.8;1017;263;SE;142;18
16;16;16;23;306;74;21;13;0.9;1017;116;WSW;241;8
15;14;11;4;307;77;21;11;0.0;1021;113;SE;140;6
15;14;21;8;308;74;21;11;0.0;1023;113;SSE;148;11
15;14;24;34;309;69;20;13;0.0;1022;116;SSE;154;13
15;15;15;27;310;62;21;12;0.0;1019;116;SSW;193;8
14;13;27;10;311;63;19;12;0.0;1020;113;SE;140;15
12;10;24;19;312;73;16;10;0.1;1025;116;SE;146;15
11;10;17;40;313;67;15;10;0.0;1031;116;SSE;161;11
7;6;12;13;314;67;13;4;0.0;1032;116;SSW;199;6
6;5;16;3;315;63;13;3;0.0;1027;113;SSE;149;8
5;4;14;2;316;68;12;3;0.0;1022;113;SSE;153;8
6;5;14;8;317;64;14;3;0.0;1022;113;ESE;109;7
6;5;11;39;318;63;11;2;0.0;1026;119;SSW;205;6
6;5;6;8;319;70;12;2;0.0;1028;113;WSW;240;3
4;4;8;2;320;81;11;1;0.0;1026;113;NW;320;4
4;2;15;48;321;83;10;1;0.6;1022;266;NW;320;8
3;2;13;7;322;75;9;0;0.0;1023;113;SE;135;6
2;0;15;31;323;78;8;-2;0.0;1019;119;SSW;198;8
5;3;23;31;324;65;11;3;0.5;1016;176;SSW;197;14
8;5;27;86;325;81;10;6;25.9;1003;302;SSW;205;16
3;-1;29;68;326;85;4;1;22.0;992;332;WNW;303;20
0;-4;24;77;327;79;3;-2;4.8;1003;371;WSW;250;17
1;-4;38;21;328;60;5;-2;0.2;1008;116;SSE;164;21
3;0;30;74;329;85;6;1;23.8;1005;302;E;96;16
1;-2;17;66;330;91;4;1;12.3;1018;332;NW;317;11
0;-2;8;20;331;83;4;-2;0.0;1028;116;W;261;5
1;-2;17;8;332;77;7;-2;0.0;1023;113;SE;138;9
3;-1;41;39;333;82;6;1;7.9;1010;299;SSE;156;23
7;3;39;24;334;85;11;5;0.1;1014;116;SSE;155;22
10;6;46;18;335;75;14;7;0.1;1013;113;SSE;157;25
10;7;30;28;336;85;13;7;4.8;1013;113;SSE;157;17
8;6;25;57;337;87;9;7;4.5;1010;296;SSE;147;13
10;9;16;65;338;91;14;8;15.4;1007;299;ENE;76;8
10;7;46;38;339;78;12;8;10.7;1006;176;S;186;27
10;8;36;60;340;82;11;9;11.1;1009;302;S;189;20
5;3;18;86;341;95;7;4;6.8;1012;302;WNW;304;12
4;1;22;77;342;87;6;3;1.4;1020;263;NW;325;15
2;0;14;44;343;88;5;1;0.3;1023;143;SSW;210;9
2;-2;26;16;344;70;7;0;0.0;1022;116;SSE;149;13
4;0;38;36;345;58;7;3;0.1;1019;116;SE;145;20
4;1;31;32;346;73;7;4;0.1;1015;116;ESE;102;16
5;3;21;63;347;87;7;3;10.8;1015;302;E;101;12
6;3;22;50;348;83;9;4;10.1;1017;263;SE;135;15
6;3;32;43;349;80;10;5;0.0;1022;116;SE;131;18
7;4;25;43;350;79;9;5;0.1;1024;116;SE;139;17
7;3;34;33;351;77;10;5;0.3;1017;116;SE;142;20
8;6;25;79;352;87;10;7;28.3;1010;302;SSE;147;15
5;3;18;97;353;91;8;3;4.8;1015;266;WSW;240;12
4;1;16;90;354;91;5;2;7.9;1019;332;NNW;328;12
3;0;14;81;355;95;4;1;8.2;1020;302;NW;317;9
1;-1;16;51;356;93;4;-1;2.2;1027;143;WSW;237;9
3;0;26;82;357;91;5;2;10.6;1022;293;NW;319;16
0;-3;20;20;358;79;3;-2;1.0;1026;113;NW;315;12
-1;-5;20;51;359;80;1;-4;4.6;1024;332;NNE;33;13
-2;-5;13;16;360;82;1;-4;0.0;1033;116;NNW;343;8
-4;-6;12;11;361;76;0;-5;0.0;1034;113;SE;132;6
-5;-7;10;2;362;71;-1;-7;0.0;1035;113;SW;226;5
-7;-10;14;9;363;77;-3;-9;0.0;1037;113;NNW;335;8
-7;-10;10;3;364;84;-3;-9;0.0;1041;113;NNW;328;6
-7;-10;11;0;365;79;-3;-9;0.0;1038;113;NW;311;6
