HeatIndexC;WindChillC;WindGustKmph;cloudcover;day;humidity;maxtemp;mintemp;precipMM;pressure;weatherCode;winddir16Point;winddirDegree;windspeed
24;24;11;1;244;41;31;22;0.0;1020;113;WNW;286;7
26;26;12;6;245;37;32;24;0.0;1017;113;NW;318;8
26;25;18;6;246;42;31;22;0.0;1017;113;N;351;12
26;25;9;8;247;38;33;24;0.0;1017;113;WSW;239;5
21;21;20;48;248;59;31;18;6.8;1013;266;WNW;288;14
22;21;12;67;249;74;26;17;0.9;1017;353;NE;39;8
25;25;9;9;250;55;32;20;0.0;1020;113;SE;136;5
26;25;13;27;251;44;32;22;0.0;1016;116;E;99;9
27;27;11;18;252;39;33;24;0.1;1014;116;SE;143;6
28;27;13;34;253;42;33;24;0.0;1015;116;ESE;110;7
27;27;10;26;254;47;34;25;1.0;1017;200;NE;53;6
27;26;10;15;255;47;33;24;0.0;1018;113;ESE;117;5
26;26;11;32;256;55;31;23;6.4;1017;200;SSE;161;6
25;24;9;15;257;58;29;22;2.3;1014;113;W;261;6
26;25;9;9;258;49;31;23;0.0;1016;113;SSW;211;5
26;25;14;10;259;43;32;23;0.0;1016;113;SW;220;8
27;26;16;29;260;50;31;23;4.2;1011;176;SSW;212;10
24;23;9;28;261;56;29;22;1.2;1010;113;WNW;299;5
20;19;10;89;262;76;23;19;8.1;1006;353;WNW;288;6
15;14;17;82;263;90;16;14;16.4;1008;302;NNW;330;12
15;14;14;43;264;60;19;12;0.0;1016;116;NNW;347;9
14;13;14;34;265;57;19;11;0.2;1020;176;NNW;340;9
16;15;9;9;266;54;21;13;0.0;1025;113;WSW;255;6
18;17;8;19;267;50;22;15;0.0;1026;113;W;278;5
18;17;11;31;268;51;24;16;0.0;1021;116;W;266;7
18;16;10;16;269;52;23;14;0.0;1021;113;NE;51;6
18;16;9;17;270;60;22;14;0.0;1025;116;WNW;285;5
18;17;6;10;271;55;24;15;0.0;1028;113;W;265;4
19;18;12;8;272;51;25;15;0.0;1025;113;WSW;242;8
21;20;9;21;273;55;26;17;0.0;1020;113;SSW;209;5
21;20;10;19;274;50;27;17;0.0;1017;113;SW;215;6
22;21;13;25;275;43;28;16;0.0;1016;116;S;182;7
17;17;14;87;276;75;20;16;5.7;1018;353;WSW;254;10
13;11;19;83;277;81;16;12;5.0;1018;353;W;272;14
9;6;27;51;278;63;12;7;1.0;1018;176;WNW;298;18
9;7;21;73;279;57;14;7;0.6;1016;176;SW;216;15
11;10;12;44;280;66;16;8;1.6;1016;176;WNW;288;7
8;7;10;24;281;68;13;6;0.1;1018;116;NW;308;8
10;9;8;17;282;61;16;8;0.0;1022;113;W;265;5
11;11;12;46;283;55;18;9;1.2;1020;176;NNE;23;8
11;10;10;97;284;86;13;10;8.0;1012;302;WSW;240;8
9;7;20;93;285;93;10;9;16.8;1009;302;WSW;237;13
8;6;15;73;286;88;11;7;0.9;1019;176;SW;235;10
11;10;15;18;287;70;19;6;0.0;1022;113;ENE;64;9
15;14;14;33;288;63;22;11;0.0;1019;119;S;186;8
12;12;5;90;289;83;13;12;1.1;1022;266;SSW;206;4
11;11;8;61;290;84;16;11;5.4;1030;119;SSW;212;5
10;9;10;52;291;67;16;7;0.0;1027;119;SSE;160;5
11;11;5;59;292;66;16;10;0.0;1023;119;WSW;257;3
11;10;15;32;293;67;18;7;0.4;1019;116;SSE;160;10
12;11;15;66;294;76;17;10;2.6;1016;296;SSE;151;9
10;9;11;88;295;92;12;9;22.3;1017;353;SSW;209;7
12;11;12;49;296;81;18;9;0.0;1021;119;ESE;108;6
14;13;17;11;297;77;21;11;0.0;1025;113;S;184;9
15;14;16;21;298;74;22;12;0.0;1024;113;S;188;9
12;11;16;73;299;89;13;13;5.0;1022;296;NW;314;10
7;6;9;72;300;86;10;6;0.0;1029;122;SSW;206;6
7;7;5;35;301;85;13;5;0.0;1034;116;WSW;248;3
8;6;17;64;302;81;10;5;0.2;1028;122;SW;230;11
8;6;22;47;303;74;12;5;0.0;1024;122;WNW;304;14
6;5;14;17;304;70;12;5;0.0;1026;116;SW;221;8
6;5;13;28;305;74;11;4;0.0;1025;113;SW;217;7
9;8;18;41;306;72;15;6;8.1;1017;116;SW;224;12
8;6;14;63;307;81;9;8;5.9;1020;266;W;278;9
4;3;9;19;308;69;9;1;0.0;1024;113;SSW;192;4
8;6;24;47;309;65;14;3;0.3;1017;119;SSE;169;13
15;14;47;60;310;72;19;12;4.9;1006;263;SSW;193;28
13;11;28;63;311;74;15;11;3.9;1006;176;WSW;250;17
9;7;14;82;312;86;11;8;6.1;1007;296;NNE;32;9
5;3;17;88;313;90;8;4;9.6;1007;296;NW;321;11
3;2;8;51;314;74;7;1;0.0;1013;119;SSW;206;5
5;3;16;16;315;64;12;3;0.0;1017;113;SE;141;9
7;5;21;90;316;91;8;6;22.4;1011;302;SE;138;13
3;-1;31;92;317;85;4;2;6.7;1021;332;NW;321;19
2;0;12;64;318;81;4;1;0.0;1032;122;SW;236;8
1;0;7;22;319;83;5;0;0.0;1033;116;NW;313;4
1;0;8;57;320;75;5;1;0.0;1028;122;S;178;4
4;3;9;67;321;71;8;3;0.0;1022;119;ESE;115;4
7;6;12;11;322;76;13;4;0.0;1022;113;SSE;153;6
9;8;19;7;323;73;16;7;0.0;1020;113;SSE;151;10
9;8;13;12;324;80;15;6;0.0;1022;113;SSE;157;7
8;7;10;7;325;76;15;5;0.0;1024;113;SE;141;5
7;7;7;3;326;78;14;4;0.0;1025;113;ESE;117;3
6;6;5;0;327;79;12;3;0.0;1026;113;SSW;192;3
6;6;4;4;328;69;13;3;0.0;1024;113;NE;51;2
8;7;8;20;329;68;13;4;0.0;1019;113;NNE;13;4
8;7;9;23;330;78;14;5;0.0;1019;113;WSW;252;5
7;4;19;87;331;88;8;7;11.8;1013;302;WSW;244;13
2;-1;20;22;332;75;5;1;0.1;1018;323;NW;321;13
1;-3;22;13;333;65;3;0;0.0;1027;113;SE;124;16
-1;-4;15;25;334;65;4;-2;0.0;1030;116;W;277;9
1;-3;21;98;335;83;3;0;3.2;1021;326;WSW;244;13
2;-2;39;64;336;85;6;2;9.5;1011;296;WNW;284;21
0;-2;14;12;337;82;4;-1;0.0;1024;113;W;261;8
0;-1;9;11;338;79;4;-1;0.0;1031;116;S;188;4
0;-2;12;27;339;55;5;-1;0.0;1033;119;E;97;6
0;-2;13;20;340;65;4;-1;0.0;1029;113;WSW;239;8
-1;-2;8;8;341;71;3;-2;0.0;1038;113;NW;310;5
-2;-3;8;19;342;76;3;-3;0.0;1038;116;S;180;4
0;-3;14;38;343;56;4;-2;0.0;1031;122;SW;218;8
2;-1;14;53;344;80;4;1;0.0;1027;119;SSW;202;8
3;1;14;22;345;84;7;1;0.0;1019;113;WSW;249;7
3;0;26;68;346;89;6;2;2.2;1017;266;WSW;248;14
-1;-5;22;13;347;57;2;-1;0.0;1030;116;ESE;107;15
-1;-3;8;78;348;51;3;-4;0.4;1028;122;S;187;5
-1;-3;8;66;349;87;2;-2;0.5;1029;122;NNW;339;6
-2;-4;8;10;350;85;1;-4;0.0;1036;113;S;173;4
-4;-4;6;38;351;88;0;-6;0.0;1040;119;SW;224;3
-5;-6;6;7;352;85;-1;-7;0.0;1035;113;SSW;195;3
-5;-7;10;7;353;82;-1;-7;0.0;1036;113;NNW;339;5
-5;-8;12;10;354;90;-1;-8;0.0;1034;113;N;3;7
-4;-6;9;19;355;85;2;-6;0.0;1036;119;NE;41;4
-4;-6;10;5;356;82;1;-6;0.0;1036;113;NNW;346;5
-5;-8;10;3;357;84;-1;-7;0.0;1036;113;WNW;286;5
-7;-8;6;12;358;86;-3;-9;0.0;1033;113;SW;223;3
-3;-6;15;97;359;91;-1;-5;5.0;1027;317;SSW;203;9
1;-2;18;100;360;99;2;1;5.4;1026;266;SSW;203;10
2;-2;28;53;361;92;3;2;1.2;1028;122;WNW;281;16
0;-5;32;71;362;87;2;0;1.2;1027;332;NNW;345;19
0;-6;29;5;363;77;2;-1;0.0;1034;113;SE;128;20
-2;-6;18;9;364;66;1;-3;0.0;1037;113;WSW;242;12
-3;-5;7;32;365;70;0;-5;0.0;1034;122;WSW;250;4
