HeatIndexC;WindChillC;WindGustKmph;cloudcover;day;humidity;maxtemp;mintemp;precipMM;pressure;weatherCode;winddir16Point;winddirDegree;windspeed
27;26;13;3;244;39;33;22;0.5;1011;113;SSW;202;8
26;25;15;32;245;62;30;21;10.0;1010;176;SSW;203;9
19;18;18;74;246;82;22;17;13.0;1007;353;W;262;12
14;14;21;66;247;81;19;13;2.3;1015;176;SW;219;13
17;17;12;17;248;54;22;14;0.0;1019;116;W;263;7
20;20;15;38;249;50;25;17;0.0;1015;116;W;276;10
19;18;17;47;250;58;24;18;0.0;1015;119;NNW;335;10
20;18;15;39;251;52;25;15;0.0;1015;119;NNE;26;9
22;21;16;32;252;61;25;19;0.0;1009;119;SSE;160;9
24;23;19;12;253;53;29;20;0.0;1009;113;S;183;12
27;26;21;6;254;43;33;22;0.0;1005;113;SSE;158;13
21;20;13;45;255;65;24;19;1.0;1006;353;WSW;255;9
18;18;14;26;256;54;23;15;0.0;1017;113;W;260;9
22;21;17;0;257;47;28;17;0.0;1014;113;S;185;10
20;19;19;11;258;46;24;16;0.0;1015;113;N;352;12
23;23;19;0;259;47;31;18;0.0;1013;113;SSW;195;12
22;21;15;25;260;61;31;21;7.0;1012;386;SSW;210;9
19;18;14;0;261;63;23;15;1.1;1016;113;WSW;241;9
21;20;17;17;262;54;27;15;1.2;1010;116;S;191;10
18;17;18;44;263;69;22;15;2.5;1010;200;NNW;330;12
12;10;21;99;264;90;13;12;32.2;1012;308;WSW;253;15
13;12;17;79;265;82;17;11;12.3;1017;353;NW;318;11
14;14;18;30;266;66;19;11;0.0;1019;116;W;270;12
14;13;10;65;267;74;17;13;0.0;1020;122;SSW;203;7
15;14;13;49;268;73;22;12;0.0;1021;122;ESE;105;8
19;18;17;36;269;65;23;14;0.0;1022;116;ENE;59;10
17;16;11;41;270;56;21;15;0.0;1026;113;NE;52;6
15;15;9;24;271;53;20;12;0.0;1029;113;NE;51;6
14;13;10;18;272;51;18;11;0.0;1028;113;NE;44;6
14;13;9;0;273;52;18;9;0.0;1025;113;ENE;60;5
13;12;9;0;274;45;18;9;0.0;1025;113;WSW;243;5
14;13;8;0;275;47;19;10;0.0;1026;113;SE;129;4
17;15;21;15;276;50;23;11;0.0;1021;113;SSW;192;13
16;15;14;23;277;63;19;12;0.0;1024;116;W;278;9
17;16;20;0;278;55;22;12;0.0;1016;113;SW;217;12
13;12;19;72;279;67;13;12;0.0;1012;176;WNW;302;12
11;10;16;41;280;64;15;9;0.0;1015;116;ESE;123;10
11;10;14;47;281;65;17;8;0.0;1014;119;WNW;299;9
13;11;16;23;282;58;17;9;0.0;1017;116;WNW;290;10
10;9;12;15;283;55;13;9;0.0;1021;113;SW;219;7
13;12;10;0;284;56;19;9;0.0;1024;113;SW;223;6
15;15;12;0;285;54;22;11;0.0;1023;113;WSW;236;7
16;16;18;3;286;58;21;13;0.0;1024;113;NW;309;11
14;14;7;0;287;63;19;11;0.0;1027;113;WNW;295;4
15;15;7;0;288;62;20;11;0.0;1029;113;WNW;282;4
16;16;7;0;289;60;23;12;0.0;1028;113;NW;326;4
19;18;9;0;290;51;25;14;0.0;1026;113;SE;140;5
19;19;12;33;291;47;27;15;0.0;1020;119;S;176;6
18;18;8;0;292;50;24;15;0.0;1017;113;WSW;237;5
17;16;8;0;293;49;23;13;0.0;1018;113;W;278;5
15;16;12;19;294;52;21;13;0.0;1017;119;WSW;258;8
15;15;10;54;295;61;20;13;0.0;1014;116;S;179;6
12;10;21;86;296;78;14;11;8.6;1006;122;SSW;210;14
11;9;33;96;297;81;13;10;6.0;1012;302;NNE;16;23
11;10;12;24;298;74;15;8;1.0;1025;116;WSW;247;7
11;10;14;5;299;74;16;7;0.0;1026;113;SW;217;8
12;11;22;40;300;73;19;9;6.9;1015;266;W;260;14
10;8;17;67;301;73;12;8;0.6;1014;353;NNW;332;11
9;6;36;70;302;70;10;8;14.3;1003;302;SW;235;23
7;3;39;27;303;59;10;5;0.0;1014;116;WNW;304;26
6;3;23;17;304;64;10;2;0.1;1024;116;WNW;303;15
6;5;14;44;305;71;11;4;0.0;1026;116;SW;227;8
9;8;15;33;306;57;14;5;0.0;1020;116;S;191;9
10;8;18;40;307;74;14;8;0.0;1017;116;SSW;206;10
8;7;12;4;308;78;13;5;0.0;1022;116;S;183;7
9;8;16;2;309;65;16;6;0.0;1018;116;SSE;154;9
10;9;14;9;310;58;16;6;0.0;1016;116;ENE;69;7
10;9;13;13;311;62;16;6;0.0;1019;116;ENE;71;7
10;9;15;68;312;77;13;9;5.3;1018;296;ENE;72;9
9;9;7;89;313;88;11;9;6.0;1022;266;ESE;112;4
9;8;6;61;314;81;12;6;0.0;1021;119;W;261;4
8;7;12;37;315;75;13;6;0.0;1016;116;SSW;213;6
10;8;22;79;316;74;14;7;0.2;1009;176;SSW;197;12
12;11;23;82;317;83;15;11;21.7;1002;296;SE;146;14
8;6;13;94;318;82;9;8;3.5;1016;266;NNW;347;9
7;6;10;77;319;80;11;5;0.5;1025;122;ESE;118;7
8;8;8;69;320;81;12;5;1.6;1024;122;SW;221;5
8;7;8;61;321;84;11;6;1.9;1022;116;NNW;336;5
7;6;10;73;322;82;10;5;0.5;1018;176;NNW;327;6
6;5;9;67;323;74;8;3;1.1;1015;119;SSW;208;6
4;1;22;59;324;74;8;3;2.7;1018;296;WNW;296;14
4;1;18;88;325;72;7;2;1.3;1018;266;SSW;204;11
8;6;18;56;326;73;11;6;0.3;1017;116;SW;220;11
8;7;15;32;327;79;13;6;0.0;1020;119;SSW;197;8
8;7;13;43;328;80;12;6;0.0;1021;122;S;173;7
9;7;15;27;329;75;14;6;0.0;1018;116;S;180;9
8;6;14;86;330;77;10;7;10.1;1014;296;WNW;288;9
4;0;27;81;331;74;6;4;3.9;1019;317;NNW;349;19
2;0;11;20;332;70;5;0;0.0;1017;116;NW;317;7
3;1;12;38;333;59;8;0;0.0;1013;116;ESE;123;6
6;3;26;91;334;78;8;5;15.3;1005;302;S;183;15
4;2;13;69;335;79;6;3;0.2;1013;119;N;357;9
3;1;15;90;336;81;5;2;0.9;1017;266;NNW;339;10
1;-2;15;100;337;98;1;1;17.8;1019;338;WSW;237;10
0;-3;17;99;338;77;2;-1;1.5;1025;338;WSW;254;12
0;-3;14;84;339;90;1;-1;2.5;1029;119;WSW;244;9
2;-1;19;65;340;89;5;1;1.7;1030;119;WSW;248;10
2;0;14;13;341;79;6;0;0.0;1028;116;SSW;194;8
5;2;27;57;342;66;10;2;0.0;1019;122;SSW;192;15
6;3;33;95;343;74;10;4;23.7;1006;302;WSW;245;21
0;-5;28;47;344;76;2;-2;5.0;1014;116;SSW;206;17
6;2;47;53;345;68;9;4;10.6;1011;293;S;182;24
10;7;40;10;346;69;14;8;0.0;1014;116;S;188;20
6;4;17;82;347;88;7;5;4.7;1016;296;NW;311;10
4;1;25;46;348;86;7;1;19.0;1011;302;SSW;191;15
10;7;40;74;349;70;14;9;10.4;1005;263;S;181;23
7;4;27;76;350;75;9;6;8.6;1004;266;W;266;18
3;0;17;48;351;77;6;1;0.0;1016;122;NNW;349;11
1;-2;13;70;352;81;3;-1;0.2;1022;371;NNW;339;9
0;-3;13;42;353;70;2;-1;0.0;1029;122;NNW;335;9
-1;-3;8;62;354;69;1;-2;0.0;1033;122;SW;224;5
-2;-3;8;26;355;71;1;-3;0.0;1034;116;SW;234;5
-1;-3;10;74;356;83;1;-2;1.2;1030;326;WSW;254;6
0;-2;11;89;357;93;2;0;0.7;1027;326;SW;227;6
4;2;19;77;358;89;8;2;4.2;1025;122;W;261;11
4;3;12;36;359;79;9;2;0.0;1025;119;S;182;6
5;4;13;16;360;65;9;3;0.0;1018;116;SSW;200;6
8;5;28;43;361;71;12;5;0.2;1007;116;S;179;15
9;6;37;63;362;67;12;8;4.6;997;296;SSE;165;21
5;2;17;72;363;76;6;4;2.9;1007;119;W;276;11
1;-1;10;36;364;77;4;-1;0.0;1017;116;SW;215;6
2;-1;18;64;365;62;4;2;1.4;1019;293;SSW;195;10
