HeatIndexC;WindChillC;WindGustKmph;cloudcover;day;humidity;maxtemp;mintemp;precipMM;pressure;weatherCode;winddir16Point;winddirDegree;windspeed
24;24;13;4;244;46;32;20;0.0;1017;113;S;174;7
22;23;6;1;245;52;31;19;0.0;1020;113;ENE;69;4
22;22;8;1;246;49;31;18;0.0;1018;113;SSE;157;5
22;22;9;6;247;49;30;19;0.0;1016;113;NW;311;5
23;23;7;7;248;47;31;20;0.0;1014;113;W;281;4
23;23;16;36;249;45;30;21;1.1;1014;116;NNW;332;10
17;17;15;5;250;50;24;14;0.0;1021;113;NNW;339;10
18;19;8;19;251;52;27;16;0.0;1020;113;WNW;296;6
20;20;11;9;252;53;28;18;0.0;1019;113;SW;232;7
21;21;10;4;253;47;30;17;0.0;1020;113;SSE;169;6
22;22;15;7;254;45;30;19;0.0;1018;113;SSE;164;9
20;21;15;11;255;50;28;17;0.8;1012;113;S;175;9
21;21;17;22;256;39;30;17;0.0;1006;116;S;169;11
21;21;8;20;257;58;29;16;0.0;1009;113;WNW;301;5
17;17;12;55;258;75;18;16;2.1;1012;353;W;275;8
18;17;9;49;259;65;23;13;0.0;1016;116;N;349;6
20;20;7;51;260;63;26;16;0.1;1016;116;SW;231;4
21;21;6;28;261;58;29;17;0.0;1015;116;SSW;205;4
21;21;15;17;262;52;29;17;1.0;1011;113;S;187;9
12;11;18;78;263;87;14;10;17.7;1016;302;NW;321;13
12;11;19;30;264;66;17;9;0.3;1021;116;NNW;341;13
13;13;5;12;265;60;21;10;0.0;1018;116;SW;236;3
17;17;5;9;266;53;24;15;0.0;1018;113;W;267;3
21;21;17;9;267;54;29;17;0.0;1010;113;SSW;192;10
20;20;15;8;268;65;25;17;1.9;1009;113;WSW;258;10
21;21;15;3;269;48;28;17;0.0;1013;113;SSW;205;9
23;23;20;5;270;48;31;18;0.1;1016;113;SSW;203;12
21;21;13;27;271;62;26;19;0.3;1019;116;N;352;9
23;23;11;16;272;58;29;19;0.5;1018;113;SSW;207;6
25;24;15;15;273;54;31;21;0.0;1017;113;W;264;9
24;24;15;12;274;49;32;21;0.0;1018;113;S;175;9
22;22;10;32;275;60;27;18;8.3;1015;176;S;173;5
19;18;10;31;276;73;22;16;2.9;1017;113;W;279;7
16;15;4;3;277;66;22;13;0.0;1017;113;NW;308;2
16;16;9;5;278;60;22;14;0.0;1020;113;NW;317;5
17;17;10;1;279;48;25;13;0.0;1020;113;SSW;198;5
19;18;13;30;280;60;24;15;1.4;1014;116;SW;236;8
12;11;17;26;281;60;16;10;0.8;1019;113;NW;314;12
10;10;7;23;282;56;17;8;0.0;1015;116;SSW;214;4
12;12;9;35;283;52;18;9;1.4;1013;116;WNW;291;6
11;10;9;32;284;69;15;9;5.4;1015;113;NNW;327;6
12;12;9;54;285;63;17;9;1.2;1015;119;ESE;109;5
13;13;6;88;286;91;15;12;19.5;1014;266;W;277;4
13;13;10;62;287;90;16;12;6.6;1010;296;SSE;162;5
16;15;19;23;288;81;21;12;2.1;1011;116;SSE;167;11
16;15;23;29;289;85;22;13;6.4;1012;386;SSE;152;13
12;12;8;7;290;76;18;9;0.0;1022;113;S;183;4
14;13;11;5;291;54;22;9;0.0;1024;113;ESE;118;6
15;14;10;8;292;56;23;11;0.0;1023;113;ESE;124;5
15;15;8;12;293;59;23;11;0.0;1021;116;WSW;245;4
14;14;9;0;294;67;21;10;0.0;1022;113;W;272;5
13;13;9;0;295;68;20;9;0.0;1021;113;SW;236;5
12;12;7;9;296;69;19;9;0.0;1021;113;NW;317;4
11;11;6;5;297;77;17;7;0.0;1019;113;WNW;293;3
10;10;8;5;298;76;17;7;0.0;1014;113;WSW;242;4
10;10;11;17;299;75;16;6;0.0;1010;116;S;176;5
12;10;34;38;300;70;15;10;5.0;999;299;SSE;161;20
10;9;19;83;301;84;12;8;7.2;1000;296;NW;312;13
5;4;9;91;302;86;7;4;9.0;1007;296;W;281;7
3;0;15;64;303;81;5;1;0.6;1013;122;WSW;245;10
5;3;16;8;304;63;11;1;0.0;1015;113;ESE;122;8
9;7;29;41;305;76;13;7;2.6;1004;296;SE;136;15
12;11;17;31;306;85;17;8;0.9;1008;116;SSW;194;10
12;11;15;16;307;77;18;9;0.1;1015;116;S;171;8
13;12;21;16;308;69;19;9;0.0;1014;113;S;179;11
13;12;32;53;309;76;16;11;10.3;1005;353;S;169;18
9;8;12;27;310;76;12;6;2.6;1015;113;NNW;333;8
6;5;12;47;311;83;9;4;2.8;1025;116;WNW;304;6
7;6;9;52;312;80;11;4;0.0;1026;116;SSW;206;5
8;7;9;60;313;80;10;6;0.4;1020;263;W;261;5
7;6;15;12;314;78;13;3;0.0;1022;116;SSE;153;8
9;7;21;9;315;64;15;4;0.0;1021;113;SSE;157;11
9;9;7;18;316;61;15;6;0.0;1023;113;W;262;4
10;9;13;51;317;77;13;8;0.0;1027;122;NNW;344;9
6;5;9;62;318;91;9;4;0.1;1030;122;WNW;289;5
5;5;6;20;319;84;11;2;0.0;1028;113;NE;41;3
6;6;7;28;320;74;11;2;0.0;1025;116;SSE;161;4
7;6;10;15;321;77;12;3;0.0;1022;113;ESE;122;5
6;5;13;6;322;76;13;3;0.0;1019;113;SE;142;7
6;5;10;23;323;68;12;3;0.0;1020;116;NE;44;5
7;6;8;13;324;78;13;4;0.0;1022;113;SE;146;4
6;6;6;26;325;80;12;3;0.0;1023;116;S;170;3
6;5;6;20;326;80;10;2;0.0;1026;113;W;278;3
6;6;5;49;327;84;10;2;0.0;1025;119;W;279;3
6;6;5;55;328;87;10;5;0.1;1025;119;W;280;3
5;4;6;14;329;85;11;2;0.0;1023;116;SE;141;3
6;5;12;19;330;71;12;3;0.0;1020;116;SSE;149;6
7;6;17;7;331;72;12;4;0.0;1014;113;S;191;9
10;8;23;40;332;67;15;6;1.5;1008;266;SSE;156;13
11;9;37;25;333;74;16;9;2.4;998;113;S;172;21
9;8;19;55;334;78;14;7;4.0;1003;116;SSW;200;12
5;4;9;59;335;86;7;3;2.3;1012;263;NW;310;5
5;5;9;69;336;85;9;3;3.1;1010;263;ESE;111;5
2;-1;18;100;337;95;2;1;11.1;1007;332;WNW;284;13
0;-4;17;47;338;82;2;-4;0.2;1009;116;SSE;154;10
1;-1;10;92;339;94;2;1;11.5;1002;332;WNW;283;6
-1;-2;7;53;340;95;2;-2;0.0;1011;143;SSE;160;4
-2;-4;9;26;341;86;-1;-3;0.0;1016;113;WSW;247;6
-1;-6;25;73;342;85;1;-3;10.9;1012;338;NE;37;15
-4;-9;23;98;343;97;-4;-4;17.0;1012;338;NW;314;15
-9;-12;11;54;344;94;-6;-13;0.1;1014;143;SSE;152;6
-5;-9;17;68;345;89;-2;-6;3.2;1013;332;SW;234;9
-6;-11;21;100;346;97;-4;-7;8.8;1018;332;W;263;13
-9;-14;20;33;347;89;-6;-12;0.1;1027;113;SSE;153;10
-5;-10;26;28;348;79;-1;-8;0.0;1026;116;SE;143;13
-1;-5;32;64;349;89;1;-3;5.6;1019;296;SSE;154;17
0;-3;20;91;350;99;1;-1;3.6;1016;248;SSE;151;10
0;-1;12;39;351;92;3;-1;0.0;1015;248;SE;133;6
2;-1;18;43;352;88;4;0;0.9;1013;119;NNE;33;9
1;0;7;89;353;91;3;0;0.6;1019;143;WSW;245;4
0;-1;6;38;354;90;2;-2;0.0;1021;116;NW;319;4
0;-2;6;13;355;82;1;-2;0.0;1017;113;SE;144;4
-2;-3;7;22;356;76;0;-3;0.0;1022;113;NW;317;4
-2;-3;9;53;357;69;1;-5;0.1;1023;119;SE;135;5
2;-1;17;54;358;84;3;0;1.1;1022;122;SSE;165;9
4;1;20;15;359;80;6;2;0.0;1018;116;S;178;10
5;3;15;24;360;80;8;3;0.0;1017;113;SSW;199;8
4;2;14;56;361;92;6;3;2.4;1019;116;S;180;9
4;1;17;73;362;92;6;2;1.5;1018;296;NW;305;11
2;0;14;43;363;88;5;0;0.1;1031;119;SW;226;8
1;0;7;2;364;72;5;-1;0.0;1028;113;S;170;4
-1;-1;6;3;365;69;3;-2;0.0;1028;113;W;263;3
