HeatIndexC;WindChillC;WindGustKmph;cloudcover;day;humidity;maxtemp;mintemp;precipMM;pressure;weatherCode;winddir16Point;winddirDegree;windspeed
33;32;25;9;244;31;38;30;0.0;1013;113;S;184;16
31;31;15;12;245;37;36;29;0.0;1011;113;WNW;284;9
31;29;15;21;246;44;35;27;0.0;1012;116;NNW;337;9
29;28;18;16;247;47;34;25;2.1;1012;113;W;277;12
27;25;26;52;248;63;30;24;7.7;1011;263;SSW;214;17
19;19;27;48;249;59;23;17;8.0;1015;116;WNW;300;19
18;17;20;12;250;45;23;15;0.0;1021;113;NW;304;13
18;17;14;16;251;49;23;14;0.0;1021;116;WNW;281;9
19;19;10;7;252;40;24;16;0.0;1020;113;NW;312;5
16;15;21;82;253;69;17;16;11.3;1019;302;NE;55;14
18;17;12;87;254;75;22;15;1.7;1021;176;SW;229;8
21;19;8;56;255;67;25;17;0.1;1022;176;WNW;302;5
23;22;15;3;256;55;28;18;0.0;1020;113;SSW;192;9
24;23;26;9;257;53;30;19;0.0;1016;113;S;176;17
27;26;21;18;258;46;33;22;0.0;1015;113;S;185;14
27;26;24;5;259;48;33;23;0.9;1014;113;S;182;16
31;30;25;4;260;38;37;25;0.0;1013;113;SSW;200;16
32;31;17;2;261;35;38;27;0.0;1015;113;SSW;212;10
31;30;18;3;262;38;36;27;0.0;1014;113;WSW;239;12
26;25;18;31;263;55;30;24;0.4;1011;113;WSW;252;13
21;20;27;48;264;46;25;18;0.2;1013;116;N;354;20
23;22;15;47;265;47;28;20;0.0;1011;116;SE;141;9
24;24;17;15;266;49;30;20;0.0;1009;116;S;183;11
25;24;17;21;267;55;29;21;0.0;1010;116;NE;50;10
22;21;20;48;268;68;24;20;0.0;1012;116;SW;215;15
19;19;14;72;269;75;23;17;4.5;1015;353;W;265;10
15;15;22;87;270;78;18;14;0.4;1019;176;SW;236;15
13;12;15;91;271;86;16;12;7.7;1023;176;SW;219;10
14;14;14;80;272;76;16;14;2.0;1024;266;NNE;32;11
15;13;18;66;273;64;18;13;0.0;1027;122;ESE;109;13
16;15;15;13;274;56;21;12;0.0;1028;113;WSW;239;9
18;16;12;18;275;54;22;13;0.0;1028;116;SE;133;6
20;18;12;5;276;54;24;15;0.0;1024;113;S;179;7
20;19;13;17;277;53;26;17;0.0;1021;116;SW;219;8
19;18;13;43;278;73;24;16;10.0;1016;389;SW;222;8
19;18;9;14;279;71;22;15;0.0;1013;113;S;179;5
18;17;11;21;280;68;22;15;0.6;1011;116;SW;229;6
15;15;10;74;281;69;19;15;0.7;1018;176;W;259;7
14;14;10;71;282;84;17;14;3.8;1020;122;SSW;210;7
15;14;14;65;283;76;21;14;18.7;1016;296;ESE;121;9
13;11;27;81;284;85;15;12;13.5;1006;299;NE;38;17
10;8;20;91;285;85;10;9;16.6;1015;266;WSW;240;14
11;10;11;28;286;76;16;7;0.0;1020;116;ESE;104;6
12;11;17;57;287;77;16;10;4.7;1017;299;E;101;10
17;16;21;31;288;61;24;13;0.1;1017;119;S;172;13
17;16;19;54;289;70;23;14;6.0;1019;293;SSE;154;13
14;14;12;82;290;83;18;14;9.6;1019;353;SE;131;8
14;13;10;52;291;75;19;12;0.0;1019;119;WSW;238;5
12;11;22;83;292;83;14;12;33.9;1015;308;NE;37;14
10;8;21;91;293;87;11;10;0.6;1015;176;SW;231;15
9;8;11;34;294;76;12;6;0.0;1018;119;W;263;8
9;8;18;22;295;68;14;7;0.0;1016;116;NNE;25;11
10;8;18;7;296;67;15;6;0.0;1020;113;NNW;343;10
10;9;21;2;297;68;17;7;0.0;1023;113;SE;131;12
10;9;8;21;298;68;16;7;0.0;1024;119;W;275;4
11;10;9;8;299;69;16;8;0.0;1024;113;WSW;242;5
11;11;10;6;300;67;17;9;0.0;1024;113;SE;141;5
11;10;13;1;301;59;18;8;0.0;1022;113;E;85;6
10;9;13;17;302;45;17;7;0.0;1021;113;W;281;6
9;9;6;9;303;55;15;7;0.0;1028;113;WNW;282;3
9;9;9;0;304;68;15;6;0.0;1036;113;SW;215;5
7;7;7;0;305;52;13;4;0.0;1040;113;WSW;241;4
7;7;8;20;306;58;14;5;0.0;1034;116;NW;316;4
8;7;6;0;307;53;15;4;0.0;1029;113;NW;320;3
9;9;6;0;308;39;17;5;0.0;1023;113;NW;324;4
8;7;9;0;309;41;14;5;0.0;1022;113;WSW;257;5
7;6;8;0;310;63;14;5;0.0;1025;113;SW;230;5
7;7;11;23;311;67;13;5;0.0;1028;113;SW;228;6
11;11;13;75;312;66;16;9;0.1;1029;122;SW;230;8
12;11;17;34;313;82;18;9;0.2;1024;119;SW;217;9
12;11;20;70;314;82;14;11;0.2;1023;263;WSW;239;10
13;13;14;50;315;82;18;10;0.0;1023;119;WSW;241;8
12;12;12;11;316;85;18;11;0.0;1026;113;WSW;247;7
11;10;9;5;317;75;17;8;0.0;1027;113;SW;219;5
10;9;19;26;318;61;16;9;0.0;1027;119;NNW;331;12
9;8;21;55;319;49;13;7;0.8;1021;119;SSW;197;12
13;12;23;72;320;76;16;11;3.0;1016;122;WNW;294;14
12;12;19;32;321;68;18;9;0.0;1020;119;S;176;11
12;11;18;29;322;58;16;11;0.0;1020;116;SW;220;10
11;10;15;28;323;72;17;9;0.0;1021;119;SSE;154;8
11;10;27;36;324;72;15;9;0.0;1013;119;SW;228;15
14;12;50;74;325;65;17;12;7.2;993;353;SSW;196;33
7;5;18;87;326;84;13;6;7.3;999;176;SW;234;14
4;2;15;27;327;80;7;2;0.0;1021;113;SSE;161;9
5;2;20;76;328;71;8;5;2.3;1024;263;SE;132;15
3;2;10;47;329;81;7;1;0.0;1013;113;NNE;14;6
4;1;21;69;330;74;7;3;0.6;1007;176;NNW;338;14
3;0;17;49;331;87;6;1;1.9;1013;116;NNE;27;10
4;1;19;98;332;89;5;3;7.5;1010;317;WSW;244;14
3;0;22;59;333;82;5;3;0.9;1022;119;WNW;289;14
4;1;26;85;334;77;6;4;6.7;1023;296;SSW;205;17
8;5;30;95;335;86;10;7;9.6;1021;296;WSW;236;20
7;5;18;70;336;78;9;6;0.2;1029;122;W;269;11
6;6;9;49;337;93;10;6;0.0;1032;116;SW;229;5
6;6;10;13;338;85;11;4;0.0;1034;113;ESE;114;6
6;5;6;39;339;87;10;4;0.0;1036;116;SW;227;4
4;4;4;2;340;87;9;2;0.0;1034;113;SSE;163;3
4;4;7;14;341;87;9;2;0.0;1036;113;WNW;299;4
3;2;7;76;342;90;7;0;0.0;1037;122;E;88;3
4;3;7;41;343;76;8;2;0.0;1034;113;NNW;333;4
4;3;9;66;344;86;7;3;0.2;1035;119;SW;234;6
3;2;7;54;345;88;6;1;0.0;1033;122;WSW;237;5
3;1;11;70;346;89;7;1;0.0;1028;119;SSW;213;6
3;2;11;15;347;71;8;2;0.0;1024;113;SSE;158;5
2;1;8;16;348;71;6;0;0.0;1027;113;NE;35;4
2;1;9;53;349;70;7;1;0.0;1029;122;SSE;151;4
1;0;7;41;350;76;4;0;0.0;1032;116;NNW;341;4
0;-1;6;1;351;80;5;-2;0.0;1034;113;ESE;103;3
1;0;5;78;352;76;6;0;0.0;1030;122;WSW;251;3
2;1;6;56;353;76;5;1;0.8;1030;263;WNW;296;4
5;4;5;31;354;91;7;4;0.2;1032;116;NNE;31;3
4;2;12;9;355;82;9;3;0.0;1031;113;SSW;207;6
4;2;13;14;356;83;8;2;0.0;1034;113;SSW;201;6
5;5;9;5;357;80;12;3;0.0;1032;113;NE;56;4
4;3;11;3;358;87;8;3;0.0;1032;113;SW;214;6
4;3;5;57;359;89;8;4;0.1;1034;122;W;266;3
4;4;5;49;360;92;9;2;0.0;1035;116;WSW;241;3
6;6;6;4;361;75;12;3;0.0;1033;113;NW;315;3
4;3;7;12;362;81;8;2;0.0;1031;113;W;264;4
2;0;14;20;363;83;5;1;0.0;1030;113;NNW;335;7
0;-2;11;72;364;78;3;-1;1.7;1035;326;ESE;106;8
-2;-4;12;0;365;52;1;-2;0.0;1034;113;SSW;200;8
