HeatIndexC;WindChillC;WindGustKmph;cloudcover;day;humidity;maxtemp;mintemp;precipMM;pressure;weatherCode;winddir16Point;winddirDegree;windspeed
21;21;6;8;244;57;30;20;0.0;1014;113;W;277;3
21;21;8;45;245;67;27;17;4.9;1014;176;WSW;257;5
21;21;9;11;246;62;29;19;0.0;1016;113;NW;316;5
23;23;12;3;247;51;31;19;0.0;1016;113;E;93;6
24;24;15;12;248;53;32;20;2.7;1014;113;SSW;199;9
21;21;11;63;249;80;24;19;10.8;1018;356;W;275;7
20;20;12;7;250;59;26;18;0.0;1015;113;NNW;330;7
19;19;13;42;251;59;24;17;0.0;1012;116;NNW;333;8
18;17;13;42;252;68;22;16;0.7;1014;116;WNW;291;8
19;19;8;10;253;63;27;16;0.0;1018;113;E;94;4
22;23;11;5;254;54;31;19;0.0;1017;113;SW;227;6
23;23;15;3;255;55;31;20;0.0;1014;113;WSW;247;9
21;21;8;6;256;59;29;20;0.0;1015;113;NW;322;5
22;22;10;1;257;46;31;20;0.0;1015;113;SSE;152;5
22;22;13;11;258;49;29;20;0.0;1016;113;NW;326;8
19;19;14;15;259;47;26;17;0.0;1019;113;SW;226;8
20;20;11;8;260;47;28;18;0.0;1017;113;SE;142;6
22;22;21;6;261;56;30;18;0.2;1011;113;SSE;164;12
22;22;26;7;262;53;29;19;1.6;1009;113;SSE;155;15
17;17;12;62;263;86;19;17;11.4;1014;299;S;189;6
19;18;10;19;264;68;24;16;0.0;1016;116;S;188;6
18;18;9;20;265;79;25;16;0.0;1016;113;W;266;5
18;17;8;8;266;71;24;16;0.0;1016;113;W;280;5
17;17;8;6;267;65;23;16;0.0;1017;113;NNW;345;5
18;17;8;7;268;62;25;14;0.0;1022;113;W;260;4
19;19;8;17;269;61;26;16;0.0;1025;116;W;267;4
19;19;9;8;270;62;25;17;0.0;1027;113;SSW;196;5
18;18;14;1;271;57;25;16;0.0;1026;113;WSW;239;8
15;15;19;4;272;54;22;11;0.0;1025;113;N;350;12
17;17;15;12;273;66;23;14;0.0;1025;113;N;352;9
17;17;12;2;274;63;24;15;0.0;1024;113;NNW;338;7
17;16;15;1;275;61;23;14;0.0;1022;113;N;350;9
14;14;8;0;276;54;22;12;0.0;1023;113;NW;319;5
16;15;5;1;277;53;24;13;0.0;1021;113;WNW;299;3
16;16;7;6;278;65;24;14;0.0;1021;113;W;262;4
18;17;8;7;279;65;24;15;0.0;1018;113;SW;225;4
16;16;22;15;280;60;24;14;0.0;1009;113;WSW;239;13
10;9;11;98;281;77;12;9;12.5;1011;266;W;259;8
9;8;16;49;282;73;14;7;1.3;1012;353;WSW;242;10
8;7;17;11;283;69;14;6;0.0;1018;113;N;350;10
9;8;12;81;284;80;11;8;1.1;1019;266;SSW;203;8
13;12;16;79;285;87;18;11;6.2;1016;353;W;278;9
11;11;11;41;286;67;15;10;0.9;1020;263;NNW;343;6
8;6;19;12;287;63;13;6;0.1;1027;113;N;7;12
6;3;21;18;288;65;11;3;0.0;1029;116;WSW;239;13
5;2;19;4;289;60;11;1;0.0;1030;113;NE;47;12
4;2;15;8;290;50;10;0;0.0;1027;113;SE;137;8
4;3;9;1;291;49;11;2;0.0;1024;113;WSW;240;5
8;6;14;1;292;42;16;4;0.0;1021;113;S;171;8
11;11;15;31;293;49;19;9;0.0;1020;116;WSW;256;8
8;7;11;81;294;88;10;7;9.8;1024;302;NNW;339;7
7;6;9;70;295;91;9;5;5.4;1026;296;NNW;330;6
10;10;8;43;296;81;15;9;0.9;1024;116;NE;49;4
10;9;15;39;297;70;15;9;0.0;1022;116;SE;138;8
10;8;20;31;298;67;16;6;0.0;1021;116;SSE;147;12
9;8;18;9;299;66;17;6;0.0;1023;113;SE;137;10
8;7;13;10;300;61;16;5;0.0;1027;113;SE;140;7
7;6;9;22;301;55;15;3;0.0;1029;113;NE;48;5
7;6;8;10;302;65;14;3;0.0;1029;113;WNW;284;4
7;6;9;11;303;62;14;3;0.0;1026;113;WNW;287;5
7;7;8;24;304;59;14;4;0.0;1024;113;NW;310;4
7;7;7;3;305;59;15;4;0.0;1023;113;SW;227;4
8;7;8;2;306;65;15;5;0.0;1023;113;SE;136;4
8;7;12;0;307;69;16;5;0.0;1021;113;SE;138;6
9;7;16;28;308;61;16;5;0.0;1019;116;S;169;8
10;8;16;25;309;48;17;7;0.0;1020;116;SSE;161;8
9;8;15;3;310;56;17;5;0.0;1023;113;SE;144;8
9;8;13;28;311;63;15;5;0.0;1028;116;SSE;156;7
8;7;11;7;312;74;15;5;0.0;1028;113;ESE;109;5
8;7;10;4;313;74;15;4;0.0;1023;113;NNW;335;5
6;5;10;14;314;79;12;4;0.0;1021;116;NW;322;6
4;4;7;16;315;73;10;3;0.0;1029;113;S;183;4
2;1;9;4;316;70;7;-1;0.0;1036;113;NW;324;5
1;0;6;6;317;57;7;-2;0.0;1036;113;WNW;287;3
1;0;6;17;318;60;7;-2;0.0;1031;113;WNW;300;4
1;0;9;15;319;65;8;-1;0.0;1024;113;SW;226;5
1;-1;10;10;320;70;7;-2;0.0;1025;113;NNW;332;5
0;0;6;8;321;76;7;-2;0.0;1028;113;W;267;4
0;0;5;9;322;76;7;-3;0.0;1027;113;NNW;330;3
0;-1;8;8;323;75;6;-3;0.0;1026;113;ESE;122;4
-2;-4;9;12;324;80;4;-4;0.0;1027;113;NNW;342;5
-1;-2;5;25;325;75;6;-5;0.0;1026;113;SSW;208;3
0;0;7;26;326;61;7;-1;0.0;1023;113;SW;219;4
3;2;8;26;327;48;9;0;0.0;1026;116;WSW;255;4
-1;-2;9;32;328;52;4;-3;0.0;1036;116;NW;322;5
-2;-3;8;0;329;66;4;-5;0.0;1034;113;NNW;345;4
-3;-4;8;7;330;79;3;-6;0.0;1031;113;WNW;292;4
-2;-5;13;11;331;79;3;-5;0.0;1030;113;S;183;7
-1;-2;9;17;332;78;5;-3;0.0;1030;119;SSW;212;5
0;-1;8;2;333;71;7;-4;0.0;1031;113;ENE;64;4
-1;-1;6;2;334;70;7;-4;0.0;1029;113;WNW;302;3
-2;-3;4;8;335;80;3;-5;0.0;1029;113;WNW;299;2
1;-1;12;16;336;65;7;-4;0.0;1024;113;S;179;6
5;3;19;40;337;69;11;2;0.0;1020;116;SSW;192;9
7;5;30;42;338;68;13;4;0.3;1016;116;S;190;15
9;6;32;64;339;82;12;8;18.0;1008;308;SW;224;18
4;2;10;56;340;79;6;3;1.0;1013;116;WNW;283;6
2;0;17;22;341;63;7;-1;0.2;1016;113;SSW;198;8
3;-1;30;62;342;84;5;2;6.3;1019;296;W;259;18
1;-2;22;18;343;80;6;-1;0.0;1024;116;SSE;154;12
5;1;27;77;344;62;7;3;3.5;1019;296;S;191;14
7;6;9;77;345;92;8;6;4.3;1021;296;E;89;5
7;5;23;71;346;81;11;5;0.1;1019;119;SSE;159;12
6;4;19;53;347;88;9;5;0.2;1018;119;SSW;213;10
6;5;15;23;348;85;11;3;0.0;1019;116;S;181;8
7;5;21;73;349;75;9;5;13.2;1015;266;SSE;165;12
6;3;32;71;350;83;8;5;9.3;1006;263;S;185;19
4;1;22;62;351;79;6;3;5.9;1013;116;SSE;155;13
2;-1;17;38;352;85;4;1;0.1;1014;122;SSW;200;11
2;-1;17;65;353;71;4;1;1.1;1016;266;ENE;69;9
1;-1;12;98;354;89;2;0;3.9;1013;332;WNW;297;8
-1;-3;12;53;355;81;1;-2;0.2;1017;113;SSW;210;8
-1;-3;13;39;356;68;3;-2;0.0;1021;116;SE;129;7
-1;-3;8;7;357;75;1;-2;0.0;1025;113;WNW;299;5
-2;-3;8;40;358;73;1;-4;0.6;1023;116;SSW;209;4
0;-2;11;87;359;91;2;-1;0.9;1029;326;WNW;293;7
-2;-3;6;7;360;91;2;-3;0.0;1039;113;WSW;250;3
-4;-4;6;7;361;87;1;-6;0.0;1039;113;NNW;339;3
-2;-3;9;19;362;92;2;-3;0.0;1034;143;NW;322;5
-1;-1;7;77;363;91;3;-2;0.2;1024;143;NW;311;4
-1;-4;13;82;364;90;1;-2;1.7;1015;122;SE;144;8
-1;-3;10;55;365;89;2;-2;0.0;1018;119;W;266;5
