HeatIndexC;WindChillC;WindGustKmph;cloudcover;day;humidity;maxtemp;mintemp;precipMM;pressure;weatherCode;winddir16Point;winddirDegree;windspeed
20;20;9;20;244;58;28;19;1.2;1018;113;W;276;6
17;16;14;25;245;64;23;15;0.4;1021;116;NW;304;9
13;12;13;68;246;78;19;12;7.3;1021;353;S;177;8
16;16;10;2;247;70;24;14;0.0;1023;113;NNW;332;6
17;17;9;18;248;55;26;18;0.0;1019;116;WSW;241;6
17;16;13;2;249;52;24;15;0.0;1016;113;NNW;347;8
16;16;12;0;250;52;25;15;0.0;1019;113;NNW;348;7
17;17;7;0;251;49;27;17;0.0;1021;113;WNW;302;4
18;18;14;43;252;61;27;17;3.1;1019;296;WSW;257;9
19;19;8;20;253;74;26;16;0.0;1017;113;SSW;193;5
21;20;13;44;254;71;27;19;4.0;1014;176;SW;228;9
18;18;8;59;255;80;24;17;6.5;1013;353;SW;219;5
17;16;13;33;256;64;23;14;0.0;1016;116;NW;309;9
11;11;14;77;257;87;14;11;12.8;1017;302;SSW;203;9
16;16;11;41;258;76;24;12;0.0;1013;116;SSW;202;6
19;19;11;20;259;59;27;17;0.0;1007;113;SSW;193;6
17;16;21;48;260;70;26;17;18.3;1001;302;SSW;195;14
12;11;16;39;261;69;19;9;0.0;1006;116;WSW;241;10
12;11;15;64;262;76;14;13;6.4;1009;302;SW;231;10
12;12;10;19;263;69;19;9;0.0;1016;113;WNW;286;6
14;14;14;46;264;71;21;13;4.3;1019;353;WNW;302;9
13;13;12;7;265;67;20;11;0.0;1023;113;N;351;8
14;13;17;59;266;73;19;11;0.5;1018;266;W;274;10
17;16;17;55;267;74;22;14;0.1;1014;119;WNW;294;11
17;16;9;5;268;65;24;14;0.0;1014;113;SW;225;5
19;18;15;27;269;65;25;16;1.9;1012;116;WSW;248;10
14;14;10;33;270;69;19;13;0.0;1016;116;NNW;328;7
14;14;7;34;271;55;20;14;0.2;1016;113;NW;311;4
13;12;10;74;272;74;15;13;17.4;1014;302;NE;42;6
11;10;13;98;273;95;12;11;51.0;1009;308;ENE;57;9
11;11;5;99;274;94;12;11;13.8;1010;296;NNE;11;4
8;7;11;93;275;86;10;7;8.6;1018;296;NE;36;8
6;4;13;12;276;67;11;3;0.0;1028;113;NNW;349;8
5;4;10;0;277;56;12;3;0.0;1031;113;NNW;349;6
8;7;9;0;278;54;17;4;0.0;1027;113;ENE;77;5
9;9;9;34;279;54;19;6;0.0;1025;119;ENE;57;5
11;10;9;22;280;54;20;8;0.0;1026;113;SE;138;5
13;12;9;20;281;55;23;10;0.0;1026;113;E;90;5
11;11;10;46;282;65;15;11;0.0;1021;116;ESE;107;5
15;14;15;49;283;74;21;12;2.0;1015;116;S;184;9
17;16;20;11;284;67;25;13;0.0;1017;113;SE;144;11
19;18;16;14;285;68;27;15;0.0;1021;113;SSE;156;9
18;17;10;22;286;77;24;16;2.3;1021;113;SW;223;6
17;17;6;22;287;79;24;15;1.7;1020;176;WNW;295;3
16;16;13;29;288;83;21;14;9.4;1016;353;SSW;212;8
13;12;15;86;289;86;16;11;23.1;1006;302;SSW;210;10
11;10;14;72;290;90;16;10;3.8;1011;266;NNW;326;10
10;9;14;45;291;85;15;8;1.0;1017;353;W;277;9
9;9;8;6;292;78;16;7;0.0;1025;113;E;90;4
12;11;19;11;293;66;20;9;0.0;1025;116;S;184;10
14;13;15;30;294;67;21;11;0.3;1023;353;SSW;204;8
16;16;11;20;295;72;23;13;0.0;1022;113;SE;129;5
18;17;23;11;296;69;24;14;0.0;1021;113;SSE;162;13
17;17;16;9;297;70;24;14;0.0;1022;113;S;191;9
16;16;9;4;298;67;24;14;0.0;1023;113;SSW;199;5
16;15;12;4;299;62;23;13;0.0;1022;113;SSW;195;6
16;16;15;2;300;54;23;13;0.0;1019;113;S;186;8
16;15;10;14;301;72;22;13;0.0;1018;113;SSW;204;5
16;16;13;5;302;69;24;14;0.0;1016;113;SSW;192;7
17;17;14;3;303;66;25;15;0.0;1018;113;SSE;156;7
13;12;9;15;304;82;18;11;0.0;1025;113;NW;306;5
13;12;9;6;305;79;20;10;0.0;1024;113;S;191;5
13;12;17;12;306;74;20;10;0.0;1018;113;S;190;9
16;15;24;47;307;65;22;13;1.8;1012;116;S;178;14
14;14;19;34;308;70;19;11;0.6;1010;116;SSE;159;11
16;15;29;46;309;73;22;13;3.1;1000;353;SSE;160;17
10;9;14;50;310;78;12;8;14.6;1007;293;WSW;257;9
10;8;16;40;311;75;14;8;0.9;1017;263;S;189;9
12;12;15;8;312;69;20;10;0.0;1018;113;S;187;8
13;12;17;6;313;69;20;10;0.0;1015;113;SSW;193;9
12;11;17;48;314;78;16;10;1.0;1010;122;SSE;160;9
13;12;18;21;315;80;18;12;0.9;1012;176;NNE;14;10
11;11;8;38;316;84;16;8;0.0;1023;116;NNW;337;4
10;10;11;33;317;83;16;8;0.0;1023;116;WSW;237;6
9;9;10;28;318;85;14;8;0.0;1021;116;NNW;327;6
7;7;7;16;319;78;13;5;0.0;1024;113;SE;133;4
6;6;6;9;320;81;12;4;0.0;1028;113;NW;309;4
7;6;8;25;321;81;12;5;0.0;1025;116;NNW;333;4
7;6;11;16;322;76;13;3;0.0;1021;116;SE;145;5
8;6;21;22;323;71;15;5;0.3;1015;116;SE;144;12
10;8;29;28;324;72;16;7;0.6;1007;116;SSE;155;17
10;9;17;40;325;80;16;6;3.3;1005;116;SE;133;10
10;9;14;26;326;78;15;9;2.3;1006;113;SE;139;8
10;10;15;43;327;70;16;8;4.9;1006;263;ESE;119;8
10;9;10;46;328;86;13;9;9.2;1006;113;WSW;240;8
5;2;17;97;329;93;8;3;8.0;1008;317;WNW;285;13
1;-4;26;75;330;83;3;0;0.8;1018;326;N;5;18
3;1;13;68;331;82;6;2;1.9;1025;263;SW;217;8
1;-2;12;65;332;89;2;0;0.2;1030;119;SW;231;8
0;-3;15;88;333;94;2;0;1.5;1024;326;SW;221;11
1;-1;11;23;334;87;5;0;0.0;1021;113;ESE;121;6
1;-1;14;23;335;82;5;-1;0.0;1026;116;WSW;238;7
1;-2;21;5;336;84;5;0;0.0;1030;113;SW;225;11
0;-1;9;5;337;80;5;-1;0.0;1035;113;WSW;245;5
0;-1;5;15;338;79;5;-2;0.0;1027;116;WNW;300;3
0;-3;13;26;339;73;3;-1;0.0;1024;119;SW;221;9
0;-4;21;39;340;79;3;-2;0.8;1016;323;WSW;242;12
1;-5;36;44;341;75;3;0;2.1;1021;368;WNW;290;25
1;-2;17;92;342;86;4;1;1.7;1028;122;W;264;10
2;-2;25;91;343;93;4;1;12.8;1025;302;SW;231;14
-2;-6;22;23;344;87;-1;-3;0.6;1035;113;SE;125;13
0;-1;6;10;345;64;2;-1;0.0;1039;113;WSW;251;4
-1;-2;9;5;346;60;2;-2;0.0;1034;113;NNW;335;6
0;-1;7;70;347;87;2;-1;0.0;1028;119;NNW;336;5
-2;-3;6;25;348;88;0;-2;0.0;1029;116;NNW;333;4
-1;-3;8;72;349;86;1;-1;0.7;1034;119;SW;223;5
-1;-1;4;33;350;89;2;-2;0.1;1037;113;NNW;344;3
-2;-3;5;1;351;85;3;-5;0.0;1037;113;NE;36;3
-1;-2;6;0;352;61;3;-3;0.0;1031;113;NNE;28;3
-1;-2;6;23;353;61;3;-4;0.0;1024;116;SSW;194;3
-2;-3;9;5;354;43;3;-4;0.0;1028;113;SW;230;4
0;-1;7;11;355;66;3;-1;0.0;1036;113;WSW;246;4
1;-1;13;13;356;70;6;-1;0.0;1033;116;SSE;157;6
2;1;8;22;357;70;7;0;0.0;1028;116;SW;223;4
3;0;17;15;358;71;8;2;0.0;1024;113;SE;145;8
3;-1;26;9;359;67;7;1;0.0;1017;113;SSE;165;13
5;1;33;34;360;77;10;3;0.0;1010;116;SE;140;16
6;5;13;49;361;82;10;4;0.0;1012;119;ENE;68;6
5;4;10;11;362;85;10;2;0.0;1017;113;S;178;5
4;3;10;3;363;74;10;2;0.0;1019;113;WSW;257;5
3;2;10;24;364;89;6;1;0.0;1025;116;NW;309;5
3;2;6;71;365;81;7;1;0.0;1026;119;SE;131;3
