HeatIndexC;WindChillC;WindGustKmph;cloudcover;day;humidity;maxtemp;mintemp;precipMM;pressure;weatherCode;winddir16Point;winddirDegree;windspeed
19;19;10;6;244;45;29;12;0.0;1021;113;SW;222;6
21;21;12;2;245;41;30;13;0.0;1016;113;SW;221;7
22;22;10;4;246;40;32;15;0.0;1012;113;SSW;191;6
25;25;15;22;247;43;32;19;0.7;1010;176;SSW;214;9
20;19;18;25;248;60;22;17;2.5;1014;176;NW;324;12
17;17;19;9;249;49;24;11;0.0;1019;113;NNW;342;13
18;17;22;12;250;47;25;11;0.0;1021;113;N;10;14
17;16;19;26;251;56;24;12;0.7;1022;266;NE;38;13
19;19;10;23;252;62;28;12;0.0;1021;116;ESE;123;5
21;21;14;23;253;45;29;16;0.1;1020;113;NE;49;9
21;21;15;40;254;54;28;15;0.4;1017;116;NE;50;9
21;21;11;30;255;41;30;16;0.0;1015;200;NE;50;6
20;21;12;23;256;41;27;15;0.0;1013;116;SSW;194;8
20;20;14;37;257;55;26;16;0.3;1015;200;SE;129;8
21;21;15;20;258;54;29;15;0.7;1017;176;SE;137;8
22;22;18;10;259;49;30;16;0.0;1017;113;SSE;151;11
22;21;17;46;260;51;26;19;0.5;1013;353;SE;126;10
20;20;9;40;261;61;27;14;0.3;1015;116;WSW;257;5
19;19;8;12;262;62;28;12;0.0;1018;113;W;262;4
19;18;11;12;263;63;27;13;0.0;1019;116;S;171;6
18;18;12;7;264;52;26;12;0.0;1022;113;WSW;259;6
18;18;9;4;265;51;27;11;0.0;1024;113;WNW;299;5
19;19;9;7;266;52;28;13;0.0;1025;113;W;272;5
20;20;11;4;267;47;28;14;0.0;1021;113;WSW;252;6
19;19;14;7;268;49;27;11;0.0;1018;113;S;184;9
19;18;14;5;269;46;25;12;0.0;1023;113;WSW;249;8
17;17;8;3;270;55;27;10;0.0;1026;113;SW;215;4
18;18;10;17;271;53;26;12;0.0;1023;116;WSW;241;5
18;17;14;19;272;52;25;11;0.0;1017;116;W;265;9
16;16;13;27;273;61;22;11;0.0;1016;116;WNW;282;9
18;17;17;15;274;59;26;12;0.0;1014;113;S;186;10
16;16;10;45;275;65;21;12;3.5;1013;353;NW;323;6
15;14;15;26;276;43;20;12;0.3;1015;116;S;177;9
14;13;8;3;277;59;22;8;0.0;1016;113;WSW;241;5
15;14;8;3;278;66;23;7;0.0;1019;113;WSW;259;5
17;16;15;13;279;55;25;11;0.0;1020;116;SSW;211;9
19;18;12;16;280;58;26;14;0.0;1020;116;SW;218;6
20;20;15;6;281;57;28;15;0.0;1017;116;S;185;9
20;20;15;9;282;59;26;15;0.0;1016;113;WSW;255;9
19;19;15;21;283;62;27;13;0.0;1016;116;SSE;147;9
17;16;19;31;284;69;21;14;4.8;1013;353;SW;229;13
13;12;13;64;285;80;18;8;0.4;1007;119;SE;126;8
7;4;34;92;286;95;11;2;78.4;1000;308;NW;318;21
3;-1;26;95;287;96;4;2;17.8;1011;320;W;263;16
4;0;26;89;288;84;6;3;7.1;1018;332;SW;233;16
3;2;10;12;289;75;8;1;0.0;1020;113;WSW;256;6
3;2;10;28;290;75;10;-2;0.0;1017;116;W;273;6
3;2;13;75;291;84;6;1;7.2;1017;296;E;99;7
5;3;14;91;292;97;6;4;29.3;1016;302;W;266;9
6;4;12;84;293;91;8;3;1.2;1017;266;SW;221;7
7;5;16;10;294;78;14;2;0.0;1019;113;S;177;9
12;10;31;31;295;72;18;8;0.6;1015;116;SSE;157;17
15;14;28;45;296;76;20;13;7.7;1011;293;SSE;166;16
14;14;14;28;297;83;20;12;0.2;1010;116;S;189;7
12;12;7;39;298;90;18;9;0.1;1017;143;WNW;288;4
12;12;10;29;299;82;20;8;0.0;1019;119;SE;129;5
12;11;9;67;300;89;14;11;5.5;1018;296;W;262;5
9;9;12;45;301;87;14;6;0.0;1019;248;W;271;6
8;8;10;45;302;82;13;5;0.1;1019;143;SW;225;6
7;5;21;29;303;71;11;5;0.3;1024;113;W;268;14
4;2;15;3;304;76;10;1;0.0;1028;113;WSW;255;9
2;0;11;3;305;76;7;-2;0.0;1026;113;NNW;337;6
2;-1;21;1;306;68;8;-1;0.0;1018;113;SSE;149;12
2;-2;23;60;307;60;5;0;3.1;1006;296;ESE;108;15
4;2;12;59;308;81;9;3;3.6;1004;263;S;183;7
6;4;20;69;309;81;9;4;16.8;1007;116;SE;142;12
8;7;18;73;310;87;11;7;22.0;1006;116;SE;144;10
11;9;23;86;311;93;12;10;27.0;1008;302;S;177;12
13;12;16;71;312;92;17;11;32.4;1004;305;SE;129;9
12;11;23;63;313;91;14;10;19.1;1007;356;SSE;157;13
11;10;14;87;314;93;12;9;21.6;1004;308;ESE;116;8
7;4;27;100;315;93;8;5;14.6;1002;296;SW;223;19
5;3;18;96;316;96;7;4;9.4;1011;296;W;268;12
6;5;14;27;317;87;11;4;0.2;1020;116;SSW;201;8
8;6;15;18;318;81;13;6;0.0;1023;113;S;169;8
9;7;23;64;319;88;11;7;3.7;1018;296;WSW;241;13
8;7;15;56;320;93;11;6;10.7;1018;302;SSE;158;8
11;11;15;48;321;93;16;8;0.4;1019;143;SSW;198;8
12;11;19;29;322;92;16;9;2.7;1023;263;SW;226;10
11;11;8;13;323;91;15;8;0.2;1027;143;SW;228;4
9;8;9;0;324;84;15;6;0.0;1029;113;S;185;4
8;8;8;2;325;71;14;5;0.0;1028;113;SSW;201;4
6;5;12;6;326;79;12;3;0.0;1024;113;S;188;6
6;5;12;20;327;80;11;4;0.0;1019;119;W;264;6
6;4;12;29;328;81;9;3;0.0;1019;119;S;189;6
8;7;16;25;329;88;13;6;0.3;1020;116;SSW;209;8
9;7;23;19;330;77;14;7;0.0;1019;113;SSW;200;12
8;7;13;25;331;76;14;6;0.0;1017;116;S;181;6
9;7;24;43;332;84;13;6;1.7;1015;263;SSE;167;13
7;5;18;16;333;83;11;4;0.7;1019;143;SSE;161;10
9;6;39;6;334;73;14;6;0.0;1014;113;SSE;151;20
12;9;48;39;335;62;14;10;0.0;1010;116;SSE;155;27
9;8;16;83;336;86;12;7;14.9;1013;302;SSW;194;10
8;7;11;52;337;92;10;6;0.6;1013;143;NW;316;7
7;7;6;43;338;87;11;6;0.4;1010;116;ESE;117;4
6;5;9;44;339;90;9;3;0.1;1014;116;NNW;336;6
5;4;8;37;340;87;8;4;0.0;1020;119;WSW;256;4
3;3;7;26;341;84;9;1;0.0;1020;116;SSE;146;4
4;2;21;29;342;81;7;2;1.7;1017;263;SSE;155;11
6;4;16;90;343;85;7;5;2.7;1015;266;S;188;9
4;3;12;51;344;92;7;3;0.4;1022;143;NNW;326;7
3;2;8;75;345;93;5;0;0.6;1017;266;S;187;4
3;2;8;91;346;87;5;1;3.2;1015;296;NW;314;5
0;-1;8;88;347;84;3;-2;1.0;1018;326;NW;322;5
-1;-3;13;49;348;84;2;-4;0.3;1021;116;ENE;60;7
-1;-4;17;99;349;94;0;-2;20.8;1013;338;NNE;28;10
-1;-3;9;100;350;97;0;-2;6.6;1007;332;SW;230;5
-4;-7;11;90;351;98;-3;-5;6.5;1007;332;WSW;239;7
-8;-12;12;90;352;97;-5;-9;2.0;1006;326;W;276;6
-9;-14;21;62;353;96;-4;-13;3.8;1005;143;E;96;12
-7;-12;19;95;354;97;-7;-8;9.9;1006;326;WSW;256;13
-11;-17;26;15;355;92;-5;-15;0.0;1019;119;SSE;165;13
-1;-7;46;78;356;95;1;-3;5.5;1015;296;SSE;159;23
5;0;58;42;357;96;9;2;8.8;1007;299;SSE;167;29
9;6;41;36;358;90;13;8;0.4;1010;116;SSE;159;22
12;9;51;56;359;87;15;11;11.8;1004;353;SSE;166;29
8;5;24;45;360;84;8;5;11.6;1011;176;WSW;244;15
3;1;18;78;361;86;4;2;17.0;1008;302;S;187;10
2;-2;20;71;362;93;4;0;6.8;1008;332;WSW;255;12
1;-1;11;8;363;79;6;-1;0.0;1011;113;SSW;192;5
4;1;34;72;364;86;7;2;8.9;1007;296;S;173;18
11;9;32;76;365;94;13;11;28.7;999;389;SW;223;18
