HeatIndexC;WindChillC;WindGustKmph;cloudcover;day;humidity;maxtemp;mintemp;precipMM;pressure;weatherCode;winddir16Point;winddirDegree;windspeed
13;11;24;78;244;85;16;11;13.2;1008;356;W;279;15
14;13;18;48;245;69;20;11;1.2;1015;116;W;281;12
17;16;10;24;246;61;23;14;0.0;1019;116;S;187;6
18;17;10;18;247;57;25;15;0.1;1018;113;SSW;212;6
15;15;12;28;248;70;21;14;3.4;1018;353;WNW;287;8
14;14;9;41;249;70;21;11;0.3;1018;116;NW;325;6
16;16;8;43;250;68;24;12;0.1;1016;116;W;263;4
21;20;14;34;251;52;29;17;0.0;1012;116;SSW;200;8
21;21;14;40;252;61;29;18;5.2;1014;176;S;175;8
18;18;9;52;253;81;22;17;3.7;1016;293;E;97;6
17;17;10;72;254;86;21;16;4.4;1017;353;WNW;282;6
18;18;8;47;255;81;24;16;0.5;1018;176;NNW;333;5
18;17;8;49;256;78;24;15;0.2;1018;116;NW;326;5
18;17;10;6;257;69;25;16;0.0;1019;113;N;355;6
18;17;6;12;258;69;26;16;0.0;1018;113;SW;232;4
19;19;12;15;259;60;27;17;0.0;1013;116;WSW;255;7
20;20;14;53;260;64;28;18;1.9;1013;263;W;262;9
17;17;11;48;261;80;21;18;1.4;1015;116;NW;325;7
16;15;15;55;262;81;22;14;9.5;1013;263;NNW;329;11
12;12;15;26;263;77;18;9;1.5;1019;113;NNW;347;10
13;13;10;5;264;71;21;12;0.0;1022;113;SW;218;6
15;14;12;0;265;68;23;13;0.0;1023;113;SW;234;7
17;16;8;0;266;62;26;14;0.0;1021;113;SE;134;4
17;16;17;8;267;53;25;13;0.0;1014;116;SSE;156;9
18;17;23;36;268;63;25;15;1.2;1005;116;SSE;151;13
16;16;23;55;269;88;20;16;13.1;1002;302;SSE;153;13
15;14;8;25;270;74;23;11;0.2;1011;113;SSW;202;5
15;15;13;15;271;70;22;13;0.2;1012;116;W;262;8
12;12;14;33;272;74;18;10;0.0;1014;116;WNW;301;9
10;8;15;33;273;70;16;8;0.1;1016;116;WNW;285;10
9;9;6;18;274;65;16;7;0.0;1018;113;WNW;291;4
9;9;9;9;275;63;17;8;0.0;1021;113;SW;226;5
10;9;12;38;276;72;16;8;5.4;1019;113;SSW;197;7
12;11;17;38;277;71;19;8;1.2;1020;266;SSE;148;10
10;9;15;86;278;88;12;9;20.3;1018;302;SE;125;10
13;13;9;40;279;68;20;11;0.0;1019;116;SE;138;5
10;10;9;48;280;81;16;8;1.0;1025;119;NW;312;5
9;8;11;29;281;56;15;8;0.1;1028;113;NE;43;7
7;6;14;7;282;57;14;5;0.0;1022;113;NNW;335;8
7;6;9;16;283;74;14;4;0.0;1015;113;NW;315;5
8;8;7;4;284;71;16;6;0.0;1015;113;NW;311;4
10;9;10;6;285;65;19;7;0.0;1015;113;SW;222;5
10;10;13;6;286;61;19;8;0.0;1014;113;ESE;123;7
11;10;10;33;287;66;18;8;0.0;1011;116;WNW;284;6
9;9;8;17;288;66;16;6;0.0;1010;113;WNW;288;4
9;9;6;88;289;81;12;8;7.3;1010;302;E;94;4
11;11;8;64;290;85;17;8;0.3;1012;119;ESE;123;4
13;13;11;62;291;74;20;9;0.0;1013;119;NE;43;6
12;11;12;88;292;91;13;10;14.6;1005;296;NE;41;7
9;7;12;95;293;94;10;8;10.7;1007;296;W;267;9
6;4;17;38;294;80;11;4;0.7;1023;116;WNW;287;10
5;3;13;6;295;57;13;2;0.0;1029;113;SSE;155;7
6;5;15;15;296;59;15;3;0.0;1022;116;S;191;8
9;8;19;20;297;65;17;5;0.0;1016;116;S;182;10
11;10;15;42;298;61;18;8;0.1;1012;119;SE;143;8
9;8;15;78;299;83;11;9;0.8;1018;266;NNW;329;11
4;1;23;6;300;72;9;2;0.0;1025;113;ESE;117;14
4;3;9;31;301;76;10;3;0.0;1026;116;WNW;301;5
2;1;6;8;302;68;9;0;0.0;1025;113;NW;320;3
4;3;10;12;303;63;14;1;0.0;1021;113;SSW;195;5
7;5;15;7;304;53;16;3;0.0;1020;113;SSW;200;8
9;7;18;13;305;51;18;5;0.0;1019;116;SSE;161;9
10;10;13;17;306;54;18;8;0.0;1017;122;SSE;167;6
10;10;14;18;307;55;18;8;0.0;1019;116;SSW;202;7
10;9;11;9;308;80;17;6;0.0;1028;113;SW;218;6
11;10;14;2;309;79;19;8;0.0;1026;113;SSW;208;8
10;10;9;1;310;84;18;7;0.0;1017;113;SSW;214;5
10;9;14;9;311;77;17;7;0.0;1009;113;SSE;168;7
13;12;32;36;312;72;17;10;2.8;996;263;SSE;161;18
14;13;25;53;313;83;17;11;13.8;991;302;SSE;158;14
13;12;34;50;314;92;15;12;13.9;998;302;S;175;18
11;10;18;6;315;86;15;9;0.7;1012;113;W;268;10
9;8;18;12;316;84;15;7;0.0;1010;113;SW;220;10
10;9;13;8;317;73;17;7;0.0;1013;113;SE;145;7
11;10;14;3;318;78;18;7;0.0;1015;113;S;187;7
12;11;15;2;319;76;19;9;0.0;1016;113;S;182;8
13;12;16;10;320;67;20;9;0.0;1013;113;SE;144;8
13;12;15;36;321;77;19;10;0.2;1009;116;S;176;8
11;10;19;24;322;82;16;8;0.4;1013;113;S;184;10
11;9;21;39;323;78;17;8;3.7;1018;116;SSE;165;11
9;8;13;42;324;85;14;6;2.0;1020;176;SE;125;6
8;6;22;21;325;78;14;5;0.0;1015;116;SE;129;11
9;7;28;52;326;82;13;7;7.0;1005;296;SE;137;16
8;6;15;51;327;90;12;5;3.3;998;353;SW;226;10
4;2;12;42;328;80;6;3;0.1;1005;116;WSW;259;8
2;0;13;34;329;76;7;-1;0.7;1010;116;ESE;104;6
5;3;16;66;330;87;7;4;9.3;1003;116;SE;124;10
2;-2;27;22;331;87;5;2;1.1;1007;119;SW;234;15
3;0;24;61;332;77;6;0;2.5;1010;296;E;87;12
8;5;31;53;333;88;10;8;4.3;1000;353;SW;232;19
3;1;13;69;334;76;4;3;0.6;1014;119;NE;47;8
6;3;21;63;335;88;9;3;22.9;1007;308;SE;140;12
7;5;19;62;336;93;11;5;12.2;1007;353;SSE;165;10
6;4;23;54;337;92;10;4;8.1;1010;353;S;173;12
3;1;17;70;338;91;4;2;0.0;1016;143;NNW;343;12
0;-3;13;42;339;86;2;-2;0.2;1021;116;SW;219;9
1;-3;29;45;340;80;6;-1;0.0;1015;116;SSE;165;15
6;3;31;82;341;86;9;5;2.8;1010;263;S;174;15
10;8;28;54;342;91;13;8;3.3;1011;353;S;184;14
9;6;37;72;343;92;12;5;15.2;1007;353;WSW;255;22
0;-4;24;49;344;82;2;-2;4.2;1017;119;NW;305;17
-4;-7;16;41;345;87;-2;-7;0.1;1020;143;SW;223;10
-1;-5;18;100;346;98;1;-2;10.5;1009;395;SW;221;12
-2;-5;19;98;347;99;0;-3;8.4;1008;332;W;267;12
-3;-6;12;100;348;98;-2;-4;9.8;1015;332;WSW;240;9
-4;-8;15;100;349;96;-2;-6;4.3;1019;326;SSW;205;11
-6;-9;10;69;350;93;-4;-10;0.6;1017;119;SE;130;5
-8;-10;8;71;351;94;-5;-9;0.8;1008;326;S;189;5
-6;-10;19;70;352;93;-2;-8;9.9;1003;338;E;101;10
-7;-13;22;47;353;94;-3;-10;0.3;1015;260;SSE;162;12
-3;-7;26;29;354;91;1;-6;1.1;1014;281;SSE;158;12
1;-2;17;67;355;97;3;-1;0.1;1015;248;S;183;8
4;2;23;83;356;99;6;2;0.4;1015;248;SSE;148;11
7;4;29;50;357;93;12;6;0.0;1012;116;SSE;151;14
8;6;30;42;358;87;12;8;1.9;1003;293;SSE;147;15
7;4;24;56;359;91;11;5;9.0;1000;296;SSW;202;14
1;-2;17;100;360;94;3;-1;12.4;1015;332;WNW;290;12
-2;-6;13;100;361;97;0;-4;8.7;1022;332;WNW;284;9
-7;-10;11;69;362;96;-5;-9;1.6;1025;260;SW;222;7
-8;-10;6;39;363;96;-4;-12;0.2;1027;260;SW;231;3
-12;-12;4;25;364;97;-5;-14;0.0;1029;260;NNW;338;2
-11;-12;6;22;365;90;-5;-14;0.0;1027;143;S;177;3
