HeatIndexC;WindChillC;WindGustKmph;cloudcover;day;humidity;maxtemp;mintemp;precipMM;pressure;weatherCode;winddir16Point;winddirDegree;windspeed
23;23;11;22;244;51;31;21;0.9;1009;113;SE;125;7
23;23;8;64;245;55;31;21;0.0;1009;119;SE;138;5
23;22;9;49;246;67;30;21;3.6;1011;266;ESE;107;6
23;22;13;40;247;70;30;20;3.1;1013;176;E;83;8
18;18;15;77;248;85;20;18;2.8;1015;266;ENE;65;9
17;17;13;49;249;87;20;18;4.7;1013;293;ENE;71;9
20;20;13;38;250;71;26;20;0.5;1013;176;NNE;19;8
21;21;9;31;251;70;28;20;0.0;1015;116;NNW;342;6
21;21;6;11;252;65;29;20;0.0;1016;113;NNW;338;4
22;22;8;19;253;60;29;21;0.1;1013;113;S;181;5
23;22;18;29;254;54;31;20;0.5;1011;113;SSE;166;11
21;21;15;42;255;59;27;21;1.6;1013;353;SSE;150;9
22;21;13;36;256;65;30;19;11.5;1015;356;SSW;206;7
21;20;9;52;257;73;27;19;11.4;1015;176;E;95;6
19;19;12;63;258;79;23;18;17.4;1016;266;ESE;102;8
18;17;9;61;259;83;24;17;9.7;1018;263;NE;52;6
19;18;6;17;260;67;24;16;1.1;1019;113;NE;54;4
18;17;9;8;261;58;26;15;0.0;1021;113;ENE;70;5
18;18;15;31;262;55;26;14;0.6;1021;116;S;177;9
19;18;12;66;263;66;24;17;3.8;1017;353;SSW;200;7
20;19;12;51;264;87;25;18;9.0;1013;356;SW;222;7
17;17;15;66;265;89;22;17;20.8;1009;353;NW;318;9
12;11;18;57;266;79;16;11;1.9;1014;353;WNW;298;12
13;12;9;12;267;67;18;10;0.0;1020;113;NNE;12;6
13;13;7;39;268;66;19;10;0.0;1017;119;WSW;254;4
14;13;13;59;269;80;17;12;4.1;1019;353;SW;217;8
13;12;14;3;270;73;19;10;0.0;1024;113;NNW;344;9
15;14;14;5;271;73;20;10;0.0;1028;113;NNW;347;9
17;16;6;8;272;68;24;13;0.0;1029;113;W;259;4
18;17;6;4;273;73;24;14;0.0;1025;113;NW;314;3
19;18;6;30;274;63;24;14;0.0;1023;116;NNW;342;4
17;16;8;57;275;67;22;16;0.4;1025;119;NW;315;4
16;16;7;65;276;79;20;15;6.3;1024;353;WNW;286;4
16;15;6;57;277;73;20;12;3.4;1022;353;NNE;33;4
15;15;7;26;278;59;21;12;0.0;1021;116;ESE;103;4
14;13;10;12;279;53;22;9;0.0;1020;113;SE;142;5
15;15;12;45;280;67;22;13;0.0;1021;116;SSE;151;8
17;16;15;7;281;76;23;12;0.0;1022;113;SSE;167;9
18;16;14;8;282;71;24;13;0.0;1022;113;S;170;8
17;16;15;2;283;67;25;13;0.0;1020;113;S;182;8
19;18;13;5;284;61;26;14;0.0;1018;113;S;181;7
19;17;9;7;285;63;25;14;0.0;1017;113;WSW;253;5
19;18;14;6;286;60;27;15;0.0;1015;113;SSW;191;7
20;19;16;9;287;57;26;15;0.0;1013;113;SW;216;9
19;18;15;39;288;73;25;17;10.1;1011;353;S;190;9
17;17;11;65;289;91;21;17;28.6;1010;308;W;274;6
16;16;15;74;290;95;18;16;15.3;1013;302;SSW;208;11
13;13;9;52;291;88;18;12;0.1;1024;176;WNW;298;5
13;12;10;1;292;76;20;10;0.0;1027;113;S;184;5
13;13;13;7;293;74;20;10;0.0;1021;113;SW;216;7
15;15;9;30;294;76;21;13;0.2;1012;263;NW;311;5
11;10;20;64;295;86;18;10;7.2;1003;296;WSW;245;13
7;6;11;100;296;97;9;7;13.0;1004;296;NW;317;8
9;8;10;73;297;91;12;8;4.0;1014;176;WNW;282;8
8;8;7;30;298;83;14;6;0.0;1024;116;WSW;239;4
8;8;7;37;299;82;13;7;0.0;1029;116;WNW;294;4
6;6;6;8;300;81;12;4;0.0;1030;113;NW;306;4
6;5;7;26;301;64;12;3;0.0;1027;116;WNW;288;4
6;5;7;21;302;69;12;3;0.0;1023;113;WNW;303;4
6;5;10;16;303;67;12;4;0.0;1024;113;NNW;327;6
6;5;10;16;304;78;11;3;0.0;1026;119;NW;315;6
5;5;5;20;305;80;12;3;0.0;1026;116;NW;311;3
6;5;7;11;306;74;12;3;0.0;1025;113;NNW;329;4
8;6;15;10;307;68;15;5;0.0;1022;113;S;169;8
9;7;21;0;308;61;16;5;0.0;1017;113;S;179;11
10;8;26;5;309;59;19;7;0.0;1016;113;SSE;162;14
13;12;23;24;310;62;20;9;0.1;1017;176;S;171;12
15;14;19;28;311;64;21;12;0.0;1015;113;SSE;150;10
15;14;8;28;312;70;21;12;0.0;1014;116;S;190;4
13;13;8;42;313;69;20;11;0.0;1016;116;WSW;250;4
12;12;14;8;314;63;20;9;0.0;1019;113;SSE;162;7
12;12;15;17;315;61;20;9;0.0;1019;116;SSE;153;8
12;11;16;34;316;65;18;10;0.0;1013;116;SSE;155;8
11;10;11;46;317;73;16;8;0.0;1012;116;E;81;6
11;11;5;48;318;82;17;9;0.2;1016;116;WSW;253;3
9;8;14;13;319;78;15;7;0.0;1016;113;SSE;154;8
9;7;19;47;320;74;13;7;2.9;1013;266;SSE;149;12
9;8;15;42;321;77;13;9;1.2;1013;176;SSE;169;9
9;7;24;36;322;79;13;7;2.7;1013;296;SE;142;14
8;7;12;75;323;87;12;7;2.5;1015;353;SSW;211;6
7;4;17;75;324;86;9;6;2.0;1021;266;NW;314;10
4;3;10;25;325;81;8;4;0.0;1024;116;SW;235;6
2;1;8;12;326;80;7;0;0.0;1027;113;SW;231;5
3;2;9;17;327;85;8;1;0.0;1029;113;NNW;343;5
3;2;7;11;328;81;8;0;0.0;1028;113;SSE;157;4
3;2;9;31;329;75;8;-1;0.0;1028;119;NE;47;5
1;0;7;11;330;73;6;-1;0.0;1025;113;W;271;4
0;-1;9;21;331;67;6;-2;0.0;1022;116;SE;125;5
3;2;8;65;332;73;7;3;1.3;1021;266;ESE;115;5
6;5;6;70;333;85;10;3;2.3;1019;266;S;180;3
6;5;4;99;334;84;7;5;4.4;1019;266;SSE;161;3
6;4;14;85;335;83;7;6;12.9;1016;296;ESE;118;10
4;2;12;89;336;86;6;4;21.7;1015;302;E;97;8
6;5;13;37;337;77;11;5;0.0;1021;116;E;87;7
6;5;9;18;338;81;10;3;0.0;1021;113;E;90;5
5;4;12;28;339;81;11;2;0.0;1021;116;ESE;110;6
6;5;7;57;340;85;9;3;1.9;1018;263;NE;52;4
6;5;5;92;341;96;7;5;6.5;1017;296;WSW;249;4
4;3;8;99;342;97;6;4;2.9;1016;248;SSW;210;5
4;1;17;70;343;92;5;4;3.0;1016;293;SE;125;12
2;0;11;90;344;97;3;2;2.2;1022;296;WSW;248;7
2;0;9;73;345;92;4;1;1.1;1022;263;SW;229;5
2;1;10;14;346;78;6;0;0.0;1022;116;SSE;167;5
3;1;20;4;347;63;9;1;0.0;1023;113;S;172;10
4;2;17;21;348;56;10;2;0.0;1023;116;S;185;9
5;3;13;27;349;64;10;3;0.0;1023;113;SSW;202;6
6;4;15;52;350;56;11;4;3.4;1017;176;SE;142;8
6;5;12;69;351;80;8;5;1.6;1014;176;SW;225;8
3;2;9;36;352;85;8;1;0.0;1019;116;SW;229;5
4;1;19;45;353;87;6;3;0.9;1023;266;S;187;10
6;4;15;37;354;82;9;5;2.2;1021;176;W;266;8
2;0;19;35;355;91;5;1;3.9;1026;116;WNW;294;12
2;-1;23;50;356;83;5;0;2.4;1028;263;SSW;203;13
4;1;23;10;357;83;9;3;0.0;1025;113;SW;214;12
5;3;14;10;358;86;10;3;0.0;1023;113;SW;216;7
3;2;10;36;359;89;9;2;0.1;1023;119;SW;223;5
4;1;13;77;360;80;6;3;0.4;1021;122;NW;316;9
0;-3;13;36;361;76;2;-1;0.0;1015;119;W;261;9
0;-4;18;77;362;82;2;-1;8.1;1007;332;ENE;57;13
-5;-11;33;74;363;86;-3;-5;2.5;1016;119;NNW;340;21
-9;-15;21;17;364;88;-6;-11;0.0;1029;116;N;4;12
-12;-16;15;5;365;85;-6;-14;0.0;1035;113;NE;39;8
