HeatIndexC;WindChillC;WindGustKmph;cloudcover;day;humidity;maxtemp;mintemp;precipMM;pressure;weatherCode;winddir16Point;winddirDegree;windspeed
13;13;12;18;244;67;20;12;0.0;1014;113;NNW;339;8
14;13;7;8;245;68;22;13;0.0;1017;113;S;187;4
13;13;8;33;246;74;21;13;0.0;1019;116;NE;37;5
15;14;11;17;247;76;24;13;0.0;1017;113;ESE;107;6
13;13;12;44;248;75;20;11;0.2;1020;116;ENE;67;7
10;9;10;48;249;78;16;9;0.2;1019;122;ENE;56;7
11;11;7;43;250;84;20;9;1.3;1015;263;E;98;5
17;17;9;40;251;83;25;14;4.6;1009;176;SE;139;6
17;17;13;33;252;90;22;16;18.9;1014;356;NE;42;7
13;13;19;94;253;96;15;12;21.7;1018;302;NNW;348;11
14;14;16;65;254;92;18;13;15.9;1019;299;NNE;32;10
15;14;8;42;255;87;21;13;0.6;1019;119;NE;40;5
15;15;7;24;256;84;22;15;0.8;1019;116;NNE;34;4
16;15;8;23;257;83;22;13;0.1;1022;113;NE;47;5
17;16;11;16;258;82;23;14;0.0;1016;113;S;176;6
18;17;11;37;259;82;24;14;3.5;1013;353;SSW;201;6
16;15;13;99;260;96;19;15;43.4;1012;302;SE;137;8
13;13;9;88;261;95;15;12;29.8;1016;293;ENE;70;7
10;9;14;83;262;97;14;11;68.9;1016;308;NE;48;9
11;11;6;32;263;85;20;9;0.0;1021;113;S;177;3
12;12;4;2;264;84;20;11;0.0;1021;113;E;82;3
13;13;7;2;265;82;21;11;0.0;1023;113;ENE;66;4
14;13;5;1;266;86;21;12;0.0;1020;113;ESE;102;3
15;14;7;13;267;86;22;13;0.0;1010;113;SE;138;4
13;13;12;77;268;94;16;13;18.3;999;353;ENE;60;8
12;12;10;88;269;98;14;12;23.5;1003;302;WSW;255;6
11;11;6;75;270;92;17;9;0.4;1010;266;NNE;32;4
12;12;9;37;271;87;19;10;4.1;1013;176;W;264;5
11;11;8;37;272;88;16;10;3.3;1017;113;SW;214;5
10;10;9;47;273;87;16;9;0.5;1018;116;ESE;106;5
10;10;6;66;274;89;17;7;1.8;1017;266;ENE;58;4
11;11;7;44;275;85;17;8;0.0;1020;113;ESE;107;4
13;12;11;57;276;88;19;9;1.4;1015;113;SE;137;6
14;13;14;52;277;87;21;9;1.3;1014;176;S;181;8
16;16;16;66;278;90;21;13;2.4;1010;176;SSW;203;9
13;12;12;92;279;96;15;11;3.4;1016;266;NNE;30;9
11;10;10;83;280;93;15;9;0.6;1023;122;NE;53;7
9;9;12;27;281;84;14;6;0.1;1027;119;E;93;6
8;8;5;10;282;84;15;5;0.0;1024;116;E;83;3
7;7;5;5;283;82;15;4;0.0;1017;113;ENE;73;3
7;7;5;2;284;81;16;5;0.0;1015;113;ENE;72;3
7;7;8;8;285;84;15;4;0.0;1015;113;ENE;61;4
8;7;13;24;286;83;14;5;0.0;1014;116;NE;37;8
9;8;13;34;287;80;14;6;0.0;1012;116;NE;49;8
8;7;9;8;288;83;14;5;0.0;1011;113;ENE;72;5
7;7;6;52;289;80;13;5;0.0;1010;116;ENE;73;4
6;4;15;85;290;95;7;6;14.1;1013;302;SE;129;10
8;6;16;100;291;96;9;6;8.2;1015;266;NNE;15;12
7;6;13;100;292;96;8;6;11.7;1010;296;NNW;337;9
5;4;12;92;293;94;8;6;2.9;1009;296;NNE;26;7
4;3;10;8;294;89;11;2;0.2;1023;116;E;82;6
5;4;10;23;295;87;14;1;0.0;1025;113;S;171;5
8;6;18;36;296;85;16;3;0.0;1019;119;SSW;207;9
10;9;22;27;297;84;18;6;0.6;1012;176;SSW;205;12
7;5;21;96;298;95;10;6;9.9;1011;296;NNE;20;15
4;1;21;72;299;95;7;2;7.9;1023;296;NNE;29;12
2;-1;18;10;300;85;8;-1;0.0;1028;116;NE;43;10
3;2;5;16;301;80;9;0;0.0;1026;113;SSW;195;3
4;3;9;3;302;76;12;1;0.0;1023;113;SE;146;4
6;4;23;13;303;82;15;1;0.0;1017;113;SSW;209;12
8;7;19;38;304;90;15;4;0.0;1015;113;SSE;158;10
11;11;10;55;305;92;17;8;0.0;1014;119;SSE;154;5
11;11;10;58;306;90;17;9;0.5;1014;266;SE;132;5
10;9;12;54;307;95;11;8;5.1;1019;296;SSW;199;6
10;10;13;11;308;91;17;7;0.0;1027;113;SW;224;7
11;9;20;4;309;91;17;7;0.0;1026;113;WSW;253;10
9;8;18;29;310;89;16;6;0.0;1018;113;WSW;247;10
10;8;22;32;311;90;16;6;0.0;1006;116;SSW;203;12
10;8;22;69;312;94;15;8;5.6;989;389;SSE;165;12
9;7;20;57;313;92;12;6;6.9;986;389;SE;144;11
8;7;22;46;314;93;13;7;6.5;995;299;SW;220;12
8;7;14;33;315;91;13;5;0.7;1012;353;SE;126;7
8;6;29;22;316;89;14;7;0.3;1009;113;SW;231;15
10;8;21;20;317;90;16;6;0.0;1011;113;SW;232;11
11;9;30;7;318;89;17;7;0.0;1013;113;SW;221;16
11;10;25;18;319;89;17;8;0.0;1014;113;SW;216;13
11;10;13;50;320;87;16;8;0.2;1011;122;SE;132;6
9;8;10;97;321;95;10;7;4.0;1009;266;N;10;6
8;7;12;61;322;91;13;5;0.5;1011;116;SSW;201;6
8;7;15;45;323;92;13;7;5.1;1016;263;SW;225;8
6;5;7;39;324;90;11;3;0.0;1018;119;SSE;152;4
6;6;8;63;325;95;10;4;6.0;1010;296;ENE;77;4
8;7;17;59;326;96;11;8;4.9;999;296;S;181;9
6;4;12;73;327;94;10;3;12.2;999;296;SE;137;8
3;1;11;58;328;91;6;3;4.2;1006;119;SSW;204;6
2;1;6;33;329;82;7;0;0.0;1008;122;E;80;3
1;-1;11;58;330;89;5;-1;13.6;1001;338;ENE;63;8
1;-1;14;43;331;94;4;-1;2.4;1007;323;S;182;8
0;-3;16;69;332;96;1;-3;19.6;1005;338;NNE;20;9
1;-2;21;55;333;98;3;0;7.1;1001;248;SW;234;11
0;-4;18;80;334;98;2;-1;3.9;1013;332;NE;40;12
0;-3;17;79;335;99;2;-1;22.7;1006;284;SE;133;10
2;-1;16;92;336;99;4;2;4.3;1006;353;NE;44;9
-2;-4;13;85;337;99;0;-4;17.6;1008;284;NW;321;8
-4;-7;15;77;338;97;-3;-4;3.1;1019;329;NNE;15;10
-6;-9;15;35;339;92;-1;-9;0.0;1021;116;SSW;204;8
3;-1;38;60;340;99;4;1;1.1;1008;263;SSW;202;18
8;5;33;65;341;98;10;7;1.6;1006;263;SW;220;16
11;9;37;52;342;96;14;10;0.9;1007;353;SSW;212;18
5;1;28;47;343;97;11;-1;34.7;1011;356;ENE;79;15
0;-3;14;32;344;79;3;0;1.2;1023;368;ESE;112;8
-1;-4;18;41;345;85;2;-2;0.6;1020;326;SW;216;10
-1;-2;9;27;346;91;3;-5;0.2;1009;266;SSW;211;4
-3;-4;10;77;347;90;0;-2;3.4;1014;326;NE;46;5
-6;-9;12;35;348;84;-2;-9;0.1;1020;116;W;271;6
-5;-7;10;79;349;83;-1;-6;0.1;1020;119;SSE;152;5
-7;-10;12;89;350;94;-5;-6;1.9;1016;326;NNE;30;8
-8;-12;15;71;351;95;-5;-11;0.2;1004;143;SSE;167;9
-7;-11;18;78;352;97;-4;-9;12.6;1002;332;ESE;101;12
-5;-10;26;42;353;94;-1;-10;0.0;1012;119;SSW;198;13
0;-4;26;61;354;99;1;-2;0.5;1009;248;SSW;209;12
1;-2;21;93;355;100;2;0;0.6;1013;248;SW;219;10
4;1;22;87;356;99;6;2;1.0;1010;266;S;185;10
7;5;18;37;357;96;11;4;2.8;1005;353;SE;145;9
8;6;21;53;358;94;12;6;3.9;995;119;SE;139;10
4;1;16;83;359;92;5;3;6.6;1004;317;E;91;11
-1;-4;14;96;360;89;1;-2;9.7;1020;332;E;88;10
-4;-7;10;47;361;87;-2;-4;0.6;1025;323;SSW;206;6
-5;-8;12;11;362;81;-2;-8;0.0;1024;113;SSW;202;6
-6;-8;8;13;363;86;-3;-9;0.0;1027;113;ENE;77;4
-7;-7;3;21;364;87;-2;-9;0.0;1027;113;E;84;1
-6;-7;5;29;365;93;-1;-9;0.0;1025;116;E;97;3
