HeatIndexC;WindChillC;WindGustKmph;cloudcover;day;humidity;maxtemp;mintemp;precipMM;pressure;weatherCode;winddir16Point;winddirDegree;windspeed
15;14;18;92;244;96;17;13;38.6;1011;296;ESE;122;13
14;13;13;97;245;97;15;13;35.6;1014;308;NNW;337;9
16;16;16;69;246;95;21;15;8.3;1014;293;NNE;24;11
19;18;14;82;247;95;24;16;22.5;1015;353;SE;131;9
19;19;11;70;248;92;25;18;4.9;1014;353;NE;51;7
16;16;12;98;249;95;20;15;5.0;1013;353;NNE;28;8
18;17;7;50;250;88;24;16;0.5;1014;176;WSW;254;4
19;19;5;31;251;85;27;18;0.0;1016;116;SSW;211;3
19;18;5;8;252;84;27;18;0.0;1016;113;S;174;3
16;16;5;68;253;96;20;17;11.8;1014;302;ENE;62;4
15;15;11;92;254;98;16;14;12.4;1012;296;WSW;242;8
15;15;10;88;255;92;20;12;13.5;1014;353;SE;141;6
14;14;14;71;256;90;19;13;11.9;1016;353;NW;322;9
14;14;12;66;257;94;19;13;11.5;1017;353;NW;319;7
15;15;7;63;258;93;21;15;2.4;1017;353;SE;125;4
15;15;9;87;259;94;21;14;2.9;1018;353;NNE;28;5
15;14;6;36;260;89;21;13;0.4;1019;353;E;84;4
15;14;6;10;261;86;22;13;0.0;1019;113;ESE;115;4
18;18;14;35;262;88;25;15;0.4;1019;116;SW;226;8
20;19;15;28;263;93;26;16;17.6;1016;353;SW;215;8
20;19;10;58;264;90;26;17;5.5;1014;353;SSW;199;5
14;13;13;68;265;97;16;13;26.8;1013;356;ESE;122;8
14;13;8;23;266;83;19;10;3.2;1019;116;W;270;5
13;12;10;23;267;84;18;10;0.0;1018;113;SSE;152;6
14;12;11;58;268;88;17;11;1.6;1018;353;SW;234;6
13;13;7;37;269;82;20;9;0.1;1023;116;SW;216;4
15;15;5;57;270;88;20;12;3.2;1026;119;S;179;3
17;16;4;37;271;88;23;12;0.0;1028;116;SSE;150;2
18;17;6;0;272;88;23;12;0.0;1027;113;SSE;156;4
19;18;6;1;273;87;26;12;0.0;1025;113;SW;230;4
15;15;8;64;274;91;22;14;0.2;1024;263;NNE;31;5
15;15;12;78;275;93;18;13;0.8;1025;266;NNE;17;8
15;14;10;59;276;91;19;12;1.8;1023;353;NNE;20;6
15;14;6;64;277;91;19;14;1.0;1021;263;E;84;4
15;14;7;32;278;85;20;11;0.1;1019;116;NE;47;4
13;12;7;22;279;85;18;8;0.0;1018;113;ENE;61;4
15;14;9;13;280;87;22;10;0.0;1017;113;S;170;6
18;16;19;20;281;85;23;12;0.0;1018;113;SSW;209;12
18;16;21;11;282;84;24;13;0.0;1018;113;SSW;211;12
19;17;20;7;283;82;25;14;0.0;1017;113;SW;227;11
19;18;15;9;284;81;25;14;0.0;1016;113;SW;222;9
21;19;10;22;285;85;25;15;0.0;1016;116;ESE;117;5
18;17;22;7;286;83;25;14;0.0;1013;113;SW;227;13
19;18;21;19;287;79;24;14;0.0;1012;113;WSW;238;13
18;17;11;48;288;89;22;15;10.6;1010;353;SSW;212;6
18;17;11;46;289;89;23;14;7.8;1011;176;W;267;6
19;18;19;50;290;89;22;15;1.9;1015;353;WSW;244;12
15;15;5;21;291;83;21;14;0.0;1025;116;ESE;114;3
17;16;8;3;292;85;22;12;0.0;1025;113;SSE;161;4
18;16;13;10;293;88;23;12;0.0;1020;113;WSW;238;8
15;15;12;60;294;93;19;14;2.8;1012;266;E;90;6
5;3;20;86;295;99;3;1;42.2;1008;302;WSW;250;11
6;4;16;84;296;93;9;5;22.2;1009;302;NNW;333;10
8;6;18;95;297;95;9;7;32.5;1017;296;NE;47;13
7;6;11;80;298;94;10;6;0.6;1024;176;NE;45;7
8;7;10;39;299;89;13;6;0.3;1028;116;ENE;58;6
6;5;10;17;300;85;12;2;0.0;1030;116;ENE;70;6
6;5;7;11;301;84;11;2;0.0;1026;113;ENE;69;4
5;5;4;38;302;79;10;4;0.0;1021;116;ENE;65;3
5;5;3;16;303;86;13;2;0.0;1025;113;SSE;149;2
6;6;5;11;304;87;14;2;0.0;1027;113;SSW;198;3
7;7;7;18;305;91;14;2;0.0;1026;113;SSW;198;4
8;7;7;30;306;91;14;3;0.0;1023;113;SE;136;4
9;7;18;2;307;87;16;4;0.0;1018;113;SSW;203;10
11;9;27;8;308;86;18;8;0.0;1012;113;SSW;200;16
13;12;21;25;309;84;20;9;0.0;1008;113;S;171;11
15;15;17;59;310;88;21;14;3.9;1010;353;S;172;10
14;14;13;68;311;92;18;13;5.0;1009;263;ESE;119;8
12;12;12;89;312;94;15;11;11.9;1014;302;NNE;27;8
10;10;7;49;313;91;15;6;0.1;1014;116;SSE;153;4
12;11;18;17;314;87;18;9;0.0;1016;116;SSW;204;10
12;12;15;30;315;87;18;10;0.0;1015;116;S;182;8
12;12;9;65;316;89;17;10;0.6;1008;176;SE;125;5
10;9;12;100;317;93;12;10;3.9;1010;296;N;9;9
11;11;4;82;318;93;13;10;0.8;1015;176;ESE;113;3
11;10;12;56;319;90;15;8;0.0;1011;116;SSE;167;7
12;11;15;37;320;85;17;10;0.9;1007;113;SSW;206;9
11;10;13;38;321;83;16;9;0.7;1009;113;SSW;199;7
11;9;22;54;322;85;15;10;10.5;1007;116;SW;217;15
9;9;8;59;323;89;13;9;5.0;1016;353;SW;230;5
6;6;5;35;324;90;11;4;0.0;1025;116;S;181;3
5;5;6;41;325;90;10;4;0.2;1025;119;ESE;101;3
4;4;5;17;326;89;9;1;0.0;1026;113;SE;130;3
4;4;5;11;327;91;9;1;0.0;1028;113;E;97;3
4;4;4;67;328;89;6;3;0.3;1026;119;E;87;3
4;4;7;48;329;85;7;3;0.0;1026;116;NNE;33;5
2;0;6;40;330;81;5;0;0.0;1024;116;E;85;4
2;2;5;70;331;69;5;0;0.0;1018;122;E;90;3
2;1;7;69;332;75;6;1;0.0;1017;119;NE;52;5
5;4;9;89;333;90;7;4;0.3;1017;122;NE;37;6
4;4;6;99;334;93;5;4;3.3;1016;296;E;81;5
5;3;15;100;335;97;6;4;21.5;1010;308;NNE;29;11
3;1;12;100;336;91;4;3;1.9;1012;266;NNE;20;10
4;2;11;100;337;94;5;3;2.3;1018;266;NNE;20;8
4;3;6;100;338;94;5;4;7.1;1019;302;NNE;30;5
5;3;8;99;339;92;6;4;3.9;1018;176;NNE;31;5
5;2;13;99;340;95;5;5;6.0;1018;296;NNE;18;10
3;1;11;100;341;100;4;3;8.8;1018;296;WSW;236;7
3;2;6;100;342;100;5;2;5.1;1018;296;SW;214;4
2;-2;23;64;343;87;4;1;3.2;1021;317;NNE;21;15
0;-1;9;21;344;77;4;0;0.2;1025;116;WNW;284;5
1;1;5;19;345;75;5;0;0.0;1022;116;SSE;151;3
2;0;15;5;346;81;7;0;0.0;1020;113;S;186;8
5;1;32;20;347;87;11;2;0.0;1019;113;SSW;212;17
8;6;28;61;348;89;12;7;0.0;1021;119;SSW;214;15
8;5;23;49;349;88;12;5;0.0;1020;122;SSW;211;12
8;7;10;78;350;92;10;6;1.1;1014;266;SE;129;6
6;4;10;77;351;94;8;4;8.7;1014;293;SSE;156;6
5;4;10;31;352;83;9;2;0.1;1019;113;SW;229;6
7;5;16;23;353;81;12;4;0.0;1022;113;SW;226;9
7;6;13;49;354;90;11;5;1.1;1021;119;S;172;7
5;4;14;20;355;84;9;4;2.8;1029;113;SSE;157;8
5;2;24;18;356;80;9;2;0.0;1028;116;WSW;240;13
6;3;21;11;357;85;10;3;0.0;1026;113;WSW;249;11
5;2;22;19;358;88;10;2;0.0;1024;116;WSW;251;12
5;3;14;24;359;87;11;2;0.2;1023;113;S;182;7
1;0;9;52;360;95;4;2;6.0;1025;248;W;273;6
0;-3;14;63;361;77;3;-1;1.1;1014;326;SSE;161;10
-2;-9;35;100;362;94;0;-4;25.7;1007;338;NNE;14;25
-8;-12;21;50;363;87;-6;-11;0.4;1025;119;W;263;11
-10;-15;18;23;364;91;-6;-13;0.2;1033;260;SW;235;9
-12;-17;16;21;365;96;-8;-14;0.0;1036;113;NE;35;8
