HeatIndexC;WindChillC;WindGustKmph;cloudcover;day;humidity;maxtemp;mintemp;precipMM;pressure;weatherCode;winddir16Point;winddirDegree;windspeed
16;16;9;27;244;64;25;13;0.0;1018;116;ENE;65;5
20;19;6;16;245;66;29;18;0.4;1016;113;SE;142;4
23;22;18;11;246;68;29;18;0.4;1013;113;SW;236;10
23;23;20;11;247;65;30;20;0.0;1012;113;SW;229;13
24;23;19;14;248;64;31;20;0.0;1013;113;SW;232;12
25;24;19;8;249;59;33;20;0.0;1012;113;SW;227;12
25;24;15;14;250;57;32;22;0.2;1011;116;SW;233;10
19;19;15;27;251;78;25;17;12.9;1016;176;NNE;24;9
19;18;8;4;252;71;27;17;0.0;1020;113;E;83;5
19;19;6;5;253;66;28;18;0.0;1018;113;ESE;106;3
20;20;5;9;254;64;31;20;1.1;1013;113;E;92;3
20;19;8;34;255;84;25;18;5.8;1009;386;E;81;4
14;13;19;91;256;96;14;13;29.5;1012;302;NNE;28;12
10;9;14;83;257;90;12;9;10.8;1017;296;ENE;66;10
9;7;13;91;258;96;10;8;19.1;1013;296;SE;136;9
9;8;14;74;259;82;12;8;0.6;1014;122;NNE;16;9
10;9;13;46;260;69;16;9;0.8;1020;113;NNE;31;8
10;10;5;25;261;69;17;8;0.0;1023;113;NE;53;4
9;9;10;19;262;70;17;8;0.0;1022;113;NE;42;6
9;7;19;77;263;72;13;7;0.1;1023;122;NNE;15;12
11;10;10;90;264;80;13;9;1.2;1019;266;SE;140;7
9;9;8;81;265;92;12;9;4.1;1016;266;SE;130;5
10;10;8;52;266;86;14;9;3.2;1016;266;NNE;13;5
11;11;13;44;267;76;17;9;0.1;1018;116;NNE;22;7
10;8;17;61;268;92;14;8;6.2;1020;353;NNE;18;10
10;8;30;74;269;85;14;9;9.2;1025;293;NNE;25;18
11;10;18;48;270;68;16;10;0.1;1027;122;NE;45;11
9;9;10;13;271;69;16;7;0.0;1025;113;ENE;59;6
10;9;10;8;272;72;17;7;0.0;1020;113;SSE;156;6
12;11;17;12;273;77;19;7;0.0;1016;116;SW;228;10
15;14;23;41;274;77;21;11;0.0;1012;119;SW;230;14
15;15;19;26;275;79;22;12;0.5;1009;176;SSW;205;11
15;15;15;47;276;80;21;13;3.7;1007;353;SSW;212;9
8;7;17;67;277;90;11;6;55.4;1012;302;WNW;299;11
10;8;17;4;278;73;15;6;0.1;1018;113;WSW;238;9
12;11;20;6;279;79;19;8;0.0;1018;113;WSW;242;11
13;13;11;23;280;83;20;10;0.0;1020;116;SSW;208;6
15;15;9;28;281;82;21;13;0.0;1019;116;SW;227;5
14;14;9;18;282;86;21;12;0.5;1025;113;E;88;5
15;15;11;27;283;85;20;12;0.8;1032;113;NE;44;6
14;14;6;6;284;84;21;10;0.0;1033;113;E;96;3
15;14;5;1;285;81;23;11;0.0;1029;113;SE;142;3
13;13;5;6;286;82;21;10;0.0;1024;113;ENE;68;3
12;12;5;11;287;80;21;9;0.0;1021;113;SSE;146;3
14;14;8;20;288;75;22;10;0.2;1020;113;SE;141;4
16;15;23;19;289;76;22;11;0.0;1015;113;SW;228;14
10;9;18;54;290;90;11;7;41.0;1017;305;S;170;11
8;7;8;5;291;80;12;5;0.0;1024;113;ESE;105;5
8;9;5;15;292;80;16;4;0.0;1025;116;E;80;3
11;11;6;4;293;84;19;6;0.0;1024;113;S;177;4
12;11;14;13;294;87;18;8;0.0;1019;113;WSW;243;8
14;13;12;62;295;88;20;10;0.0;1018;116;SW;224;6
11;10;19;67;296;84;12;12;1.3;1025;266;NNE;25;11
7;6;10;18;297;82;12;4;0.0;1027;116;ENE;56;6
7;7;10;44;298;87;13;5;0.0;1030;116;ENE;62;6
7;7;6;10;299;87;13;3;0.0;1028;116;E;98;4
9;8;13;21;300;87;16;4;0.0;1016;113;SSW;201;7
13;12;23;41;301;86;19;11;2.8;1010;176;SSW;192;13
17;16;30;29;302;80;22;13;1.8;1005;113;S;186;17
14;12;33;29;303;80;16;13;9.8;1002;293;WSW;237;20
12;11;24;16;304;78;18;8;0.0;1013;116;S;178;13
14;13;15;42;305;85;19;12;2.1;1011;386;S;190;9
14;13;18;19;306;87;19;12;0.0;1018;116;W;260;10
14;13;9;4;307;85;21;9;0.0;1019;113;SSE;151;5
13;13;11;36;308;80;20;11;0.4;1020;116;S;181;6
15;15;15;42;309;85;21;12;2.7;1018;116;S;189;9
14;14;9;62;310;92;17;11;13.5;1016;302;E;89;5
13;13;8;80;311;96;14;12;14.5;1016;302;NE;53;5
12;12;4;54;312;91;16;11;6.0;1021;176;S;180;3
10;10;9;22;313;88;16;7;0.1;1028;113;SSW;202;5
9;9;6;8;314;89;15;6;0.0;1029;113;ESE;108;4
8;7;9;18;315;88;14;4;0.0;1023;116;S;190;5
8;8;9;38;316;90;14;5;0.1;1019;116;S;180;5
8;6;16;72;317;90;10;6;2.9;1020;266;NE;34;10
8;6;17;55;318;88;11;7;1.3;1025;119;NNE;33;12
6;6;6;37;319;89;11;4;0.0;1028;116;ENE;63;4
6;6;5;5;320;87;12;2;0.0;1025;113;S;172;3
5;4;11;33;321;85;9;4;3.2;1026;263;ENE;60;6
2;1;8;14;322;81;6;0;0.0;1021;116;ENE;67;4
2;1;11;22;323;74;9;-1;0.0;1018;113;SW;229;6
6;3;27;20;324;79;12;1;0.0;1015;113;WSW;241;15
8;6;27;68;325;89;10;7;7.9;1001;296;SW;228;15
3;0;18;35;326;74;5;3;10.5;998;182;NW;305;10
1;-3;24;9;327;54;6;-1;0.0;1006;113;WSW;239;13
2;-1;25;67;328;82;5;3;9.0;999;302;SE;141;13
3;1;12;66;329;92;4;2;4.7;1006;266;NNE;21;8
1;0;10;22;330;81;5;-1;0.0;1023;116;SE;129;5
1;-1;12;3;331;72;6;-2;0.0;1026;113;S;177;6
0;-3;14;29;332;81;3;-2;6.6;1016;116;NE;56;9
2;-1;12;54;333;92;5;0;9.4;1003;143;SW;218;7
6;3;25;31;334;93;8;5;3.2;1007;386;S;175;12
8;5;36;36;335;87;12;7;1.0;1005;200;S;191;19
6;5;18;46;336;88;11;4;0.8;1010;116;SSE;158;10
7;6;8;62;337;93;8;5;2.6;1008;119;S;169;5
3;1;12;53;338;94;4;2;10.9;1005;302;N;9;7
7;4;32;65;339;90;10;6;4.1;1001;266;S;183;17
7;5;17;46;340;92;10;6;3.8;1008;386;WSW;253;9
4;2;15;30;341;84;8;2;0.4;1019;116;WSW;245;8
2;1;11;18;342;80;7;0;0.4;1026;113;WSW;245;6
2;0;17;13;343;81;8;0;0.0;1022;116;SSW;213;9
2;-1;22;68;344;93;3;1;5.5;1016;302;ESE;124;11
5;2;26;79;345;95;7;4;8.1;1009;296;ENE;78;14
5;1;31;97;346;95;7;4;27.5;1010;302;NNE;29;22
4;1;16;100;347;97;5;4;8.8;1013;296;SE;131;10
5;2;12;70;348;94;7;3;0.7;1013;116;ENE;75;9
4;1;16;99;349;96;5;3;5.4;1017;296;NE;44;10
5;4;14;84;350;96;8;3;5.7;1017;293;NE;48;8
5;3;14;86;351;96;6;4;23.7;1009;308;NNW;332;9
3;-2;37;100;352;98;5;2;38.1;1010;302;NNE;15;25
3;1;14;92;353;93;4;3;7.6;1019;296;SW;232;8
3;0;18;35;354;85;5;0;1.2;1024;116;SW;215;9
4;3;10;34;355;84;8;3;1.6;1026;113;SE;129;5
5;4;12;41;356;85;9;4;0.9;1028;116;SW;228;6
5;4;10;11;357;85;10;3;0.0;1027;113;SE;132;5
4;2;12;63;358;87;6;2;0.7;1029;119;SSW;205;7
2;-1;21;61;359;90;4;1;5.4;1026;332;SSE;151;12
-1;-5;19;72;360;87;1;-2;1.2;1035;326;NE;35;13
-1;-6;22;82;361;87;0;-2;1.8;1033;326;NE;54;15
-3;-8;18;14;362;82;-2;-5;0.1;1034;113;ENE;59;12
-5;-7;7;8;363;84;-4;-7;0.0;1037;116;NE;51;5
-5;-7;6;3;364;84;-3;-8;0.0;1041;113;ENE;62;5
-6;-7;7;1;365;85;-2;-8;0.0;1035;113;ENE;69;4
