HeatIndexC;WindChillC;WindGustKmph;cloudcover;day;humidity;maxtemp;mintemp;precipMM;pressure;weatherCode;winddir16Point;winddirDegree;windspeed
26;25;11;11;244;48;33;22;0.0;1020;113;NE;51;6
26;25;16;34;245;58;31;21;0.0;1020;116;NE;37;10
24;24;8;23;246;60;31;21;0.0;1019;113;ESE;122;5
26;26;10;21;247;58;33;24;0.1;1016;116;SSW;213;6
16;16;14;80;248;92;18;16;40.9;1016;308;SE;137;9
15;15;23;53;249;84;18;15;1.4;1019;296;NNE;15;15
22;21;27;33;250;76;27;17;0.0;1020;116;NE;47;18
23;22;19;32;251;72;28;19;0.3;1016;176;NE;55;12
25;24;21;14;252;58;30;20;0.0;1015;113;NE;39;13
25;24;22;28;253;55;30;20;0.0;1016;116;NE;46;14
25;24;18;21;254;57;30;21;0.1;1017;113;ENE;57;11
26;25;14;15;255;58;31;22;0.2;1018;113;NE;55;8
27;25;10;17;256;62;32;22;0.3;1017;113;ENE;60;6
26;25;6;21;257;67;31;23;2.0;1015;116;NE;45;4
25;23;11;9;258;68;30;22;0.0;1016;113;SSW;197;7
24;23;22;31;259;71;29;19;0.1;1015;119;SW;233;14
22;21;18;27;260;77;26;20;16.8;1011;113;SW;232;12
18;17;8;79;261;90;22;16;28.5;1012;353;ESE;110;5
15;15;15;75;262;92;20;15;34.0;1010;308;NNW;343;9
16;16;12;68;263;71;22;15;0.0;1014;119;NNE;29;8
15;14;12;39;264;63;19;13;0.0;1018;116;NNE;30;9
15;14;11;16;265;70;21;12;0.0;1021;116;SE;140;6
17;16;6;8;266;68;22;13;0.0;1025;113;SSW;193;4
17;17;3;9;267;67;24;13;0.0;1026;113;SE;145;2
18;17;4;24;268;69;23;14;0.0;1022;119;SSE;166;3
17;16;9;25;269;67;23;13;0.0;1022;119;E;81;6
17;16;5;17;270;67;23;13;0.0;1025;116;ENE;72;3
19;18;8;5;271;67;25;14;0.0;1028;113;SW;225;5
19;18;15;22;272;63;25;13;0.0;1025;116;SSW;207;9
19;18;22;15;273;72;26;13;0.0;1019;113;WSW;242;13
20;18;26;5;274;74;25;14;0.0;1016;113;WSW;236;16
14;14;11;75;275;92;17;16;13.2;1015;302;WSW;246;6
12;12;11;72;276;94;14;13;6.2;1021;299;W;262;6
12;11;21;33;277;67;20;10;0.1;1022;119;WNW;301;13
10;7;26;16;278;62;14;5;0.0;1023;113;NNE;19;16
9;8;14;49;279;56;17;6;0.0;1016;119;W;274;9
10;9;16;40;280;72;15;7;0.0;1017;116;NE;49;10
8;7;7;42;281;69;15;5;0.0;1019;116;SE;140;4
11;10;14;57;282;70;15;8;0.2;1022;176;ENE;60;9
8;6;17;86;283;87;10;7;8.0;1021;299;NNE;14;11
7;5;20;96;284;92;9;6;3.0;1015;266;NNE;30;13
9;8;12;66;285;75;15;5;0.1;1015;119;SSW;211;7
9;9;8;18;286;69;16;4;0.0;1019;113;SE;133;4
13;12;10;48;287;72;19;7;0.0;1018;116;SSE;147;6
12;12;8;57;288;84;19;9;19.2;1015;359;SE;128;4
14;14;8;30;289;82;20;9;0.0;1022;116;NE;35;5
14;13;9;29;290;81;20;10;0.0;1025;116;ESE;104;5
10;10;12;86;291;86;14;9;1.1;1023;266;NE;51;8
10;10;6;59;292;83;16;6;0.0;1020;122;SSE;147;4
9;8;12;100;293;93;11;9;12.3;1015;296;NE;44;9
10;9;13;90;294;93;25;7;7.9;1014;389;N;10;10
8;8;5;26;295;82;14;5;0.0;1017;116;SSE;154;4
9;8;6;58;296;83;16;3;0.0;1019;116;S;176;4
15;14;23;37;297;85;22;11;0.0;1021;119;SW;215;13
19;17;23;31;298;83;23;13;1.2;1021;116;WSW;239;14
15;14;17;40;299;83;17;14;17.8;1024;176;NE;41;12
9;8;18;64;300;79;13;7;0.0;1030;122;NE;45;11
9;8;12;20;301;80;13;6;0.0;1033;113;ENE;66;7
9;8;8;40;302;74;15;5;0.0;1029;119;SW;226;4
10;9;12;77;303;80;14;8;0.0;1028;122;SSE;162;7
8;7;9;33;304;79;13;4;0.0;1029;116;SSE;147;5
8;7;11;7;305;63;15;3;0.0;1024;113;SSW;206;6
11;9;26;50;306;80;18;7;0.3;1016;119;WSW;257;15
7;6;8;75;307;87;9;7;16.2;1021;353;SSE;159;5
5;4;9;10;308;83;10;1;0.0;1022;113;SSE;169;5
10;8;27;79;309;81;17;4;0.3;1011;176;SSW;194;15
16;15;39;82;310;80;18;15;13.4;998;389;SW;216;23
8;5;18;59;311;82;10;6;1.7;1006;176;ENE;72;13
4;1;19;100;312;90;6;4;16.5;1008;302;N;7;13
4;2;10;34;313;79;9;1;0.2;1010;113;WSW;247;6
5;4;11;64;314;80;10;3;1.2;1012;119;SSW;203;6
6;4;20;79;315;88;12;3;25.2;1012;296;SE;135;13
4;0;40;92;316;87;5;4;27.6;1015;308;N;10;26
2;1;6;83;317;84;5;1;0.2;1027;332;SE;128;4
1;-1;11;42;318;74;4;0;0.0;1033;119;NE;36;8
1;0;8;11;319;77;5;0;0.0;1033;113;SSE;146;4
2;0;10;38;320;74;7;-1;0.0;1025;116;S;178;5
6;3;21;34;321;82;11;3;0.0;1020;113;SW;230;11
9;7;24;62;322;92;12;7;0.3;1017;176;SSW;193;12
12;11;24;62;323;88;17;9;4.4;1013;176;S;182;14
12;12;16;62;324;91;18;9;2.2;1016;353;SSW;194;9
12;11;20;49;325;88;17;10;0.0;1018;119;S;178;10
12;11;19;40;326;86;17;10;0.0;1019;116;S;178;10
12;12;17;22;327;88;18;10;0.0;1022;113;SSW;198;9
12;12;17;46;328;87;18;10;0.0;1020;122;SSW;192;9
11;10;11;86;329;89;14;10;0.6;1018;266;E;97;6
8;7;10;68;330;85;10;7;0.3;1017;176;E;98;7
7;7;8;96;331;93;9;7;5.4;1014;296;E;91;5
3;-1;24;43;332;74;5;2;2.2;1021;323;NE;46;17
0;-4;26;8;333;66;4;-1;0.0;1031;113;NNE;30;17
0;-2;12;22;334;45;4;-1;0.0;1032;113;SW;224;7
1;1;7;58;335;50;6;-1;0.0;1023;119;SW;217;4
3;1;12;40;336;78;9;0;0.0;1016;116;S;182;7
1;0;8;35;337;76;5;-1;0.0;1026;116;ESE;110;4
1;-1;11;37;338;69;6;-2;0.0;1030;116;ENE;65;6
0;-1;6;44;339;67;5;0;0.0;1031;116;S;171;4
2;1;6;4;340;73;9;1;0.0;1030;113;ENE;66;3
1;1;5;4;341;76;7;-1;0.0;1038;113;SE;142;3
0;-2;10;17;342;77;5;-2;0.0;1036;113;SSW;212;5
3;2;10;6;343;67;10;1;0.0;1031;113;WSW;251;5
4;3;5;1;344;74;10;1;0.0;1027;113;SW;228;3
3;1;15;13;345;71;8;1;0.0;1020;116;W;265;8
4;2;12;56;346;84;9;4;3.7;1021;263;WNW;284;6
2;1;8;41;347;72;6;0;0.0;1031;122;ESE;122;5
1;0;6;30;348;79;7;-1;0.1;1027;116;WSW;236;3
2;2;4;56;349;87;6;2;0.3;1030;119;SE;142;2
0;-2;11;6;350;85;4;-1;0.0;1036;113;NE;48;7
-1;-2;9;31;351;78;5;-2;0.0;1039;113;SW;222;5
-1;-1;5;40;352;61;5;-3;0.0;1034;122;SW;235;3
-1;-3;9;27;353;79;2;-3;0.0;1034;116;ENE;68;5
-1;-2;5;0;354;79;3;-3;0.0;1033;113;ENE;78;4
-3;-3;4;38;355;78;1;-6;0.0;1034;119;SE;145;2
-3;-4;6;12;356;83;1;-6;0.0;1035;113;SW;220;3
-2;-3;6;11;357;70;3;-6;0.0;1035;113;SW;233;4
-1;-1;5;9;358;69;3;-4;0.0;1031;113;S;186;3
0;-2;12;48;359;76;5;-2;0.0;1028;119;SW;228;6
3;2;7;22;360;71;9;1;0.0;1027;113;S;190;4
3;1;14;46;361;86;8;3;1.5;1032;176;WSW;249;7
2;0;15;68;362;79;4;1;6.7;1034;317;SSW;210;9
0;-5;25;0;363;78;4;-1;0.0;1040;113;NNE;28;15
0;-2;8;4;364;72;4;-2;0.0;1040;113;ESE;110;5
-1;-3;9;26;365;55;5;-3;0.0;1034;113;SW;227;5
