HeatIndexC;WindChillC;WindGustKmph;cloudcover;day;humidity;maxtemp;mintemp;precipMM;pressure;weatherCode;winddir16Point;winddirDegree;windspeed
15;15;9;82;244;94;17;13;8.4;1018;302;NNW;327;6
19;18;6;63;245;91;24;15;1.5;1020;353;NNW;335;4
21;21;11;27;246;85;25;17;1.0;1018;116;NE;37;7
21;20;12;55;247;89;24;18;5.7;1017;353;NNE;11;7
20;20;12;48;248;90;24;16;7.9;1015;353;WSW;238;7
20;20;18;36;249;69;26;16;8.8;1018;176;NNE;30;11
17;17;4;16;250;64;25;14;0.0;1024;113;SSE;148;2
19;19;4;1;251;65;29;17;0.0;1021;113;WSW;255;3
20;20;8;1;252;64;30;18;0.0;1020;113;ENE;60;5
19;19;5;14;253;66;29;16;0.0;1018;113;ENE;74;3
22;22;7;8;254;63;31;19;0.0;1016;113;S;181;4
20;20;15;34;255;68;28;16;10.6;1010;176;SW;222;10
11;10;16;88;256;97;10;10;49.9;1008;302;SE;125;13
11;10;15;82;257;95;12;9;5.2;1013;296;SE;126;9
13;13;8;47;258;81;18;12;0.0;1015;116;SSW;205;5
15;14;7;31;259;79;20;12;0.0;1018;116;NE;44;5
16;15;5;6;260;79;23;13;0.0;1016;113;ENE;75;3
18;17;5;18;261;81;25;15;0.1;1015;113;SW;218;3
17;16;14;49;262;84;23;15;13.4;1012;266;W;280;9
12;12;8;31;263;79;17;10;8.3;1022;116;NNE;17;6
12;12;9;7;264;71;19;11;0.0;1022;113;S;170;5
14;13;15;5;265;75;22;8;0.0;1017;113;WSW;250;9
17;16;8;24;266;83;22;12;0.0;1018;116;SE;145;4
19;18;23;14;267;80;26;13;0.1;1008;113;SW;230;14
18;17;15;24;268;84;23;15;3.5;1010;266;S;184;9
19;18;26;6;269;77;25;14;0.0;1011;113;SW;226;17
21;20;22;17;270;71;27;16;0.1;1013;116;SW;234;13
17;16;10;57;271;79;19;15;2.4;1019;119;NE;50;6
19;18;8;50;272;77;24;14;0.3;1017;116;SSW;201;5
16;16;11;33;273;80;20;13;0.2;1019;116;NNE;28;7
18;18;4;23;274;82;24;13;2.2;1017;116;SSW;208;3
16;16;12;65;275;90;20;14;4.5;1016;353;SE;130;8
15;15;6;36;276;83;22;11;0.0;1018;116;SSE;152;3
16;16;12;11;277;80;23;13;0.0;1017;116;SSW;212;7
16;15;10;25;278;78;20;12;0.0;1020;116;SE;135;6
17;16;14;6;279;79;23;12;0.0;1019;113;SW;225;9
17;16;17;37;280;81;23;13;7.1;1015;122;WSW;237;11
10;10;8;25;281;77;15;8;0.0;1022;119;SSE;162;5
11;11;6;22;282;70;18;7;0.0;1013;113;S;173;4
8;7;10;75;283;91;9;8;6.5;1014;302;NNE;32;6
10;10;4;79;284;90;13;9;3.0;1015;266;E;93;3
9;9;6;89;285;93;11;7;15.1;1013;302;NE;51;4
11;11;7;76;286;92;14;10;4.4;1015;263;NNE;32;5
12;12;8;44;287;88;18;7;0.1;1009;116;SSE;161;5
14;13;14;25;288;85;21;9;3.8;1007;353;S;176;8
12;11;15;60;289;91;15;10;23.2;1010;308;NW;304;9
12;11;17;5;290;84;19;7;0.0;1021;113;SSW;208;10
13;13;15;15;291;85;20;9;0.0;1021;113;SSW;193;9
14;13;12;5;292;82;21;8;0.0;1021;113;SW;215;6
14;14;8;1;293;79;22;9;0.0;1020;113;SW;227;4
13;13;7;43;294;81;20;8;0.0;1019;119;ENE;57;4
12;12;9;0;295;82;19;8;0.0;1021;113;NE;40;5
11;11;8;1;296;82;19;7;0.0;1022;113;NNE;19;4
9;9;4;7;297;85;17;5;0.0;1019;113;E;81;3
9;8;6;31;298;84;17;2;0.0;1013;113;SSW;211;3
11;10;8;38;299;84;16;5;1.9;1008;116;ENE;67;4
13;12;22;64;300;89;19;10;16.8;991;176;SSW;202;13
4;1;17;85;301;91;4;3;12.9;1004;332;NE;48;13
1;-2;15;100;302;99;2;-1;8.9;1012;332;ENE;63;10
2;0;14;34;303;89;6;-2;0.1;1013;116;S;180;8
5;3;14;24;304;72;11;0;0.2;1010;113;SE;124;8
6;4;13;74;305;94;7;5;16.8;998;296;SSW;194;8
10;8;16;25;306;88;15;6;5.4;1007;356;SSE;167;9
11;10;26;19;307;86;17;7;0.0;1013;116;SW;215;15
13;12;27;42;308;85;18;10;0.0;1009;116;SSW;205;15
13;12;26;54;309;87;20;8;15.5;1002;359;E;97;16
7;6;10;60;310;90;10;5;6.5;1015;353;NNE;23;7
6;6;6;43;311;90;10;3;0.3;1026;116;SW;229;4
7;6;10;17;312;70;12;2;0.0;1024;116;S;182;5
7;6;11;15;313;79;12;3;0.0;1020;113;ENE;63;6
8;6;13;19;314;83;12;3;0.0;1018;113;SSE;157;7
10;9;16;35;315;78;14;5;0.4;1015;116;SSE;153;9
12;11;12;83;316;96;13;10;18.0;1022;302;ENE;65;8
9;7;14;77;317;91;11;7;3.8;1029;296;NNE;14;9
7;5;14;37;318;88;10;4;0.1;1030;116;NE;47;9
5;4;8;38;319;87;7;2;0.1;1026;116;NNE;32;5
6;5;4;74;320;86;7;3;0.0;1024;119;ENE;61;3
6;6;4;56;321;87;8;4;0.0;1019;116;SSE;149;3
8;8;4;66;322;91;9;6;1.1;1015;266;SSW;194;2
8;6;15;55;323;88;10;7;0.4;1018;119;NNE;20;10
7;5;12;54;324;87;9;4;0.6;1021;122;NE;38;8
8;8;5;83;325;90;9;6;0.4;1022;122;ENE;72;4
8;9;3;95;326;87;10;7;0.3;1024;122;NE;41;2
8;8;4;94;327;91;10;7;1.0;1023;122;E;93;3
8;7;8;34;328;91;12;5;0.0;1024;116;SSE;163;4
8;7;13;27;329;87;13;5;0.0;1021;113;SSW;207;7
10;8;24;17;330;86;15;7;0.0;1017;113;SSW;212;14
10;9;26;39;331;83;15;7;0.1;1010;116;SSW;207;14
11;10;18;69;332;89;14;8;4.2;1001;266;ESE;117;10
10;8;21;42;333;82;13;7;2.4;992;116;SSW;198;12
4;1;14;86;334;98;4;2;22.3;1003;317;ENE;58;10
2;1;7;78;335;89;4;1;0.9;1014;119;NNE;30;5
2;0;10;95;336;88;3;1;4.2;1011;332;NNE;17;9
-1;-3;11;39;337;93;2;-1;0.9;1014;143;WSW;258;6
2;-1;22;63;338;78;8;0;12.6;1006;266;S;186;13
-1;-2;9;80;339;98;1;-1;3.3;1004;260;SW;229;5
1;0;7;61;340;79;4;-1;3.1;1011;119;SW;228;4
0;-3;10;57;341;81;1;-1;2.1;1015;119;SE;140;8
-3;-10;34;88;342;94;-2;-4;29.9;1011;332;NNE;14;25
-9;-14;22;16;343;85;-5;-11;0.0;1020;113;W;268;11
-8;-10;10;63;344;84;-3;-9;0.6;1012;326;WSW;237;5
-7;-8;7;74;345;97;-1;-13;1.8;1015;368;SSE;163;4
-9;-12;11;43;346;96;-3;-13;0.1;1023;260;WSW;248;6
-8;-12;15;31;347;89;-4;-15;0.0;1023;119;SSW;192;8
0;-4;27;86;348;97;1;-2;0.2;1019;248;S;185;13
4;1;28;69;349;99;5;2;6.2;1011;293;S;191;14
3;2;9;68;350;98;6;0;0.0;1014;248;SSE;167;4
4;3;8;100;351;99;5;2;1.0;1012;248;E;84;5
2;-1;18;100;352;98;3;1;8.8;1013;317;N;11;12
0;-2;13;77;353;98;2;-3;7.8;1021;296;SW;227;6
1;0;9;41;354;91;4;-2;0.1;1022;116;SSW;199;5
1;0;6;63;355;85;3;0;0.0;1016;119;ENE;74;5
1;0;6;46;356;82;2;-2;0.2;1022;119;WNW;296;4
2;0;10;47;357;81;5;0;0.2;1019;119;S;190;6
3;0;21;10;358;93;6;1;0.0;1020;143;SW;231;10
8;4;39;15;359;89;11;5;0.0;1016;116;SW;222;21
8;6;19;61;360;92;10;7;13.8;1016;266;SSE;149;10
4;2;19;23;361;91;6;1;0.2;1018;113;SSW;202;10
5;2;18;47;362;89;7;4;5.0;1021;266;SE;131;11
2;1;7;6;363;85;4;0;0.0;1030;113;SSE;167;5
1;1;4;7;364;81;4;-2;0.0;1026;113;NNE;25;3
1;0;7;3;365;79;6;-2;0.0;1027;113;WSW;238;4
