HeatIndexC;WindChillC;WindGustKmph;cloudcover;day;humidity;maxtemp;mintemp;precipMM;pressure;weatherCode;winddir16Point;winddirDegree;windspeed
18;18;9;26;244;68;26;19;1.7;1020;116;ESE;119;5
15;14;10;46;245;81;23;12;4.5;1023;293;ESE;113;6
19;18;10;44;246;64;29;15;0.0;1023;116;ESE;117;6
20;19;4;36;247;76;28;19;0.0;1024;116;ESE;112;3
19;19;6;15;248;75;28;20;0.0;1019;113;ESE;110;4
18;18;7;4;249;69;28;18;0.0;1016;113;ESE;108;4
18;18;8;10;250;68;28;17;0.0;1019;113;ESE;111;5
19;19;10;10;251;56;29;17;0.0;1020;113;SE;131;6
19;18;15;45;252;79;26;17;9.9;1017;356;E;96;8
17;17;6;40;253;80;26;15;1.4;1017;116;SE;144;4
14;14;9;72;254;86;19;12;21.6;1015;266;NE;36;6
11;10;10;99;255;95;13;11;8.8;1015;302;ESE;124;6
14;13;4;38;256;80;23;13;0.0;1018;116;WSW;239;2
15;15;11;11;257;74;24;13;0.0;1017;113;W;262;7
18;17;15;28;258;76;26;13;0.0;1012;113;SW;233;9
19;18;9;55;259;82;26;17;5.6;1006;176;S;180;5
11;11;14;82;260;96;15;11;38.0;1004;308;S;181;9
11;10;12;51;261;82;18;7;0.5;1006;263;SW;228;7
11;11;9;79;262;93;17;12;7.3;1010;302;SE;140;5
14;13;6;9;263;78;23;12;0.0;1017;113;SSE;149;4
15;14;8;20;264;76;23;12;0.0;1022;113;ENE;61;4
13;13;6;25;265;79;22;11;0.0;1026;113;NNE;24;4
14;14;8;7;266;76;24;12;0.0;1021;113;SSW;210;5
17;17;5;1;267;78;26;15;0.0;1016;113;SSE;153;3
18;17;12;6;268;80;25;14;0.0;1014;113;W;262;7
17;16;14;16;269;83;25;13;0.8;1014;116;W;264;9
13;12;12;90;270;87;15;12;2.6;1017;122;NE;52;8
13;13;5;67;271;79;19;11;0.1;1015;119;ENE;70;3
9;8;13;98;272;96;11;8;27.8;1013;302;NNE;32;9
9;7;14;100;273;97;10;8;9.8;1010;266;NNE;14;12
10;9;10;33;274;84;16;7;1.5;1011;113;NE;41;6
8;7;13;23;275;75;15;5;0.0;1020;116;NE;42;8
7;6;13;18;276;69;13;5;0.0;1029;113;E;85;8
5;5;8;13;277;71;13;5;0.0;1031;116;ESE;109;5
6;5;5;43;278;72;12;4;0.0;1024;119;E;97;3
10;10;7;42;279;79;18;8;0.0;1023;116;NE;52;4
10;10;7;35;280;82;17;8;0.1;1026;116;ENE;69;4
12;12;5;44;281;73;19;9;0.0;1025;116;NNE;32;3
11;11;7;53;282;84;20;10;0.8;1019;263;SSW;207;4
13;12;14;41;283;85;21;9;0.9;1011;176;SSW;194;9
14;14;15;60;284;90;22;12;9.3;1012;356;SSW;212;9
13;13;6;31;285;83;21;9;0.6;1019;116;E;84;4
14;14;9;23;286;83;22;10;0.0;1021;116;WSW;255;5
12;12;7;31;287;84;20;9;0.0;1021;119;E;96;4
14;13;17;20;288;85;21;10;0.2;1015;176;WSW;248;10
11;11;11;47;289;88;17;11;10.0;1010;299;SE;126;7
9;9;11;2;290;78;17;7;0.0;1017;113;SW;226;6
11;11;8;2;291;74;20;7;0.0;1019;113;SSE;148;4
10;10;10;6;292;79;17;6;0.0;1023;113;SSE;146;6
14;13;23;15;293;82;22;9;0.0;1023;116;SW;232;14
16;16;18;46;294;87;21;14;0.3;1022;200;SSW;213;10
17;16;21;16;295;86;23;13;0.0;1020;116;SW;224;12
17;16;25;3;296;82;25;13;0.0;1018;113;SW;231;15
16;16;8;22;297;83;24;14;0.0;1021;116;SW;225;4
17;16;13;5;298;82;23;13;0.0;1021;113;SW;217;8
16;16;16;7;299;85;23;13;0.0;1021;113;WSW;250;9
16;15;23;13;300;83;23;12;0.0;1018;113;SW;234;14
17;16;22;23;301;83;23;14;0.0;1017;116;SSW;214;13
17;16;16;9;302;83;25;13;0.0;1015;113;SSW;207;9
11;10;16;30;303;70;15;9;0.0;1021;116;NNE;19;10
9;9;8;19;304;80;15;6;0.0;1027;113;NE;50;5
10;10;5;16;305;84;17;5;0.0;1022;113;S;173;3
13;12;23;42;306;85;19;9;0.9;1016;266;SW;221;14
14;13;28;53;307;83;20;13;14.1;1010;176;SSW;213;18
12;11;16;64;308;83;16;9;1.9;1007;176;S;182;10
9;8;15;85;309;95;12;7;31.9;998;308;NNE;17;11
7;6;8;25;310;86;12;4;0.0;1007;116;SW;219;4
10;10;6;12;311;84;17;5;0.0;1016;113;S;179;4
11;10;19;18;312;86;18;8;0.0;1016;116;SSW;211;10
13;12;23;51;313;87;20;11;19.5;1013;356;S;174;14
9;8;10;73;314;92;12;7;6.9;1007;263;SE;141;6
6;2;38;91;315;91;8;5;37.1;1016;302;NNE;16;26
6;4;14;79;316;87;8;5;2.4;1025;122;N;10;9
6;5;13;81;317;92;8;5;2.7;1024;266;N;10;8
5;4;11;86;318;90;7;4;0.8;1022;266;NNE;32;7
6;4;13;95;319;92;7;5;1.6;1023;266;SE;130;9
7;5;11;51;320;90;10;5;0.1;1028;116;NE;34;7
5;5;4;34;321;91;10;3;0.0;1025;116;SSE;151;2
5;5;7;16;322;90;11;2;0.0;1018;113;SE;139;4
6;6;9;59;323;90;10;4;4.0;1008;302;NE;54;5
9;8;7;61;324;94;12;7;8.8;1002;302;WSW;245;5
6;5;9;57;325;96;8;4;12.3;1003;302;SSE;151;5
4;3;13;96;326;97;7;3;9.1;1003;302;SSE;148;8
6;3;21;100;327;99;8;4;28.4;1004;302;NNE;25;13
6;5;10;85;328;92;9;6;7.8;1008;266;NW;324;7
3;-1;22;46;329;80;5;1;3.3;1017;182;NNW;349;16
1;-4;32;24;330;70;4;0;0.4;1023;113;NNE;24;23
1;-4;28;60;331;73;3;-1;0.4;1028;119;NE;36;20
0;-2;8;27;332;75;4;-2;0.0;1030;113;SW;215;5
0;0;6;12;333;71;6;-2;0.0;1025;113;SW;218;3
1;0;10;54;334;79;6;1;0.0;1019;116;NE;39;5
1;-2;17;11;335;87;5;-1;0.0;1026;113;NE;35;9
1;-1;16;16;336;87;6;1;0.0;1031;116;NNE;31;9
1;0;8;19;337;86;5;1;0.1;1034;113;NE;55;4
0;0;4;14;338;84;4;-1;0.0;1026;116;S;169;3
0;-1;8;3;339;81;5;0;0.0;1024;113;SW;225;5
1;-1;11;53;340;85;4;0;1.5;1017;317;E;87;7
-1;-2;8;45;341;86;4;-2;0.5;1025;116;SSE;148;4
2;0;11;31;342;71;7;-1;0.0;1028;116;SW;220;5
4;2;18;44;343;86;9;3;0.0;1028;116;WSW;250;10
5;4;8;72;344;84;9;3;0.2;1035;266;NE;52;5
3;3;6;30;345;87;6;3;0.1;1037;116;ESE;122;4
2;2;3;2;346;70;8;1;0.0;1033;113;SE;131;2
1;1;3;14;347;88;6;-1;0.0;1027;116;ESE;122;1
0;0;3;10;348;90;6;-3;0.0;1028;113;E;88;2
-1;-2;8;17;349;84;4;-3;0.0;1034;113;SW;221;4
2;2;6;0;350;78;8;0;0.0;1036;113;SSE;150;3
1;1;5;2;351;89;6;-1;0.0;1033;113;ESE;105;3
-1;-2;4;42;352;91;2;-3;0.0;1028;116;ENE;78;3
1;-2;22;15;353;87;7;-2;0.0;1022;113;SSW;214;12
3;1;20;19;354;89;9;1;0.0;1026;113;SSW;209;10
4;3;9;70;355;92;7;2;1.0;1035;119;SE;145;5
6;3;23;20;356;89;11;4;0.0;1030;113;SW;218;12
6;4;18;26;357;89;11;4;0.0;1026;116;SW;227;9
6;3;31;3;358;86;11;4;0.0;1020;113;SSW;202;16
7;3;35;22;359;85;12;4;0.0;1010;116;SSW;193;19
9;7;22;86;360;89;12;8;4.4;999;296;SE;129;12
6;5;15;82;361;92;8;7;3.4;1009;266;SE;127;10
5;3;18;10;362;87;10;2;0.0;1014;113;S;189;9
6;3;19;40;363;89;10;3;2.4;1018;119;ESE;110;10
5;3;13;78;364;88;8;4;1.0;1027;122;NNE;26;9
4;4;7;82;365;91;6;4;1.0;1024;119;NNE;32;5
