HeatIndexC;WindChillC;WindGustKmph;cloudcover;day;humidity;maxtemp;mintemp;precipMM;pressure;weatherCode;winddir16Point;winddirDegree;windspeed
20;20;8;15;244;79;28;19;0.8;1014;386;SW;226;5
21;20;6;28;245;83;27;18;2.2;1015;116;E;89;3
22;21;5;8;246;83;28;20;0.0;1016;113;ESE;119;3
23;22;8;12;247;79;30;19;0.0;1014;113;SSE;160;4
21;21;17;26;248;79;27;18;1.7;1014;176;SW;234;10
17;17;7;41;249;83;21;15;1.1;1022;116;ESE;115;5
18;17;6;7;250;76;25;17;0.0;1016;113;ESE;121;4
17;17;8;33;251;79;23;15;0.0;1013;116;SSE;158;5
18;17;10;24;252;82;24;15;0.0;1014;116;E;81;6
20;19;6;5;253;83;27;17;0.0;1017;113;SSE;151;4
22;21;12;1;254;78;29;18;0.0;1016;113;SW;226;7
21;20;11;9;255;82;27;18;1.7;1015;176;E;90;6
21;20;4;3;256;81;29;20;0.0;1016;113;ESE;120;3
21;21;10;6;257;85;27;20;3.1;1015;113;NNE;28;6
17;17;10;25;258;82;23;14;0.8;1018;113;NE;38;6
16;16;4;7;259;78;24;15;0.0;1019;113;E;83;3
19;18;5;5;260;80;26;17;0.0;1015;113;E;99;3
20;19;12;5;261;76;27;17;0.0;1008;113;SSW;205;7
14;13;20;72;262;90;18;12;45.5;1006;353;ESE;121;13
12;11;11;91;263;94;13;10;2.6;1017;266;NNW;339;7
14;14;9;70;264;86;21;11;0.9;1019;122;SW;233;5
16;16;5;22;265;87;23;14;0.0;1018;113;NE;41;3
16;15;9;7;266;83;22;13;0.0;1018;113;NE;49;5
15;15;5;3;267;80;22;14;0.0;1018;113;E;96;3
15;15;5;3;268;82;23;13;0.0;1021;113;E;80;3
15;15;8;2;269;77;23;12;0.0;1024;113;NNE;32;5
17;16;12;4;270;77;23;13;0.0;1027;113;NNE;23;7
16;16;13;0;271;77;23;13;0.0;1028;113;NNE;21;7
13;13;11;5;272;78;20;10;0.0;1028;113;NNE;16;6
15;14;6;6;273;79;22;12;0.0;1027;113;NNE;17;4
15;15;6;8;274;78;24;12;0.0;1026;113;WSW;241;3
16;15;9;3;275;77;23;13;0.0;1024;113;NNE;16;5
16;16;4;0;276;78;25;13;0.0;1023;113;SSW;197;2
16;16;4;0;277;79;25;12;0.0;1022;113;W;280;2
16;15;4;5;278;77;25;13;0.0;1022;113;SW;219;2
15;15;12;19;279;76;23;12;0.0;1017;113;SSW;197;6
7;5;23;51;280;97;13;2;45.2;1012;308;SW;230;12
6;4;10;29;281;88;12;2;1.1;1013;116;SW;221;6
6;4;17;33;282;80;12;3;0.5;1017;176;NNE;16;10
6;5;10;40;283;77;11;3;0.0;1022;116;SW;227;6
12;12;6;21;284;76;20;8;0.0;1019;116;SW;227;3
14;14;5;23;285;84;21;10;0.0;1018;116;SSW;192;3
10;9;12;76;286;89;12;10;2.0;1022;266;NE;46;8
6;4;21;5;287;76;12;3;0.0;1029;113;NE;39;13
5;3;15;9;288;74;12;1;0.0;1031;113;NNE;25;8
4;1;16;15;289;73;10;1;0.0;1031;113;ENE;58;9
4;4;4;2;290;72;11;1;0.0;1027;113;SE;128;3
6;5;10;0;291;69;14;2;0.0;1022;113;S;173;6
9;7;28;30;292;84;17;4;0.2;1019;116;SW;217;16
6;4;19;82;293;97;6;6;16.4;1022;302;NNE;23;11
4;2;14;79;294;98;7;1;5.4;1027;248;SE;127;8
5;4;10;63;295;83;8;3;0.5;1027;266;ESE;124;6
7;7;6;95;296;88;9;6;1.2;1024;122;NNE;16;4
7;7;6;79;297;89;10;6;0.6;1020;122;SW;217;4
9;9;10;63;298;88;14;6;0.3;1015;263;SE;124;5
10;10;13;64;299;89;15;7;1.7;1017;119;ENE;70;8
11;10;7;99;300;95;13;9;7.6;1021;122;ENE;64;5
9;9;9;66;301;91;14;8;0.2;1026;119;ENE;64;5
10;10;8;72;302;86;14;8;0.0;1027;122;NE;37;5
7;7;4;12;303;87;14;3;0.0;1024;113;NE;47;3
7;7;3;11;304;86;14;3;0.0;1023;113;ESE;110;2
8;8;5;5;305;85;15;3;0.0;1021;113;ESE;114;3
6;6;5;20;306;82;15;2;0.0;1021;113;E;82;3
7;7;13;4;307;79;15;2;0.0;1017;113;S;189;7
10;8;25;28;308;84;16;4;0.0;1015;116;SSW;207;13
11;10;23;12;309;83;18;7;0.0;1015;113;SSW;204;12
11;10;14;23;310;81;17;8;0.0;1018;113;E;85;7
8;7;12;25;311;86;12;5;0.3;1023;113;NE;40;7
7;7;5;37;312;91;15;3;0.0;1024;116;SSE;148;3
7;7;5;7;313;89;15;3;0.0;1023;113;SE;144;3
7;6;11;12;314;88;13;3;0.0;1021;113;NNE;25;6
5;2;14;36;315;69;7;4;0.2;1028;116;NE;38;10
3;1;12;7;316;80;8;-1;0.0;1035;113;NE;43;7
3;3;3;2;317;79;10;-1;0.0;1036;113;SSE;150;1
1;1;3;11;318;76;8;-2;0.0;1030;113;SE;145;1
1;0;5;14;319;78;7;-1;0.0;1024;116;NE;49;3
1;1;5;2;320;78;9;-2;0.0;1025;113;NE;55;3
0;0;3;8;321;84;7;-3;0.0;1027;113;ESE;109;2
-1;-1;3;33;322;82;7;-4;0.0;1026;116;ESE;122;2
-1;-1;4;9;323;79;7;-4;0.0;1025;113;ESE;111;2
-2;-2;4;31;324;77;4;-5;0.0;1026;119;E;93;2
-1;-1;5;5;325;72;5;-4;0.0;1024;113;ESE;105;3
0;-1;9;7;326;71;7;-3;0.0;1022;113;NE;51;5
-1;-2;9;13;327;75;4;-3;0.0;1026;113;NE;36;5
-2;-3;5;8;328;74;3;-6;0.0;1035;113;NE;41;3
-1;-1;4;3;329;81;3;-4;0.0;1033;113;SSE;156;2
-1;-1;4;10;330;87;5;-5;0.0;1032;113;ESE;120;2
1;-1;9;6;331;79;8;-3;0.0;1028;113;SSW;200;5
1;0;10;14;332;81;8;-1;0.0;1031;116;E;79;5
0;0;5;22;333;86;6;-3;0.0;1028;119;ESE;105;3
0;0;4;20;334;84;7;-2;0.0;1028;116;NNE;29;2
0;0;6;14;335;83;6;-3;0.0;1028;113;SSE;149;3
5;2;26;20;336;88;11;1;0.0;1021;113;SSW;211;13
8;6;27;42;337;89;13;5;0.1;1018;116;SSW;212;14
9;7;30;33;338;85;14;7;0.0;1013;116;SW;227;16
9;6;32;67;339;88;13;10;10.7;1005;353;S;174;19
2;1;9;41;340;85;4;2;1.1;1014;119;WNW;285;6
2;0;17;36;341;74;7;-1;0.0;1015;116;SSW;208;9
4;2;14;18;342;71;10;1;0.1;1022;113;WSW;236;8
5;2;28;35;343;75;9;1;0.0;1021;116;SSW;205;14
8;7;21;66;344;88;12;7;0.0;1017;122;SW;233;11
6;5;10;92;345;91;7;5;1.3;1020;266;NE;48;6
7;6;14;72;346;92;11;4;1.8;1015;122;S;181;8
5;3;15;42;347;89;8;3;6.3;1018;116;SSW;207;9
7;5;30;43;348;86;12;4;0.2;1016;116;S;190;16
6;4;17;65;349;89;7;5;10.3;1014;302;SE;130;10
6;2;37;49;350;86;9;1;2.0;1001;263;SSW;197;20
3;0;23;53;351;86;5;1;4.2;1011;113;ESE;117;13
0;-2;11;20;352;84;3;-2;0.0;1012;113;ESE;119;6
0;-4;25;78;353;84;2;-1;4.2;1016;332;NNE;21;16
-2;-5;14;40;354;84;1;-5;0.3;1017;113;SW;227;8
-1;-3;8;37;355;66;3;-4;0.2;1017;116;SSW;205;4
-1;-2;7;38;356;84;3;-3;0.5;1023;116;NNE;18;4
-1;-3;11;55;357;88;2;-3;0.0;1025;119;SW;220;6
0;-1;9;53;358;87;3;-3;2.3;1022;263;NE;46;5
0;-1;7;18;359;91;4;-2;0.1;1033;113;WNW;286;4
0;-1;6;81;360;88;3;-2;0.8;1039;266;WSW;253;3
1;0;7;62;361;95;3;-1;0.1;1038;143;S;181;4
0;0;5;13;362;90;5;-3;0.0;1032;113;SSE;152;3
0;-1;6;33;363;84;3;-3;1.6;1025;116;NE;45;3
-1;-3;12;59;364;92;2;-3;1.1;1015;293;W;269;6
-1;-3;12;22;365;82;3;-2;0.0;1020;113;SSW;201;6
