HeatIndexC;WindChillC;WindGustKmph;cloudcover;day;humidity;maxtemp;mintemp;precipMM;pressure;weatherCode;winddir16Point;winddirDegree;windspeed
27;27;23;1;244;46;35;23;0.0;1013;113;SW;232;15
26;25;20;19;245;58;31;22;1.3;1013;176;ESE;107;13
24;23;18;13;246;58;30;19;0.0;1012;113;SE;146;10
24;23;14;37;247;67;29;18;4.7;1013;176;ESE;112;9
18;18;16;69;248;83;25;17;8.4;1012;353;NNE;14;10
19;18;15;41;249;70;24;15;2.8;1018;176;SSE;152;9
17;16;10;21;250;58;23;14;0.0;1022;113;ESE;102;6
17;15;12;33;251;60;22;14;0.0;1023;119;ESE;104;7
17;16;15;14;252;53;23;16;0.0;1020;113;ENE;68;10
14;13;24;41;253;70;20;12;0.2;1019;119;ENE;60;16
17;16;10;62;254;80;23;12;0.6;1020;176;ESE;112;6
21;19;9;7;255;68;27;18;0.0;1021;113;SW;214;6
22;22;14;24;256;60;29;18;0.0;1018;116;SSW;197;9
24;23;27;27;257;59;31;18;2.2;1012;176;SSW;204;18
25;24;25;18;258;69;31;20;0.5;1012;176;SW;221;17
26;25;32;21;259;65;32;21;0.0;1010;116;SW;227;22
28;27;30;6;260;57;35;23;0.0;1010;113;WSW;236;20
26;25;11;7;261;54;32;18;0.5;1015;113;SE;134;7
23;21;24;16;262;64;27;18;0.6;1017;113;NE;39;15
17;16;23;62;263;71;19;16;1.5;1016;263;NE;37;14
18;16;21;4;264;57;22;13;0.0;1017;113;NE;48;13
18;17;10;3;265;60;24;14;0.0;1011;113;SE;139;6
20;19;21;29;266;58;27;14;0.0;1008;116;S;170;13
15;14;24;78;267;69;17;14;1.1;1014;353;SE;134;17
13;12;14;95;268;93;14;12;56.2;1016;308;WNW;290;9
14;13;18;81;269;88;16;13;6.8;1019;266;SW;235;11
14;13;34;32;270;62;19;11;0.0;1024;116;NE;38;22
14;12;34;56;271;58;18;11;0.0;1028;119;NE;35;22
13;11;25;66;272;60;18;12;0.4;1028;266;NE;42;17
12;11;30;58;273;60;17;8;0.1;1029;116;NE;51;19
14;12;23;37;274;60;19;9;0.0;1029;116;NE;50;15
16;14;13;18;275;60;21;10;0.0;1027;113;E;98;8
18;17;16;24;276;71;23;13;0.0;1022;119;SSW;204;10
20;18;28;42;277;74;23;14;3.1;1019;122;SW;233;18
20;19;9;7;278;75;25;14;0.1;1017;113;SW;229;5
16;16;9;62;279;83;20;14;1.3;1012;263;SSW;200;6
14;13;17;85;280;93;15;13;21.5;1012;308;NE;37;11
14;13;19;100;281;94;15;13;10.6;1016;302;N;10;12
15;14;9;76;282;85;19;13;0.5;1019;353;SSE;158;6
12;10;27;86;283;90;13;11;10.7;1014;302;NE;50;18
9;5;34;90;284;89;10;9;27.6;1009;302;NNE;21;25
9;7;10;18;285;71;14;5;0.0;1017;113;SSE;167;6
6;6;8;86;286;84;9;5;7.8;1017;302;NE;53;5
11;10;14;100;287;95;15;10;23.1;1011;302;NE;34;10
14;13;7;74;288;94;18;11;13.6;1010;356;SSE;158;4
13;12;13;34;289;82;19;9;0.3;1015;176;SW;222;8
12;11;9;47;290;79;17;9;0.2;1018;176;NE;44;5
11;11;5;84;291;86;16;9;0.1;1018;176;SSE;159;3
9;7;18;95;292;92;11;8;14.3;1016;302;SE;129;13
10;9;11;49;293;80;14;6;0.0;1018;119;SSE;167;6
10;9;7;39;294;77;14;6;0.0;1019;116;SE;143;4
9;6;27;16;295;80;14;6;0.0;1017;113;NE;42;17
8;8;9;50;296;81;13;6;0.1;1022;122;SW;220;4
11;11;7;4;297;83;17;6;0.0;1023;113;SSW;202;4
11;10;4;23;298;82;16;5;0.0;1023;119;S;184;2
12;12;9;19;299;79;18;8;0.0;1024;113;ENE;71;5
12;11;6;0;300;82;17;7;0.0;1022;113;ESE;110;3
11;10;8;34;301;85;17;5;0.0;1018;113;SSE;168;5
11;10;13;88;302;89;13;10;4.4;1018;296;NE;41;9
9;7;20;6;303;78;13;7;0.0;1027;113;NE;42;12
10;8;29;1;304;67;14;6;0.0;1034;113;NE;50;17
6;3;27;0;305;60;11;3;0.0;1038;113;NE;37;15
7;6;8;6;306;72;12;4;0.0;1033;113;SSW;206;4
8;7;13;10;307;66;16;3;0.0;1027;116;S;189;7
10;9;12;5;308;66;17;6;0.0;1022;113;WSW;242;6
9;9;4;8;309;69;15;5;0.0;1022;113;E;81;3
10;10;5;7;310;76;18;5;0.0;1025;113;W;265;3
10;10;8;17;311;71;18;6;0.0;1028;116;SW;222;5
13;13;5;12;312;68;21;9;0.0;1029;113;SSW;209;3
14;14;12;4;313;70;21;12;0.0;1025;113;WNW;287;6
13;13;5;18;314;74;20;10;0.0;1025;113;SW;234;3
14;14;8;3;315;74;21;11;0.0;1025;113;E;80;4
13;13;8;9;316;81;21;10;0.0;1026;113;SE;125;4
10;10;9;28;317;81;15;7;0.0;1027;116;SSW;210;5
10;9;13;43;318;77;14;7;0.0;1027;122;E;92;8
9;8;17;25;319;75;14;5;0.0;1020;116;SW;235;10
12;12;13;7;320;76;19;8;0.0;1019;113;SSW;210;7
12;12;13;29;321;73;19;9;0.0;1019;119;WSW;250;8
12;11;21;13;322;79;17;10;0.0;1020;113;WSW;249;12
11;10;17;27;323;82;16;7;0.0;1021;119;WSW;248;9
12;9;36;67;324;79;17;8;0.1;1012;122;WSW;240;22
9;6;30;93;325;81;14;6;34.3;993;308;NE;41;22
4;1;19;74;326;79;6;2;3.3;1002;317;SW;215;11
3;1;12;73;327;74;6;2;1.0;1021;176;ENE;70;8
3;0;15;83;328;75;5;2;1.1;1025;176;ENE;64;10
2;1;5;51;329;81;4;1;0.0;1013;122;ESE;124;4
3;-1;20;65;330;79;5;2;0.2;1010;119;NNE;26;13
3;-2;31;67;331;80;5;1;0.1;1015;122;NE;42;23
2;-1;12;45;332;79;5;0;0.0;1014;116;SW;230;7
4;2;15;29;333;73;8;2;0.0;1024;113;SSW;210;8
6;3;28;32;334;80;10;3;0.0;1024;116;WSW;245;15
8;6;28;36;335;83;11;8;0.0;1024;116;WSW;253;15
9;9;5;15;336;84;14;5;0.0;1029;113;SSW;191;3
8;7;8;4;337;85;13;5;0.0;1031;113;ENE;64;4
7;6;7;25;338;92;13;3;0.0;1032;119;SE;140;4
5;5;6;26;339;89;10;3;0.0;1035;119;SSW;192;3
6;4;22;2;340;84;11;4;0.0;1033;113;SW;235;12
6;5;10;11;341;82;11;4;0.0;1036;116;SW;229;5
4;4;3;18;342;88;9;2;0.0;1035;113;ESE;118;1
2;1;5;44;343;89;6;0;0.0;1034;116;SW;235;3
4;2;11;40;344;80;9;4;0.1;1037;116;WSW;240;7
3;2;8;4;345;84;7;1;0.0;1032;113;SSW;214;5
2;2;5;15;346;82;8;0;0.0;1027;113;SSW;203;3
3;1;17;11;347;76;9;2;0.0;1023;113;WSW;246;9
3;2;8;47;348;83;7;2;0.0;1026;119;ENE;66;4
3;3;2;39;349;91;8;1;0.0;1028;116;SSE;149;1
3;2;6;24;350;89;8;1;0.0;1032;116;ENE;62;3
1;0;9;44;351;92;6;0;0.0;1032;119;SSW;210;5
3;2;6;24;352;80;9;1;0.0;1028;113;SSW;206;3
4;4;4;11;353;78;10;2;0.0;1028;113;S;188;2
5;4;9;7;354;82;10;2;0.0;1029;113;S;171;5
7;4;29;5;355;85;12;5;0.0;1030;113;SW;227;15
8;6;18;9;356;86;11;6;0.0;1033;113;WSW;247;9
8;6;19;18;357;85;12;6;0.0;1031;113;WSW;253;10
7;6;14;6;358;85;11;5;0.0;1031;113;SSW;213;8
7;6;13;5;359;85;12;4;0.0;1034;113;WSW;247;7
8;8;7;2;360;81;14;5;0.0;1033;113;S;184;4
8;8;5;0;361;68;15;5;0.0;1032;113;WNW;289;3
5;5;4;21;362;78;12;3;0.0;1030;116;S;189;2
3;1;15;35;363;77;7;2;0.0;1031;116;NE;38;9
0;-4;21;13;364;67;3;0;0.0;1035;113;NE;56;13
0;-2;6;28;365;61;4;-2;0.0;1032;116;NE;47;5
