HeatIndexC;WindChillC;WindGustKmph;cloudcover;day;humidity;maxtemp;mintemp;precipMM;pressure;weatherCode;winddir16Point;winddirDegree;windspeed
25;23;8;23;244;66;28;22;3.2;1013;176;SW;227;6
16;16;13;88;245;73;19;15;13.1;1012;353;NNE;31;9
16;16;12;60;246;65;19;14;2.5;1012;176;NNE;21;9
18;18;7;0;247;58;24;13;0.0;1018;113;SW;219;5
21;20;5;1;248;53;27;15;0.0;1020;113;W;278;3
23;22;10;12;249;56;28;16;0.0;1017;119;SW;231;6
16;16;11;80;250;81;17;15;2.3;1017;176;ENE;71;8
18;18;6;61;251;69;23;14;0.0;1015;122;SE;133;4
20;20;12;6;252;64;26;14;0.0;1007;113;SSW;210;8
21;20;9;46;253;76;25;17;9.3;1006;119;WSW;239;6
20;20;8;51;254;84;23;18;9.0;1003;299;E;84;5
15;15;10;94;255;84;17;15;6.3;1009;122;S;191;7
19;18;12;17;256;68;24;13;2.1;1018;116;SSW;208;8
20;19;22;5;257;61;26;16;0.0;1012;113;SW;233;15
14;13;10;67;258;71;18;12;8.1;1016;122;SSE;166;8
18;17;7;44;259;76;24;12;8.3;1011;386;SSW;202;5
19;18;9;44;260;78;21;16;23.0;1012;200;S;173;6
16;16;5;69;261;76;22;12;4.6;1016;122;NE;53;4
11;9;17;90;262;90;12;9;61.0;1012;308;WSW;251;12
11;11;8;76;263;85;13;10;0.0;1015;176;WNW;303;5
14;13;11;18;264;63;20;9;0.0;1019;116;SW;220;7
16;16;7;8;265;58;21;11;0.0;1021;113;SW;214;4
19;17;5;17;266;65;23;12;4.2;1021;113;SSE;167;3
14;15;8;85;267;79;19;13;8.8;1020;122;ENE;68;5
15;15;12;75;268;73;18;12;0.0;1021;119;NE;55;8
15;15;12;77;269;80;19;13;1.1;1023;176;NE;47;8
16;15;13;47;270;75;20;13;0.0;1025;119;ENE;60;9
15;15;11;19;271;64;20;12;0.0;1028;116;ENE;75;8
14;14;10;0;272;60;19;11;0.0;1026;113;ENE;76;7
14;14;8;0;273;58;18;10;0.0;1023;113;E;86;6
14;14;6;0;274;57;19;10;0.0;1023;113;ENE;65;5
15;15;5;0;275;62;20;10;0.0;1024;113;SE;145;4
15;14;14;54;276;78;21;10;9.8;1020;293;WSW;247;9
16;16;9;33;277;70;20;13;0.0;1025;116;SSE;156;6
18;17;22;0;278;75;23;13;0.0;1016;113;WSW;246;14
12;11;9;52;279;84;12;10;13.9;1014;302;SSW;213;7
12;11;9;20;280;64;17;8;0.0;1019;116;NNE;12;6
12;12;7;25;281;70;18;8;0.0;1016;122;SW;225;5
12;12;7;56;282;74;15;10;0.0;1019;122;ENE;70;5
13;13;5;44;283;78;17;10;0.0;1021;119;S;177;4
14;15;7;16;284;74;20;10;0.0;1023;113;SSW;192;4
18;17;9;0;285;75;23;11;0.0;1024;113;WSW;246;6
17;17;3;0;286;76;22;12;0.0;1026;113;SW;231;2
17;17;3;3;287;76;22;12;0.0;1028;113;S;170;2
18;18;3;0;288;74;24;12;0.0;1029;113;S;190;3
19;19;4;0;289;71;25;13;0.0;1027;113;S;174;3
18;17;4;30;290;72;23;13;0.0;1025;116;S;184;3
18;17;11;28;291;66;22;12;0.0;1018;119;SW;224;7
17;16;11;0;292;63;22;11;0.0;1017;113;WSW;242;6
16;16;12;0;293;61;21;11;0.0;1019;113;SW;229;7
15;15;10;9;294;69;20;11;0.0;1019;113;W;260;6
12;11;16;62;295;85;16;12;24.0;1014;389;ESE;101;10
10;9;16;94;296;77;12;9;4.3;1013;296;NNW;332;10
12;10;30;9;297;65;16;9;0.0;1020;113;NNE;17;20
11;11;7;0;298;75;16;7;0.0;1026;113;WSW;246;5
14;14;5;0;299;71;19;11;0.0;1025;113;S;183;3
13;12;10;31;300;71;18;11;5.0;1018;302;SSW;199;7
10;10;8;23;301;75;13;7;0.0;1019;119;SSW;212;5
11;10;24;38;302;64;16;10;1.4;1007;296;S;176;14
10;10;6;24;303;55;13;7;0.0;1019;116;W;266;4
9;9;5;10;304;58;12;6;0.0;1026;113;SSW;214;4
9;9;4;19;305;59;13;5;0.0;1025;116;SSW;198;3
11;10;16;34;306;72;16;7;0.0;1019;116;WSW;237;10
11;11;8;49;307;81;13;9;0.0;1018;119;ENE;78;5
10;10;6;18;308;76;15;6;0.0;1019;116;SSE;160;4
12;11;11;25;309;70;17;9;0.0;1013;116;S;180;6
8;6;18;100;310;86;8;7;41.6;1012;308;NNE;15;13
7;5;19;83;311;88;8;7;36.4;1016;302;SE;134;13
8;8;6;82;312;88;11;7;8.4;1016;266;WSW;237;4
8;8;4;68;313;83;12;6;0.0;1022;119;ENE;69;3
9;9;5;72;314;82;12;8;0.0;1021;122;SSE;151;4
9;9;7;36;315;82;13;6;0.0;1015;116;SSW;197;4
11;10;16;79;316;80;14;8;0.1;1006;176;SW;219;9
7;3;28;85;317;70;7;6;27.2;1005;296;NNE;29;20
5;2;27;52;318;65;6;5;0.0;1020;119;NE;40;18
4;2;12;69;319;70;5;3;0.1;1026;122;NNE;34;9
5;4;8;97;320;76;5;4;0.1;1025;176;NNE;33;6
5;3;9;96;321;78;6;5;0.6;1022;266;NNE;24;7
6;5;5;61;322;78;8;5;0.2;1020;266;NE;46;4
5;4;4;62;323;85;7;3;0.4;1016;176;SW;215;3
5;4;9;34;324;68;10;2;0.0;1021;119;SSE;146;5
7;6;15;61;325;72;11;4;0.2;1018;119;WSW;247;9
9;8;20;11;326;80;14;6;0.0;1018;116;WSW;244;12
10;8;20;23;327;83;14;7;0.0;1018;122;SW;218;11
10;9;10;21;328;84;15;7;0.0;1020;116;WSW;238;6
10;9;16;61;329;80;15;7;1.1;1014;122;SSW;201;9
7;4;23;73;330;69;8;7;26.4;1018;266;NNE;30;16
4;3;6;7;331;66;7;2;0.0;1025;116;SSE;153;4
3;2;9;24;332;65;7;1;0.0;1017;116;S;180;5
4;2;9;92;333;83;5;3;14.4;1008;293;ESE;122;6
4;3;6;96;334;86;5;4;29.3;1002;293;SW;223;5
4;2;10;58;335;78;6;3;0.6;1013;176;ENE;77;7
1;-2;15;33;336;72;4;0;0.0;1020;116;NE;39;11
1;-1;12;73;337;71;3;0;0.1;1022;326;NE;39;9
1;0;10;43;338;62;4;-1;0.0;1027;119;SW;231;6
3;2;9;53;339;62;6;0;0.1;1032;119;SW;230;5
4;3;5;10;340;74;7;2;0.0;1032;116;WSW;244;3
5;3;13;5;341;84;9;2;0.0;1027;116;SW;231;7
8;5;27;63;342;81;11;7;12.6;1014;296;SW;220;16
3;0;15;67;343;76;3;3;24.5;1012;338;ESE;105;10
3;0;21;30;344;60;7;0;0.0;1011;116;SSW;209;13
11;9;37;50;345;73;14;9;0.0;1001;119;SSW;199;19
12;10;29;77;346;79;13;12;18.2;1008;302;SSW;197;16
5;3;13;79;347;79;6;5;17.2;1018;296;E;84;9
7;5;21;68;348;80;12;6;0.7;1007;122;SW;221;12
9;7;24;78;349;75;13;10;12.8;1000;356;WSW;254;15
4;3;7;83;350;85;6;3;3.3;1007;317;WSW;258;5
2;2;6;53;351;85;5;1;1.0;1020;182;NW;310;4
2;1;5;34;352;74;4;0;0.0;1026;116;ESE;121;3
1;0;6;7;353;70;4;0;0.0;1033;116;WSW;245;4
1;0;5;77;354;64;3;0;0.0;1034;122;WSW;251;3
1;-1;9;63;355;75;4;-1;0.0;1034;119;SW;233;6
2;2;5;30;356;77;6;0;0.0;1031;116;WSW;242;3
3;2;9;38;357;85;6;0;0.0;1031;116;SW;235;5
5;4;6;7;358;74;11;3;0.0;1027;116;SSW;204;4
6;6;8;0;359;77;10;4;0.0;1024;113;WSW;241;5
8;6;22;39;360;81;12;6;0.0;1015;119;SW;215;12
8;6;23;44;361;77;13;5;0.2;1000;116;S;185;14
7;5;14;96;362;82;9;6;19.1;992;356;ENE;72;9
4;3;7;39;363;69;6;3;0.9;1011;122;ENE;69;5
3;2;8;42;364;73;6;1;0.0;1016;119;S;187;5
6;4;19;29;365;80;9;5;0.5;1018;116;WSW;238;10
