HeatIndexC;WindChillC;WindGustKmph;cloudcover;day;humidity;maxtemp;mintemp;precipMM;pressure;weatherCode;winddir16Point;winddirDegree;windspeed
21;21;8;0;244;65;31;18;0.0;1019;113;S;178;5
22;21;12;7;245;68;30;18;0.0;1016;113;NNE;33;7
23;23;17;16;246;67;31;20;0.0;1011;113;SW;233;11
21;21;12;45;247;87;25;18;24.0;1010;353;SSW;194;7
15;15;10;43;248;76;18;14;16.3;1018;176;ENE;74;7
15;15;14;14;249;66;21;13;0.6;1023;113;NNE;27;9
15;14;15;5;250;66;22;12;0.0;1024;113;NNE;26;9
16;15;17;23;251;63;22;13;0.0;1024;116;NNE;34;10
17;16;16;49;252;66;22;14;0.1;1023;116;NNE;32;10
19;19;16;27;253;63;25;16;0.0;1022;116;NE;53;9
17;17;21;43;254;82;21;15;3.8;1020;263;NNE;18;13
19;18;19;39;255;73;24;15;0.6;1018;200;NNE;26;12
17;17;12;15;256;75;24;14;0.2;1015;113;NE;49;6
15;15;15;48;257;79;20;12;1.3;1013;263;NNE;34;9
18;17;7;41;258;81;26;14;0.0;1017;116;SE;124;4
18;18;8;40;259;77;23;15;0.4;1014;116;ENE;56;5
20;19;5;36;260;86;25;17;12.9;1012;356;SW;218;3
18;17;10;54;261;85;24;15;1.2;1017;119;NNE;32;6
18;18;8;22;262;77;25;16;0.0;1018;113;E;81;5
18;18;14;20;263;72;25;15;0.0;1018;113;ENE;59;8
19;18;10;4;264;69;26;16;0.0;1021;113;ENE;67;6
18;18;7;3;265;69;26;16;0.0;1024;113;NE;54;4
19;19;5;2;266;72;28;17;0.0;1025;113;E;80;3
18;18;6;3;267;70;26;16;0.0;1021;113;NNE;26;4
18;17;19;38;268;69;23;14;0.4;1021;176;NNE;30;12
16;16;17;24;269;58;22;13;0.0;1025;113;NE;45;11
16;15;14;10;270;62;23;12;0.0;1026;113;ENE;61;8
17;17;8;8;271;67;25;14;0.0;1022;113;NNE;32;5
18;18;9;9;272;70;26;14;0.0;1017;113;SSW;202;5
18;17;9;20;273;70;25;14;0.0;1017;116;ESE;113;5
18;18;16;14;274;75;26;14;1.0;1013;113;WSW;240;10
13;13;11;63;275;93;14;13;26.6;1015;302;E;87;7
12;12;8;13;276;77;20;10;0.0;1017;113;ENE;69;5
13;12;12;3;277;68;21;9;0.0;1015;113;S;182;6
16;15;12;25;278;82;23;12;0.0;1019;116;SSE;150;6
19;19;20;14;279;78;26;15;0.0;1020;113;WSW;238;12
20;19;14;13;280;80;26;16;0.0;1020;113;WSW;246;8
19;19;18;24;281;82;25;15;0.0;1016;116;WSW;245;11
19;18;13;26;282;81;26;16;0.9;1018;116;ESE;112;8
17;16;6;48;283;84;23;13;9.9;1015;116;E;92;4
15;14;15;49;284;83;19;14;17.9;1014;176;SSW;197;9
10;8;18;64;285;86;12;8;26.4;1007;389;ENE;79;10
8;5;32;29;286;61;12;7;0.1;1014;116;NNW;346;21
6;3;21;32;287;56;10;3;0.1;1019;116;NNW;336;13
6;5;10;14;288;50;12;3;0.1;1020;113;SSW;206;6
4;2;12;22;289;65;10;0;0.4;1019;113;SSE;168;6
6;5;11;37;290;71;12;4;2.0;1016;116;SE;143;6
4;3;14;50;291;80;9;2;2.1;1017;263;NNE;27;9
4;2;17;54;292;76;9;1;0.1;1018;119;NE;36;10
5;4;11;24;293;72;11;1;0.2;1017;113;SSW;196;6
9;8;22;43;294;81;16;6;0.0;1015;116;SW;221;13
13;13;19;36;295;86;21;9;2.3;1008;293;SSE;164;10
12;11;24;60;296;92;16;10;24.6;1007;302;NE;37;15
10;9;22;89;297;92;12;10;21.2;1014;296;WSW;239;15
11;10;9;42;298;88;15;9;0.4;1018;116;NE;46;6
11;11;9;58;299;88;15;9;0.0;1018;116;ENE;60;5
12;12;9;36;300;79;17;11;0.5;1021;116;E;96;5
10;10;7;12;301;80;16;7;0.0;1021;113;S;178;4
9;9;9;19;302;83;16;5;0.0;1020;113;NE;42;5
7;5;15;54;303;83;10;7;0.7;1027;122;NE;37;9
4;3;9;23;304;83;10;1;0.0;1029;119;ENE;58;5
3;2;7;16;305;80;10;-1;0.0;1024;116;SE;125;4
3;2;13;28;306;78;11;-1;2.6;1011;293;SE;128;7
1;-3;24;91;307;97;3;0;42.6;1001;338;NNE;18;15
1;-1;11;45;308;90;5;-1;4.5;1001;293;ESE;121;7
3;1;15;72;309;93;6;3;15.2;1004;116;ESE;104;9
4;2;14;69;310;94;7;3;8.5;1005;116;E;94;8
6;6;9;56;311;92;10;5;3.5;1007;119;SSW;196;5
5;3;15;78;312;98;7;3;10.7;1002;302;NNE;28;9
7;6;12;52;313;91;12;5;0.4;1006;116;E;86;6
6;4;21;71;314;91;8;5;9.4;1005;299;N;11;12
6;5;11;47;315;86;10;5;1.4;1007;263;SSW;202;6
6;5;9;14;316;86;12;2;0.0;1014;113;S;176;4
8;6;18;9;317;88;14;4;0.0;1020;113;SW;224;9
10;9;28;35;318;87;15;7;0.0;1020;116;SSW;214;16
12;11;18;52;319;88;16;10;0.5;1019;353;SW;234;10
13;12;21;41;320;88;17;11;0.4;1017;116;SW;234;13
12;11;26;25;321;88;17;10;0.0;1019;116;SW;229;15
12;11;15;32;322;90;15;10;0.0;1024;116;WNW;294;8
11;11;9;3;323;87;18;7;0.0;1027;113;SW;224;5
10;9;17;3;324;82;16;6;0.0;1029;113;SW;232;9
9;8;14;12;325;81;15;6;0.0;1029;116;SSW;204;8
8;6;22;12;326;81;15;4;0.0;1022;116;SW;232;12
8;7;13;56;327;94;10;6;2.8;1019;296;SE;144;7
10;8;18;24;328;88;15;8;0.0;1018;116;WSW;256;9
9;7;18;15;329;86;14;6;0.0;1020;116;SW;220;9
9;7;25;18;330;88;13;7;0.0;1018;116;SW;233;14
10;8;26;40;331;88;14;8;0.9;1014;263;SSW;208;14
8;7;14;55;332;93;9;8;29.9;1015;308;ESE;115;8
8;5;28;24;333;88;13;5;0.0;1015;119;SSW;202;15
11;9;35;31;334;83;16;9;0.1;1005;119;S;170;18
10;9;17;61;335;90;11;10;18.3;1003;299;SW;217;9
5;5;8;24;336;89;9;4;0.1;1016;116;ENE;68;4
3;2;5;19;337;86;7;1;0.0;1013;116;ESE;112;3
2;0;13;41;338;93;5;0;0.1;1009;143;NE;46;8
2;1;8;22;339;90;6;0;0.0;1017;113;SW;236;4
2;1;7;21;340;88;7;0;0.0;1019;116;SE;134;4
3;2;9;37;341;91;6;1;0.7;1018;263;WSW;250;4
6;4;25;83;342;97;9;6;44.9;1012;308;ESE;121;14
4;2;23;78;343;95;6;4;18.2;1020;296;SE;128;13
5;4;12;41;344;89;8;4;0.3;1024;116;E;87;6
5;4;10;66;345;91;7;4;4.5;1017;266;SSW;191;6
2;-2;31;81;346;90;4;1;8.7;1017;332;NNE;21;20
0;-3;14;72;347;84;1;-1;1.2;1019;326;NE;56;10
-2;-7;20;89;348;92;-1;-2;10.7;1019;338;NE;34;15
-3;-8;27;94;349;90;-2;-3;7.4;1013;332;NE;40;19
-4;-7;16;94;350;96;-3;-5;9.5;1009;332;NNE;33;10
-8;-8;4;43;351;96;-4;-12;0.6;1007;143;ENE;75;3
-8;-11;11;61;352;95;-5;-9;0.8;1008;143;SW;225;6
-9;-14;19;95;353;97;-8;-9;20.4;1002;338;NNE;32;13
-9;-15;18;39;354;92;-6;-11;0.4;1010;119;SSW;198;10
-5;-9;24;42;355;96;0;-13;0.3;1014;260;S;190;12
2;-2;31;78;356;99;3;1;2.5;1005;266;S;185;15
7;3;40;58;357;97;10;5;3.6;1000;263;SW;219;19
10;8;36;38;358;91;12;8;0.9;1003;116;S;178;18
12;10;41;58;359;89;15;13;6.6;997;119;SW;215;21
6;4;12;28;360;86;8;5;7.0;1012;113;SE;135;7
2;0;17;91;361;97;4;1;13.3;1007;320;NNE;20;11
2;0;12;35;362;86;7;0;0.3;1009;116;SW;219;6
3;2;9;97;363;90;4;3;4.5;1010;296;NE;48;6
7;5;21;74;364;96;9;6;3.2;1002;296;SW;221;10
10;8;23;46;365;91;13;7;1.2;998;266;SW;227;12
