cloudcover;day;maxtemp;mintemp;precipMM;pressure;windspeed
1;278;17;7;0.0;1026;14
6;279;20;10;0.0;1017;21
48;280;20;13;0.0;1014;10
13;281;19;10;0.0;1022;12
4;282;21;10;0.0;1024;6
3;283;22;13;0.0;1024;11
0;284;22;12;0.0;1023;15
0;285;21;12;0.0;1027;13
0;286;21;11;0.0;1027;10
1;287;21;11;0.0;1023;18
6;288;20;12;0.0;1021;20
24;289;20;11;0.0;1021;14
46;290;19;11;0.0;1021;10
55;291;19;11;4.2;1020;6
13;292;18;10;0.0;1022;12
54;293;17;8;0.5;1025;11
49;294;12;6;0.2;1028;16
19;295;15;5;0.0;1027;9
69;296;13;5;3.1;1020;20
55;297;11;9;6.4;1011;31
