cloudcover;day;maxtemp;mintemp;precipMM;pressure;windspeed
2;278;21;11;0.0;1030;12
0;279;21;13;0.0;1026;10
5;280;23;12;0.0;1019;9
0;281;22;16;0.0;1019;6
2;282;23;15;0.0;1024;12
3;283;21;14;0.0;1026;13
32;284;21;14;0.0;1027;16
5;285;22;15;0.0;1028;17
8;286;21;14;0.0;1029;19
1;287;20;12;0.0;1028;18
2;288;22;13;0.0;1026;15
6;289;22;13;0.0;1024;9
6;290;23;15;0.0;1022;13
30;291;22;15;0.0;1019;11
31;292;22;15;0.0;1017;4
88;293;21;16;1.0;1019;6
82;294;19;15;0.8;1020;9
19;295;18;12;0.0;1023;12
12;296;19;11;0.0;1018;14
51;297;18;13;0.2;1003;30
