cloudcover;day;maxtemp;mintemp;precipMM;pressure;windspeed
1;278;21;12;0.0;1028;7
13;279;23;12;0.0;1020;12
39;280;24;15;0.1;1015;7
30;281;24;15;0.0;1019;6
6;282;26;16;0.0;1023;5
34;283;24;15;0.0;1025;6
3;284;24;17;0.0;1024;8
3;285;24;16;0.0;1027;5
1;286;26;17;0.0;1028;5
2;287;23;15;0.0;1025;9
3;288;23;14;0.0;1023;8
20;289;22;14;0.0;1022;10
51;290;22;14;0.0;1021;8
52;291;19;15;0.0;1019;4
52;292;20;15;1.2;1020;7
21;293;19;13;0.0;1023;10
68;294;15;9;1.3;1023;15
56;295;17;11;0.0;1024;7
41;296;15;9;0.0;1019;19
54;297;14;11;5.2;1009;30
