cloudcover;day;maxtemp;mintemp;precipMM;pressure;windspeed;cloudcover;maxtemp;mintemp;precipMM;pressure;windspeed;cloudcover;maxtemp;mintemp;precipMM;pressure;windspeed;cloudcover;maxtemp;mintemp;precipMM;pressure;windspeed;cloudcover;maxtemp;mintemp;precipMM;pressure;windspeed;cloudcover;maxtemp;mintemp;precipMM;pressure;windspeed;cloudcover;maxtemp;mintemp;precipMM;pressure;windspeed;cloudcover;maxtemp;mintemp;precipMM;pressure;windspeed;cloudcover;maxtemp;mintemp;precipMM;pressure;windspeed
1;278;21;12;0.0;1028;7;1;17;7;0.0;1026;14;1;14;7;0.0;1029;5;0;20;9;0.0;1028;6;6;21;12;0.0;1026;4;0;20;8;0.0;1021;8;21;16;7;0.0;1027;13;2;21;11;0.0;1030;12;15;24;8;0.0;1025;4
13;279;23;12;0.0;1020;12;6;20;10;0.0;1017;21;6;17;7;0.0;1022;7;2;26;13;0.0;1022;10;32;23;12;0.0;1018;3;10;22;10;0.0;1013;8;3;19;8;0.0;1019;18;0;21;13;0.0;1026;10;57;20;13;10.2;1020;7
39;280;24;15;0.1;1015;7;48;20;13;0.0;1014;10;22;19;11;0.0;1016;7;9;26;14;0.0;1016;7;56;21;13;0.2;1014;4;35;22;12;0.5;1015;8;47;20;13;0.2;1014;17;5;23;12;0.0;1019;9;61;20;12;5.0;1015;6
30;281;24;15;0.0;1019;6;13;19;10;0.0;1022;12;34;18;12;1.5;1021;13;8;25;15;0.0;1018;8;64;22;14;1.2;1020;5;14;22;10;0.0;1021;6;27;14;7;0.0;1023;9;0;22;16;0.0;1019;6;59;18;11;11.3;1019;4
6;282;26;16;0.0;1023;5;4;21;10;0.0;1024;6;6;21;11;0.0;1024;5;5;24;15;0.0;1023;5;28;22;13;0.0;1023;5;10;22;12;0.0;1022;6;8;15;6;0.0;1026;7;2;23;15;0.0;1024;12;34;20;11;0.0;1022;5
34;283;24;15;0.0;1025;6;3;22;13;0.0;1024;11;2;24;13;0.0;1026;6;4;24;14;0.0;1024;5;1;23;14;0.0;1024;5;2;21;10;0.0;1018;10;6;19;9;0.0;1028;7;3;21;14;0.0;1026;13;0;21;10;0.0;1023;5
3;284;24;17;0.0;1024;8;0;22;12;0.0;1023;15;1;21;13;0.0;1025;5;6;24;14;0.0;1025;3;0;23;14;0.0;1023;4;11;20;11;0.0;1016;12;30;20;11;0.0;1028;15;32;21;14;0.0;1027;16;3;23;10;0.0;1022;4
3;285;24;16;0.0;1027;5;0;21;12;0.0;1027;13;1;20;13;0.0;1028;4;6;23;13;0.0;1027;5;24;22;12;0.0;1026;4;11;24;13;0.0;1023;6;1;21;11;0.0;1030;14;5;22;15;0.0;1028;17;5;20;11;0.0;1025;5
1;286;26;17;0.0;1028;5;0;21;11;0.0;1027;10;2;21;13;0.0;1028;4;6;23;13;0.0;1028;4;10;21;12;0.0;1026;6;3;23;13;0.0;1022;8;0;21;11;0.0;1030;12;8;21;14;0.0;1029;19;8;19;9;0.0;1025;6
2;287;23;15;0.0;1025;9;1;21;11;0.0;1023;18;0;20;13;0.0;1025;4;4;22;12;0.0;1025;4;22;20;11;0.0;1023;4;2;21;10;0.0;1015;9;0;19;10;0.0;1027;16;1;20;12;0.0;1028;18;23;21;10;0.0;1022;5
3;288;23;14;0.0;1023;8;6;20;12;0.0;1021;20;24;18;11;0.0;1024;4;0;22;11;0.0;1024;6;47;19;11;0.1;1021;4;6;21;10;0.0;1015;7;11;20;10;0.0;1024;14;2;22;13;0.0;1026;15;11;22;10;0.0;1020;4
20;289;22;14;0.0;1022;10;24;20;11;0.0;1021;14;7;19;11;0.0;1023;4;3;24;12;0.0;1023;6;58;17;11;0.0;1021;3;19;22;11;0.0;1019;3;13;21;12;0.0;1023;10;6;22;13;0.0;1024;9;31;23;11;0.2;1021;4
51;290;22;14;0.0;1021;8;46;19;11;0.0;1021;10;34;20;10;0.0;1022;3;17;24;13;0.0;1021;5;43;22;12;0.0;1020;3;14;22;11;0.0;1019;2;23;21;11;0.0;1023;9;6;23;15;0.0;1022;13;11;22;11;0.0;1019;4
52;291;19;15;0.0;1019;4;55;19;11;4.2;1020;6;62;19;11;0.0;1019;5;17;23;13;0.0;1018;5;47;22;12;0.0;1018;4;10;20;11;0.0;1020;7;9;20;11;0.0;1020;5;30;22;15;0.0;1019;11;15;22;11;0.0;1017;4
52;292;20;15;1.2;1020;7;13;18;10;0.0;1022;12;87;15;13;5.9;1020;10;52;18;15;3.0;1019;8;25;20;13;0.0;1020;5;10;18;9;0.0;1023;8;18;19;10;0.0;1021;10;31;22;15;0.0;1017;4;23;19;10;0.0;1019;4
21;293;19;13;0.0;1023;10;54;17;8;0.5;1025;11;62;15;9;0.2;1022;14;34;20;11;0.0;1021;6;14;20;11;0.0;1024;5;43;16;8;0.1;1028;6;58;14;7;2.5;1024;10;88;21;16;1.0;1019;6;53;16;8;0.0;1023;4
68;294;15;9;1.3;1023;15;49;12;6;0.2;1028;16;72;12;7;15.8;1023;21;57;15;11;0.0;1021;6;71;14;10;3.0;1025;10;5;14;6;0.0;1029;6;35;13;8;3.8;1027;10;82;19;15;0.8;1020;9;70;9;7;5.9;1022;5
56;295;17;11;0.0;1024;7;19;15;5;0.0;1027;9;17;14;6;0.0;1025;10;38;18;10;0.0;1023;5;67;15;9;0.2;1025;10;31;15;5;0.2;1029;7;23;12;6;0.7;1026;8;19;18;12;0.0;1023;12;59;12;3;0.1;1022;6
41;296;15;9;0.0;1019;19;69;13;5;3.1;1020;20;82;13;8;1.2;1016;13;48;17;9;0.2;1020;9;29;17;8;0.0;1022;5;69;11;5;0.8;1027;18;82;8;4;13.9;1011;30;12;19;11;0.0;1018;14;65;12;6;0.2;1021;5
54;297;14;11;5.2;1009;30;55;11;9;6.4;1011;31;43;9;7;4.1;1005;23;82;13;12;4.9;1009;24;38;21;11;0.0;1014;9;100;12;11;2.4;1021;26;83;7;5;6.2;999;38;51;18;13;0.2;1003;30;64;15;9;1.6;1014;8
