cloudcover;day;maxtemp;mintemp;precipMM;pressure;windspeed
1;278;14;7;0.0;1029;5
6;279;17;7;0.0;1022;7
22;280;19;11;0.0;1016;7
34;281;18;12;1.5;1021;13
6;282;21;11;0.0;1024;5
2;283;24;13;0.0;1026;6
1;284;21;13;0.0;1025;5
1;285;20;13;0.0;1028;4
2;286;21;13;0.0;1028;4
0;287;20;13;0.0;1025;4
24;288;18;11;0.0;1024;4
7;289;19;11;0.0;1023;4
34;290;20;10;0.0;1022;3
62;291;19;11;0.0;1019;5
87;292;15;13;5.9;1020;10
62;293;15;9;0.2;1022;14
72;294;12;7;15.8;1023;21
17;295;14;6;0.0;1025;10
82;296;13;8;1.2;1016;13
43;297;9;7;4.1;1005;23
