cloudcover;day;maxtemp;mintemp;precipMM;pressure;windspeed
21;278;16;7;0.0;1027;13
3;279;19;8;0.0;1019;18
47;280;20;13;0.2;1014;17
27;281;14;7;0.0;1023;9
8;282;15;6;0.0;1026;7
6;283;19;9;0.0;1028;7
30;284;20;11;0.0;1028;15
1;285;21;11;0.0;1030;14
0;286;21;11;0.0;1030;12
0;287;19;10;0.0;1027;16
11;288;20;10;0.0;1024;14
13;289;21;12;0.0;1023;10
23;290;21;11;0.0;1023;9
9;291;20;11;0.0;1020;5
18;292;19;10;0.0;1021;10
58;293;14;7;2.5;1024;10
35;294;13;8;3.8;1027;10
23;295;12;6;0.7;1026;8
82;296;8;4;13.9;1011;30
83;297;7;5;6.2;999;38
