cloudcover;day;maxtemp;mintemp;precipMM;pressure;windspeed
0;278;20;8;0.0;1021;8
10;279;22;10;0.0;1013;8
35;280;22;12;0.5;1015;8
14;281;22;10;0.0;1021;6
10;282;22;12;0.0;1022;6
2;283;21;10;0.0;1018;10
11;284;20;11;0.0;1016;12
11;285;24;13;0.0;1023;6
3;286;23;13;0.0;1022;8
2;287;21;10;0.0;1015;9
6;288;21;10;0.0;1015;7
19;289;22;11;0.0;1019;3
14;290;22;11;0.0;1019;2
10;291;20;11;0.0;1020;7
10;292;18;9;0.0;1023;8
43;293;16;8;0.1;1028;6
5;294;14;6;0.0;1029;6
31;295;15;5;0.2;1029;7
69;296;11;5;0.8;1027;18
100;297;12;11;2.4;1021;26
