cloudcover;day;maxtemp;mintemp;precipMM;pressure;windspeed
15;278;24;8;0.0;1025;4
57;279;20;13;10.2;1020;7
61;280;20;12;5.0;1015;6
59;281;18;11;11.3;1019;4
34;282;20;11;0.0;1022;5
0;283;21;10;0.0;1023;5
3;284;23;10;0.0;1022;4
5;285;20;11;0.0;1025;5
8;286;19;9;0.0;1025;6
23;287;21;10;0.0;1022;5
11;288;22;10;0.0;1020;4
31;289;23;11;0.2;1021;4
11;290;22;11;0.0;1019;4
15;291;22;11;0.0;1017;4
23;292;19;10;0.0;1019;4
53;293;16;8;0.0;1023;4
70;294;9;7;5.9;1022;5
59;295;12;3;0.1;1022;6
65;296;12;6;0.2;1021;5
64;297;15;9;1.6;1014;8
