cloudcover;day;maxtemp;mintemp;precipMM;pressure;windspeed
0;278;20;9;0.0;1028;6
2;279;26;13;0.0;1022;10
9;280;26;14;0.0;1016;7
8;281;25;15;0.0;1018;8
5;282;24;15;0.0;1023;5
4;283;24;14;0.0;1024;5
6;284;24;14;0.0;1025;3
6;285;23;13;0.0;1027;5
6;286;23;13;0.0;1028;4
4;287;22;12;0.0;1025;4
0;288;22;11;0.0;1024;6
3;289;24;12;0.0;1023;6
17;290;24;13;0.0;1021;5
17;291;23;13;0.0;1018;5
52;292;18;15;3.0;1019;8
34;293;20;11;0.0;1021;6
57;294;15;11;0.0;1021;6
38;295;18;10;0.0;1023;5
48;296;17;9;0.2;1020;9
82;297;13;12;4.9;1009;24
