cloudcover;day;maxtemp;mintemp;precipMM;pressure;windspeed
6;278;21;12;0.0;1026;4
32;279;23;12;0.0;1018;3
56;280;21;13;0.2;1014;4
64;281;22;14;1.2;1020;5
28;282;22;13;0.0;1023;5
1;283;23;14;0.0;1024;5
0;284;23;14;0.0;1023;4
24;285;22;12;0.0;1026;4
10;286;21;12;0.0;1026;6
22;287;20;11;0.0;1023;4
47;288;19;11;0.1;1021;4
58;289;17;11;0.0;1021;3
43;290;22;12;0.0;1020;3
47;291;22;12;0.0;1018;4
25;292;20;13;0.0;1020;5
14;293;20;11;0.0;1024;5
71;294;14;10;3.0;1025;10
67;295;15;9;0.2;1025;10
29;296;17;8;0.0;1022;5
38;297;21;11;0.0;1014;9
