cloudcover;day;maxtemp;mintemp;precipMM;pressure;windspeed;cloudcover;maxtemp;mintemp;precipMM;pressure;windspeed;cloudcover;maxtemp;mintemp;precipMM;pressure;windspeed;cloudcover;maxtemp;mintemp;precipMM;pressure;windspeed;cloudcover;maxtemp;mintemp;precipMM;pressure;windspeed;cloudcover;maxtemp;mintemp;precipMM;pressure;windspeed;cloudcover;maxtemp;mintemp;precipMM;pressure;windspeed;cloudcover;maxtemp;mintemp;precipMM;pressure;windspeed;cloudcover;maxtemp;mintemp;precipMM;pressure;windspeed
28;244;25;17;0.0;1019;6;27;20;16;0.0;1018;12;15;24;16;0.0;1020;4;8;28;11;0.0;1019;6;27;25;13;0.0;1018;5;43;23;17;4.1;1016;9;6;24;13;0.0;1020;5;4;28;14;0.0;1021;6;4;28;13;0.0;1018;5
23;245;29;18;0.0;1016;5;21;24;19;0.0;1015;8;18;26;16;0.0;1017;6;14;29;15;0.0;1017;9;16;29;18;0.4;1016;4;31;24;14;0.0;1013;8;29;24;16;0.1;1015;9;4;29;15;0.0;1020;6;28;25;15;1.8;1016;5
19;246;29;19;0.2;1012;10;5;25;19;0.0;1011;11;8;27;17;0.0;1014;9;8;31;16;0.0;1015;8;11;29;18;0.4;1013;10;51;26;15;11.2;1008;12;10;27;17;0.0;1012;10;6;30;18;0.0;1017;8;23;27;13;0.3;1015;6
14;247;30;22;0.0;1011;13;26;24;20;0.7;1010;7;13;29;19;0.1;1012;12;12;32;19;0.0;1014;11;11;30;20;0.0;1012;13;80;20;14;17.3;1009;9;28;29;20;2.1;1010;11;4;31;18;0.0;1016;8;11;29;15;0.0;1015;9
15;248;32;22;0.0;1012;13;10;26;20;0.6;1010;8;19;28;20;0.0;1013;10;11;33;21;0.0;1014;11;14;31;20;0.0;1013;12;44;24;14;22.9;1007;10;37;28;19;0.9;1011;7;6;36;18;0.0;1017;4;12;29;15;0.0;1016;11
8;249;33;23;0.0;1011;15;5;26;21;0.0;1008;10;8;31;21;0.0;1012;12;10;35;21;0.0;1014;9;8;33;20;0.0;1012;12;48;23;17;6.3;1007;9;9;30;20;0.4;1011;8;6;37;20;0.0;1016;5;5;32;18;0.2;1015;10
11;250;33;25;0.0;1010;11;26;25;21;1.0;1010;9;8;32;22;0.0;1011;12;10;37;22;0.0;1012;12;14;32;22;0.2;1011;10;52;17;14;18.3;1013;9;9;30;22;0.0;1009;11;6;34;21;0.0;1016;8;11;32;19;0.9;1013;10
29;251;23;18;28.2;1015;10;33;22;14;7.7;1017;12;26;21;19;14.8;1015;6;19;33;20;3.0;1014;12;27;25;17;12.9;1016;9;34;19;11;1.6;1018;7;46;24;17;6.2;1014;8;5;35;21;0.0;1015;6;27;26;18;1.2;1015;9
4;252;27;17;0.0;1020;6;5;22;17;0.0;1021;5;16;24;14;0.0;1020;6;19;26;13;0.0;1019;10;4;27;17;0.0;1020;5;2;23;11;0.0;1019;9;47;22;14;0.0;1019;9;19;27;21;2.4;1015;6;31;24;14;0.1;1019;10
8;253;26;19;0.0;1018;8;18;24;17;0.1;1018;6;18;25;16;0.0;1018;6;3;28;12;0.0;1019;6;5;28;18;0.0;1018;3;46;20;14;9.5;1017;6;20;24;15;0.0;1018;4;36;27;19;0.0;1018;8;3;27;13;0.0;1018;7
34;254;28;20;0.0;1013;4;40;24;20;0.6;1014;6;37;25;18;2.3;1014;6;13;29;14;0.0;1015;6;9;31;20;1.1;1013;3;20;27;15;0.0;1013;5;44;21;17;1.5;1014;5;13;32;17;0.0;1014;5;7;30;16;0.1;1014;5
42;255;27;18;0.3;1009;6;15;22;15;0.1;1011;13;50;22;14;1.2;1011;12;31;29;16;0.1;1009;6;34;25;18;5.8;1009;4;48;23;15;13.6;1010;10;78;14;12;0.6;1015;10;25;33;19;0.0;1009;7;26;25;15;2.1;1010;10
44;256;20;14;0.6;1014;15;8;14;6;0.0;1017;21;7;14;8;0.1;1016;20;60;20;17;7.4;1010;11;91;14;13;29.5;1012;12;70;17;12;5.9;1014;19;86;9;6;1.2;1019;12;56;28;19;1.5;1009;14;51;22;15;13.8;1010;6
44;257;15;9;1.2;1018;13;31;12;5;1.7;1020;12;28;14;7;0.0;1019;15;40;19;11;1.4;1016;6;83;12;9;10.8;1017;10;40;14;7;0.7;1020;17;70;12;7;0.2;1023;9;64;15;9;1.8;1018;12;100;14;11;12.7;1013;8
97;258;11;9;41.0;1012;10;93;7;5;33.2;1016;17;88;9;8;18.5;1014;14;100;13;11;18.5;1012;5;91;10;8;19.1;1013;9;88;10;7;4.1;1022;12;33;13;7;0.2;1021;13;95;13;10;20.8;1016;19;100;10;7;26.5;1010;8
99;259;12;10;9.9;1012;9;100;6;4;15.3;1016;21;98;8;6;12.4;1012;14;83;14;9;3.0;1011;7;74;12;8;0.6;1014;9;54;11;4;0.2;1022;10;96;8;5;12.7;1018;14;55;22;15;31.6;1008;9;100;7;5;25.5;1012;10
73;260;13;8;3.6;1018;12;76;8;5;0.7;1021;14;82;9;6;2.1;1018;17;100;11;9;5.6;1015;9;46;16;9;0.8;1020;8;10;12;1;0.0;1024;8;98;9;5;4.0;1020;9;90;15;12;52.8;1011;9;94;7;5;3.4;1018;10
47;261;16;7;0.1;1022;9;48;12;7;0.0;1024;9;59;13;9;0.2;1021;14;97;11;8;1.4;1020;7;25;17;8;0.0;1023;4;8;14;2;0.0;1024;10;100;8;7;9.6;1022;10;58;19;12;3.9;1015;8;31;12;1;0.1;1022;9
40;262;15;8;2.0;1020;12;54;11;6;0.0;1023;13;72;8;5;12.2;1020;13;70;15;6;0.8;1019;6;19;17;8;0.0;1022;6;10;15;3;0.0;1025;9;100;7;5;27.7;1020;13;40;18;10;0.0;1015;8;15;13;3;0.0;1020;7
84;263;12;9;2.2;1020;16;89;9;7;3.1;1024;18;93;9;6;14.2;1019;15;96;11;7;2.1;1018;7;77;13;7;0.1;1023;12;20;15;4;0.0;1030;10;100;8;7;17.5;1019;16;52;19;12;0.0;1015;5;100;7;4;3.7;1020;13
62;264;13;9;1.3;1018;8;90;9;7;2.0;1020;13;75;11;8;1.7;1017;10;89;13;8;0.9;1017;8;90;13;9;1.2;1019;7;61;14;9;0.6;1024;10;91;12;9;8.6;1018;9;43;19;11;0.1;1014;8;97;8;6;3.4;1017;9
55;265;15;10;0.4;1015;6;81;12;8;0.4;1016;7;59;14;8;0.0;1015;8;68;15;9;0.2;1015;6;81;12;9;4.1;1016;5;75;13;8;4.4;1019;8;99;10;8;14.8;1014;8;32;19;12;0.0;1013;8;98;9;2;4.4;1015;7
49;266;18;9;0.0;1015;5;68;14;11;0.0;1016;7;59;16;9;0.8;1015;5;48;17;5;0.0;1014;5;52;14;9;3.2;1016;5;52;14;4;0.0;1017;6;100;11;9;5.2;1015;6;32;20;10;0.0;1013;7;71;12;7;1.1;1015;6
39;267;18;12;0.6;1018;4;85;12;8;6.0;1019;7;43;17;11;2.1;1018;4;25;18;8;0.3;1017;5;44;17;9;0.1;1018;7;81;11;5;1.0;1021;8;100;11;9;3.2;1020;10;27;21;11;0.0;1017;4;41;14;5;0.1;1016;8
57;268;15;10;4.6;1020;13;63;12;9;1.3;1024;18;56;14;10;0.8;1022;17;43;19;8;3.4;1018;4;61;14;8;6.2;1020;10;67;13;10;2.4;1027;14;54;14;8;2.1;1027;11;57;15;12;12.2;1019;14;94;9;5;23.2;1017;11
23;269;17;9;0.1;1025;17;16;14;9;0.0;1029;19;14;15;9;0.0;1027;18;71;17;11;13.7;1021;7;74;14;9;9.2;1025;18;14;16;6;0.0;1033;14;12;16;8;0.0;1031;8;82;13;10;16.1;1021;19;100;8;7;24.0;1020;12
11;270;18;9;0.0;1027;11;15;15;11;0.0;1030;12;3;16;8;0.0;1028;14;54;17;8;1.2;1025;5;48;16;10;0.1;1027;11;3;17;4;0.0;1031;9;16;17;9;0.0;1029;6;79;15;10;3.2;1024;9;99;8;7;6.6;1024;11
4;271;21;11;0.0;1024;5;1;18;10;0.0;1025;5;3;19;9;0.0;1024;5;10;18;5;0.0;1024;4;13;16;7;0.0;1025;6;3;20;6;0.0;1025;4;7;17;8;0.0;1022;10;80;18;11;0.0;1023;6;80;10;7;1.4;1023;9
10;272;18;10;0.0;1019;9;17;17;10;0.0;1018;8;8;18;10;0.0;1018;9;11;18;4;0.0;1020;4;8;17;7;0.0;1020;6;28;16;4;0.0;1018;8;26;17;9;0.2;1015;9;21;20;10;0.0;1019;6;11;16;3;0.0;1020;5
33;273;19;10;0.0;1015;11;65;16;11;1.7;1013;11;28;17;9;0.0;1014;13;8;18;6;0.0;1017;7;12;19;7;0.0;1016;10;86;13;6;5.4;1012;17;56;15;10;3.0;1010;10;4;20;11;0.0;1017;10;12;16;4;0.0;1018;10
53;274;18;11;0.3;1011;14;63;14;9;8.0;1007;17;67;16;10;0.4;1009;19;25;19;9;0.0;1014;11;41;21;11;0.0;1012;14;88;14;10;8.4;1005;28;89;13;11;5.5;1004;18;15;22;12;0.0;1015;10;32;19;9;0.2;1015;13
39;275;19;12;0.0;1010;10;66;14;10;4.8;1008;10;32;20;11;0.0;1009;12;27;23;14;0.0;1012;12;26;22;12;0.5;1009;11;63;14;9;5.2;1006;16;24;18;13;0.2;1005;15;10;24;13;0.0;1014;5;52;19;12;1.5;1012;11
37;276;21;14;1.3;1008;7;73;10;8;11.9;1009;5;38;18;12;2.3;1008;9;31;24;15;0.5;1009;8;47;21;13;3.7;1007;9;38;9;5;1.7;1009;8;78;16;12;3.2;1009;6;23;25;16;0.0;1011;8;46;19;10;0.8;1009;12
65;277;13;10;17.3;1010;17;60;10;6;4.4;1013;13;90;12;8;21.0;1009;12;47;24;15;3.1;1008;14;67;11;6;55.4;1012;11;65;8;4;1.8;1017;12;94;11;8;44.7;1011;12;45;25;14;0.0;1010;7;78;14;5;14.6;1010;14
27;278;13;8;1.0;1014;17;13;11;6;0.0;1016;9;34;11;7;4.0;1013;17;97;11;8;25.4;1012;16;4;15;6;0.1;1018;9;30;14;3;0.2;1014;16;40;11;7;0.8;1014;8;70;16;10;10.6;1003;13;51;10;4;3.1;1017;15
31;279;19;8;0.0;1015;11;60;16;9;0.4;1015;8;30;17;7;0.1;1014;6;30;15;5;0.8;1016;6;6;19;8;0.0;1018;11;82;14;10;11.7;1014;17;18;16;7;0.0;1014;4;67;16;9;3.1;1010;16;8;16;3;0.0;1020;10
30;280;19;13;0.0;1018;12;55;15;14;0.2;1018;7;51;15;9;0.8;1017;4;31;20;12;0.3;1018;7;23;20;10;0.0;1020;6;65;18;7;0.0;1017;6;67;13;9;0.6;1018;5;26;19;10;0.2;1016;7;9;19;6;0.0;1020;5
23;281;18;12;0.0;1019;3;33;14;11;0.1;1019;6;29;18;11;0.1;1020;4;16;20;8;0.0;1019;5;28;21;13;0.0;1019;5;50;20;8;0.0;1017;7;34;16;9;0.0;1021;5;38;21;12;0.0;1019;6;12;20;6;0.4;1019;5
13;282;23;13;0.0;1026;4;79;14;10;0.7;1027;4;19;20;10;0.0;1027;3;5;22;9;0.0;1025;6;18;21;12;0.5;1025;5;73;16;9;0.1;1028;5;31;18;8;0.0;1027;5;27;21;13;0.0;1025;6;14;19;7;0.7;1025;6
7;283;23;13;0.0;1032;6;24;16;13;0.1;1033;8;42;20;11;0.0;1032;6;12;21;9;0.0;1031;6;27;20;12;0.8;1032;6;45;19;8;0.0;1033;5;24;14;9;0.0;1032;8;55;21;14;0.0;1030;6;19;17;7;0.6;1031;8
12;284;21;12;0.0;1033;7;19;17;11;0.0;1032;4;22;19;10;0.0;1032;5;7;21;9;0.0;1032;6;6;21;10;0.0;1033;3;5;17;6;0.0;1032;9;27;15;7;0.0;1031;8;39;21;14;0.0;1031;6;5;19;6;0.0;1032;6
3;285;21;13;0.0;1029;8;3;16;10;0.0;1029;6;5;20;11;0.0;1028;7;6;21;9;0.0;1030;4;1;23;11;0.0;1029;3;20;19;6;0.0;1029;7;33;18;9;0.0;1026;9;13;21;12;0.0;1030;6;0;20;7;0.0;1029;7
14;286;22;11;0.0;1024;5;5;17;10;0.0;1024;5;4;21;11;0.0;1024;6;8;21;9;0.0;1025;5;6;21;10;0.0;1024;3;12;20;8;0.0;1023;8;45;15;11;0.4;1023;7;9;22;14;0.0;1024;5;3;19;7;0.0;1024;7
12;287;21;11;0.0;1021;6;29;15;10;0.0;1020;6;16;19;10;0.0;1020;8;18;21;9;0.0;1022;4;11;21;9;0.0;1021;3;66;17;12;0.7;1021;9;34;18;10;0.6;1018;10;6;22;13;0.0;1022;6;11;20;8;0.0;1021;5
20;288;23;13;0.3;1019;7;42;18;11;0.0;1019;6;21;19;11;0.0;1018;5;10;21;8;0.0;1020;4;20;22;10;0.2;1020;4;77;18;9;0.0;1018;9;49;16;11;0.9;1018;5;13;23;13;0.0;1018;4;4;21;6;0.0;1020;4
37;289;21;13;0.4;1013;12;69;15;12;14.1;1011;10;49;19;11;0.2;1013;13;24;23;11;0.0;1017;9;19;22;11;0.0;1015;14;85;13;10;18.0;1012;16;82;15;11;11.7;1009;10;8;23;13;0.0;1018;6;14;21;8;0.0;1018;13
41;290;13;10;6.9;1016;17;17;10;5;1.2;1017;17;45;12;10;4.8;1013;11;57;14;8;16.3;1014;13;54;11;7;41.0;1017;11;56;11;5;1.1;1020;12;97;9;8;13.9;1009;19;11;23;14;0.0;1012;12;74;14;7;9.2;1017;12
2;291;15;7;0.0;1024;8;6;11;5;0.0;1023;10;3;12;5;0.0;1024;8;2;14;4;0.0;1025;4;5;12;5;0.0;1024;5;8;12;1;0.0;1021;5;62;10;7;1.9;1020;12;47;17;12;2.7;1022;7;44;14;6;1.5;1023;10
4;292;16;7;0.0;1025;8;17;12;6;0.0;1024;8;14;13;4;0.0;1025;9;9;17;5;0.0;1026;8;15;16;4;0.0;1025;3;10;12;0;0.0;1024;6;40;11;5;0.1;1021;14;30;18;9;0.0;1027;7;48;19;7;0.9;1024;5
11;293;17;7;0.0;1025;6;11;12;7;0.0;1023;8;11;14;4;0.0;1024;6;9;19;6;0.0;1025;6;4;19;6;0.0;1024;4;6;17;4;0.0;1020;10;34;14;9;0.1;1022;9;6;18;11;0.0;1024;7;46;20;6;0.0;1024;4
10;294;18;9;0.0;1020;8;63;12;9;0.4;1018;10;6;15;6;0.0;1021;7;7;20;8;0.0;1021;7;13;18;8;0.0;1019;8;54;19;11;4.3;1013;13;15;15;7;0.0;1018;10;5;19;10;0.0;1023;6;11;20;6;0.0;1020;5
43;295;16;11;0.1;1019;8;89;13;11;0.4;1018;8;13;17;7;0.0;1020;5;7;21;10;0.0;1020;10;62;20;10;0.0;1018;6;96;9;6;21.4;1021;14;31;17;9;0.0;1019;7;3;18;10;0.0;1023;9;13;21;7;0.0;1019;4
85;296;13;10;7.2;1025;11;49;8;5;2.3;1028;15;56;10;6;6.3;1025;12;5;20;9;0.0;1023;8;67;12;12;1.3;1025;11;43;11;2;1.6;1030;5;71;8;7;5.1;1026;9;55;19;12;0.4;1023;7;38;17;7;0.4;1023;8
24;297;14;6;0.2;1028;5;10;10;4;0.0;1029;7;41;11;4;0.3;1029;8;47;15;7;0.0;1027;8;18;12;4;0.0;1027;6;4;11;0;0.0;1027;7;46;9;2;0.0;1032;7;57;17;12;0.0;1026;11;39;17;9;0.5;1025;8
13;298;15;5;0.0;1031;6;4;10;3;0.0;1032;5;22;13;6;0.0;1031;7;34;15;6;0.0;1029;6;44;13;5;0.0;1030;6;16;13;4;0.0;1032;4;45;10;3;0.0;1033;6;45;13;8;1.3;1030;9;33;12;3;0.1;1029;9
6;299;15;5;0.0;1029;5;3;9;3;0.0;1028;7;7;12;3;0.0;1028;6;44;15;8;0.2;1029;5;10;13;3;0.0;1028;4;8;12;1;0.0;1025;11;1;9;2;0.0;1027;9;17;15;6;0.0;1030;6;46;13;7;0.3;1027;8
17;300;13;5;0.0;1018;10;79;7;3;0.2;1015;12;26;9;2;0.0;1018;12;8;14;4;0.0;1020;9;21;16;4;0.0;1016;7;68;9;7;12.3;1010;12;40;10;4;0.0;1014;13;5;15;6;0.0;1022;3;6;16;2;0.0;1018;9
64;301;13;8;2.6;1013;12;92;8;4;1.8;1010;9;46;7;2;0.5;1015;8;18;18;6;0.0;1015;14;41;19;11;2.8;1010;13;92;8;7;7.3;1009;6;53;12;6;0.0;1012;10;1;18;8;0.0;1019;4;22;17;4;0.2;1014;14
38;302;17;9;3.4;1009;18;60;12;9;2.8;1005;24;26;12;6;0.0;1011;11;21;18;11;0.2;1014;21;29;22;13;1.8;1005;17;95;5;2;22.1;1006;12;40;17;10;0.0;1010;14;16;19;8;0.0;1019;6;54;16;13;10.2;1010;19
31;303;18;16;9.2;1003;20;43;16;13;3.1;997;29;53;16;9;16.1;1004;15;21;23;14;2.1;1008;26;29;16;13;9.8;1002;20;90;3;0;13.9;998;8;31;19;12;9.0;1002;20;14;20;10;0.0;1015;6;41;16;14;12.3;1006;28
9;304;17;9;0.0;1014;16;47;13;9;0.2;1011;15;13;14;7;4.1;1015;13;20;20;11;21.1;1016;12;16;18;8;0.0;1013;13;48;9;0;0.0;1007;10;16;13;8;9.1;1012;10;4;23;14;0.0;1017;8;36;16;9;0.7;1016;15
36;305;17;12;2.0;1014;13;48;16;12;0.4;1011;18;22;15;8;0.0;1016;8;30;20;14;0.8;1017;18;42;19;12;2.1;1011;9;34;14;3;0.0;1008;7;36;16;9;0.0;1016;10;28;22;14;0.0;1021;7;43;15;12;6.8;1013;17
24;306;19;11;0.0;1017;4;91;13;11;0.7;1017;6;22;18;9;0.0;1018;4;23;21;13;0.9;1017;8;19;19;12;0.0;1018;10;23;14;2;0.0;1016;8;31;17;9;0.0;1018;6;19;23;15;0.0;1017;6;37;18;11;0.0;1019;10
5;307;20;11;0.0;1020;9;46;14;10;0.4;1018;20;9;17;9;0.0;1021;5;4;21;11;0.0;1021;6;4;21;9;0.0;1019;5;47;15;7;0.0;1014;8;79;12;8;0.0;1023;9;26;20;14;0.0;1022;12;2;22;7;0.0;1020;8
31;308;18;10;0.0;1022;11;35;15;12;0.0;1020;15;33;16;8;0.0;1023;5;8;21;11;0.0;1023;11;36;20;11;0.4;1020;6;38;15;6;0.6;1017;9;62;14;10;0.4;1023;6;3;21;12;0.0;1026;6;33;21;9;0.0;1021;11
23;309;20;13;0.0;1020;10;21;17;12;0.3;1017;20;32;16;9;0.0;1021;4;34;20;13;0.0;1022;13;42;21;12;2.7;1018;9;19;18;9;0.0;1012;10;65;13;9;0.5;1022;6;6;19;11;0.0;1025;5;27;19;12;0.5;1021;14
23;310;19;12;0.0;1018;8;22;18;13;0.0;1017;14;15;16;8;0.0;1019;3;27;21;12;0.0;1019;8;62;17;11;13.5;1016;5;48;15;3;0.0;1015;3;60;11;9;0.4;1023;13;16;20;10;0.0;1021;4;45;14;11;5.8;1017;9
14;311;17;12;0.0;1019;15;53;14;11;0.6;1018;12;22;16;9;0.0;1020;7;10;19;12;0.0;1020;15;80;14;12;14.5;1016;5;48;10;2;0.0;1017;6;30;8;5;0.0;1025;17;77;14;10;1.2;1027;19;61;15;9;9.6;1016;9
65;312;14;9;0.4;1023;13;91;11;8;5.9;1023;13;60;14;8;0.0;1024;5;19;16;10;0.1;1025;15;54;16;11;6.0;1021;3;33;12;3;0.0;1022;6;31;11;6;0.0;1026;13;78;12;8;0.3;1030;16;68;14;11;14.4;1022;8
35;313;15;9;0.2;1029;9;93;10;7;0.9;1028;9;55;11;8;0.7;1029;9;40;15;10;0.0;1031;11;22;16;7;0.1;1028;5;64;12;5;6.4;1024;16;71;14;9;0.1;1028;10;41;11;5;0.2;1034;11;63;14;2;0.4;1029;4
6;314;14;6;0.0;1031;9;82;9;6;0.8;1029;15;31;11;5;0.0;1031;9;13;13;4;0.0;1032;6;8;15;6;0.0;1029;4;48;14;9;0.3;1022;17;46;12;7;0.0;1028;11;0;14;6;0.0;1033;8;45;14;1;0.0;1029;5
0;315;11;5;0.0;1025;10;24;8;5;0.0;1022;19;8;9;2;0.0;1025;9;3;13;3;0.0;1027;8;18;14;4;0.0;1023;5;49;12;7;0.4;1016;15;7;10;7;0.0;1023;13;0;13;5;0.0;1029;7;7;14;2;0.0;1023;6
65;316;8;4;0.6;1021;6;98;5;3;1.4;1020;5;9;9;1;0.0;1022;6;2;12;3;0.0;1022;8;38;14;5;0.1;1019;5;82;9;5;0.3;1019;5;27;9;3;0.0;1021;7;1;11;5;0.0;1024;6;15;14;1;0.0;1021;7
76;317;9;8;1.4;1023;8;99;9;5;2.0;1023;4;71;8;2;0.0;1023;4;8;14;3;0.0;1022;7;72;10;6;2.9;1020;10;43;9;3;0.0;1025;5;67;9;3;0.0;1023;5;7;13;4;0.0;1024;3;42;12;1;0.0;1020;7
43;318;13;8;0.0;1026;5;54;10;4;0.2;1027;6;47;11;3;0.0;1026;4;39;11;2;0.0;1026;6;55;11;7;1.3;1025;12;13;9;-1;0.0;1028;6;49;9;3;0.0;1026;5;13;12;4;0.0;1026;5;80;6;3;7.9;1023;9
8;319;11;5;0.0;1028;10;12;9;4;0.0;1028;8;8;9;2;0.0;1027;7;8;12;2;0.0;1028;3;37;11;4;0.0;1028;4;37;9;0;0.0;1029;9;92;8;5;3.5;1022;15;14;11;3;0.0;1028;6;72;8;5;1.2;1026;10
13;320;11;3;0.0;1025;12;47;8;4;0.2;1024;10;29;8;1;0.3;1023;7;2;11;1;0.0;1026;4;5;12;2;0.0;1025;3;95;9;6;2.7;1027;15;95;9;8;4.3;1017;17;3;11;4;0.0;1025;10;25;13;-1;0.0;1024;6
14;321;8;5;1.4;1024;22;33;7;3;0.6;1026;17;40;7;4;2.6;1022;12;48;10;1;0.6;1022;8;33;9;4;3.2;1026;6;38;6;1;0.5;1030;8;92;7;4;3.0;1019;17;35;10;4;2.3;1018;10;62;4;-1;2.8;1024;10
21;322;7;2;0.0;1022;10;14;4;-2;0.0;1021;12;4;4;-2;0.0;1022;9;7;9;0;0.0;1023;6;14;6;0;0.0;1021;4;54;5;-1;0.0;1018;11;21;3;0;0.1;1020;10;34;8;3;0.7;1023;8;39;5;0;0.7;1019;10
50;323;5;1;0.1;1017;13;57;6;1;2.3;1015;14;46;4;-1;0.9;1015;14;31;8;-2;0.0;1019;8;22;9;-1;0.0;1018;6;78;7;4;1.2;1018;18;91;4;1;6.0;1007;19;36;9;2;0.0;1019;6;8;8;-4;0.0;1018;5
26;324;10;3;0.0;1011;19;84;8;5;1.6;1008;25;69;6;4;2.7;1008;20;31;11;3;0.5;1016;14;20;12;1;0.0;1015;15;99;7;6;5.5;1012;31;100;5;4;30.0;997;24;10;9;2;0.0;1014;19;17;10;-2;0.0;1018;14
84;325;7;5;14.7;998;18;77;3;1;16.7;997;22;56;7;4;4.1;996;18;86;10;6;25.9;1003;16;68;10;7;7.9;1001;15;99;5;2;20.8;1001;30;84;5;2;3.6;991;14;30;13;7;0.0;1005;21;73;9;5;2.1;1004;22
42;326;3;-1;0.5;994;25;71;1;-2;2.2;995;18;32;1;-2;1.1;991;13;68;4;1;22.0;992;20;35;5;3;10.5;998;10;95;0;-1;11.6;1002;28;97;1;-1;8.3;988;13;72;13;4;18.3;987;18;59;-2;-3;32.5;998;12
69;327;1;-1;0.9;1002;25;69;-1;-2;2.6;1001;25;55;1;-2;0.0;997;17;77;3;-2;4.8;1003;17;9;6;-1;0.0;1006;13;81;0;-2;2.1;1005;20;91;-1;-3;5.7;990;17;10;5;0;0.4;1002;24;21;1;-10;0.3;1008;8
56;328;4;0;6.8;1002;23;66;1;-2;1.3;998;13;65;3;-3;0.8;1002;19;21;5;-2;0.2;1008;21;67;5;3;9.0;999;13;90;2;-1;4.6;993;14;70;0;-2;1.2;998;16;7;7;-1;0.0;1013;11;39;2;-8;1.5;1004;22
62;329;3;1;11.7;1006;10;49;3;-2;0.7;1008;8;67;2;-1;5.3;1006;5;74;6;1;23.8;1005;16;66;4;2;4.7;1006;8;81;1;-3;0.9;1011;11;85;1;-2;3.3;1006;9;17;10;1;0.0;1009;5;93;3;2;78.7;1003;13
7;330;4;-2;0.0;1021;17;46;3;-3;0.0;1022;12;21;1;-4;0.0;1020;10;66;4;1;12.3;1018;11;22;5;-1;0.0;1023;5;72;2;0;0.5;1025;10;92;1;-2;1.3;1017;12;73;9;4;7.6;1013;7;78;-1;-2;23.3;1021;9
42;331;4;-2;0.0;1026;12;52;4;0;0.6;1024;11;76;0;-5;0.6;1025;9;20;4;-2;0.0;1028;5;3;6;-2;0.0;1026;6;25;3;-3;0.0;1023;8;100;3;0;3.3;1019;14;51;6;2;1.7;1025;6;35;1;-16;0.0;1027;5
15;332;3;-1;0.0;1019;16;16;-1;-3;0.0;1016;23;39;1;-4;0.2;1021;8;8;7;-2;0.0;1023;9;29;3;-2;6.6;1016;9;42;3;-4;1.1;1008;12;59;3;1;0.4;1019;13;9;6;1;0.0;1026;7;35;0;-6;0.3;1016;13
88;333;4;1;13.2;1006;17;87;-1;-2;4.3;1003;23;76;0;-2;3.6;1008;10;39;6;1;7.9;1010;23;54;5;0;9.4;1003;7;60;3;0;1.9;998;10;72;3;1;0.9;1008;16;69;6;1;8.6;1017;14;75;6;2;9.9;1005;14
53;334;11;4;2.3;1010;17;99;6;2;3.0;1004;30;95;5;2;5.3;1011;14;24;11;5;0.1;1014;22;31;8;5;3.2;1007;12;41;6;1;0.1;998;12;76;8;5;0.4;1009;16;13;12;4;0.0;1018;6;54;9;5;2.1;1011;22
38;335;13;7;2.1;1008;20;74;11;6;2.2;1003;29;76;8;4;4.0;1010;13;18;14;7;0.1;1013;25;36;12;7;1.0;1005;19;95;3;1;23.7;997;17;59;9;6;0.3;1009;14;7;14;5;0.0;1018;4;39;9;6;8.9;1009;28
35;336;11;5;2.4;1011;12;61;6;2;2.3;1009;10;56;8;5;1.3;1011;12;28;13;7;4.8;1013;17;46;11;4;0.8;1010;10;90;3;1;2.1;1008;15;42;8;5;1.6;1008;14;10;12;4;0.0;1016;5;37;9;2;0.1;1012;13
62;337;9;6;4.1;1009;6;58;6;-1;3.3;1008;8;95;7;5;6.0;1009;7;57;9;7;4.5;1010;13;62;8;5;2.6;1008;5;71;3;0;4.6;1005;17;83;5;2;5.3;1009;7;44;11;6;0.5;1013;10;50;9;4;1.8;1007;5
62;338;6;4;2.3;1006;8;65;1;-1;0.7;1006;11;66;6;4;2.6;1007;6;65;14;8;15.4;1007;8;53;4;2;10.9;1005;7;79;5;3;5.0;1001;15;65;6;4;0.6;1007;10;55;14;10;4.7;1011;11;95;7;5;42.4;1003;11
83;339;7;5;16.3;1002;24;82;3;0;6.1;998;11;98;7;5;11.5;1002;18;38;12;8;10.7;1006;27;65;10;6;4.1;1001;17;91;5;2;15.0;994;14;81;7;5;13.0;998;10;9;15;12;0.2;1010;15;54;8;5;4.6;1008;31
71;340;9;7;6.3;1008;12;60;7;3;7.3;1007;12;74;8;6;14.9;1007;12;60;11;9;11.1;1009;20;46;10;6;3.8;1008;9;100;5;3;3.4;1006;16;82;8;5;9.3;1005;12;19;12;8;0.0;1014;7;55;9;6;10.1;1009;19
36;341;6;4;0.1;1015;22;58;6;1;0.0;1018;16;40;5;3;0.8;1014;13;86;7;4;6.8;1012;12;30;8;2;0.4;1019;8;87;4;2;4.2;1023;12;98;5;3;0.5;1013;8;33;13;9;1.6;1008;14;82;5;2;10.8;1017;11
20;342;5;2;0.0;1023;22;42;5;0;0.9;1024;14;30;4;1;0.2;1021;13;77;6;3;1.4;1020;15;18;7;0;0.4;1026;6;33;4;-1;0.0;1027;8;93;4;2;1.5;1019;13;80;7;4;7.8;1013;11;98;1;0;6.6;1025;14
15;343;5;-1;0.0;1022;10;19;4;-3;0.0;1020;9;29;3;-1;0.0;1022;9;44;5;1;0.3;1023;9;13;8;0;0.0;1022;9;36;4;-3;0.2;1017;10;69;3;0;0.8;1018;8;10;8;2;0.0;1021;9;11;6;-3;0.1;1024;6
29;344;4;-1;0.0;1019;15;82;0;-3;1.5;1015;17;57;1;-2;0.0;1021;11;16;7;0;0.0;1022;13;68;3;1;5.5;1016;11;95;2;0;10.8;1013;7;26;3;0;0.0;1018;11;5;6;1;0.0;1025;9;39;5;-3;0.2;1020;16
58;345;5;2;2.2;1016;22;85;2;0;4.5;1012;23;29;2;-2;0.0;1019;7;36;7;3;0.1;1019;20;79;7;4;8.1;1009;14;99;1;-1;10.4;1011;9;29;4;1;0.1;1019;13;25;7;1;0.0;1026;11;58;7;4;2.0;1012;19
52;346;5;2;0.4;1015;18;70;4;1;3.0;1015;9;26;3;-1;0.0;1017;8;32;7;4;0.1;1015;16;97;7;4;27.5;1010;22;90;1;-1;9.0;1018;8;31;5;2;0.0;1020;13;65;8;4;1.0;1022;26;68;7;4;12.1;1007;13
66;347;5;2;0.8;1015;14;61;6;1;0.4;1015;12;42;3;0;0.0;1017;9;63;7;3;10.8;1015;12;100;5;4;8.8;1013;10;73;0;-4;0.3;1010;10;44;2;0;0.0;1022;17;100;8;3;10.2;1020;36;78;4;1;7.4;1011;6
96;348;5;4;1.7;1017;18;99;2;1;2.9;1014;28;65;3;0;0.9;1019;9;50;9;4;10.1;1017;15;70;7;3;0.7;1013;9;42;3;-2;0.0;1005;17;5;2;-1;0.0;1024;18;100;5;2;12.2;1023;27;55;4;-1;2.3;1013;9
93;349;7;5;0.7;1021;20;99;3;2;3.4;1019;23;60;5;2;0.0;1024;7;43;10;5;0.0;1022;18;99;5;3;5.4;1017;10;69;4;1;0.0;1011;15;36;1;-2;0.0;1027;15;92;5;3;3.8;1029;24;75;6;1;3.9;1017;13
75;350;8;5;0.9;1021;18;96;3;3;3.1;1018;26;82;5;2;1.6;1023;6;43;9;5;0.1;1024;17;84;8;3;5.7;1017;8;87;4;0;0.1;1014;8;79;3;0;0.9;1024;12;85;6;2;0.9;1029;12;60;8;3;7.4;1018;13
93;351;8;5;8.6;1013;21;98;4;3;5.4;1012;17;71;5;2;0.4;1016;6;33;10;5;0.3;1017;20;86;6;4;23.7;1009;9;81;1;-1;4.6;1012;9;79;4;1;0.0;1017;14;93;8;4;0.1;1023;12;73;10;7;28.6;1009;17
100;352;7;6;34.8;1010;14;95;4;3;21.1;1014;15;81;6;4;7.3;1012;9;79;10;7;28.3;1010;15;100;5;2;38.1;1010;25;75;3;-2;0.4;1020;10;96;4;3;2.0;1016;12;86;10;7;26.0;1016;20;49;7;6;26.6;1007;14
100;353;6;2;27.2;1014;24;81;3;1;14.4;1017;19;100;5;2;22.7;1013;8;97;8;3;4.8;1015;12;92;4;3;7.6;1019;8;85;3;-1;5.0;1023;16;100;3;2;9.9;1013;6;47;10;6;4.1;1014;11;81;3;1;3.8;1017;6
71;354;5;3;4.2;1020;24;70;3;1;1.8;1021;19;76;4;1;3.8;1018;7;90;5;2;7.9;1019;12;35;5;0;1.2;1024;9;94;6;2;11.5;1025;24;96;3;1;7.0;1015;11;68;9;4;1.4;1015;11;83;0;0;5.5;1023;12
34;355;6;3;0.8;1022;28;40;6;2;0.0;1025;23;53;5;2;1.7;1020;9;81;4;1;8.2;1020;9;34;8;3;1.6;1026;5;88;6;1;6.6;1030;15;100;4;2;10.5;1015;14;92;6;4;6.1;1016;5;90;1;0;6.3;1025;18
68;356;5;1;3.0;1025;19;84;8;5;2.0;1025;21;56;3;-1;1.6;1023;10;51;4;-1;2.2;1027;9;41;9;4;0.9;1028;6;91;7;6;4.9;1031;24;94;5;3;11.4;1016;16;18;7;2;0.1;1024;10;46;4;-2;0.6;1029;9
41;357;6;3;1.1;1024;25;61;5;3;0.2;1027;29;54;3;0;1.2;1020;18;82;5;2;10.6;1022;16;11;10;3;0.0;1027;5;84;5;2;0.2;1035;12;97;4;1;7.4;1016;22;43;7;3;3.1;1016;13;99;3;1;5.0;1026;17
35;358;3;-1;1.8;1027;15;48;5;0;1.7;1027;12;34;2;-2;0.1;1025;12;20;3;-2;1.0;1026;12;63;6;2;0.7;1029;7;95;5;4;1.3;1031;13;92;1;-1;2.6;1023;14;32;5;1;0.4;1019;14;40;0;-3;1.0;1029;14
62;359;2;-1;2.8;1027;14;30;-2;-4;0.2;1030;22;60;0;-3;1.2;1028;18;51;1;-4;4.6;1024;13;61;4;1;5.4;1026;12;60;4;2;1.1;1031;17;100;0;-1;2.0;1031;14;49;3;-1;0.0;1023;6;87;2;-3;5.5;1025;11
73;360;2;-1;0.1;1035;11;76;-2;-4;0.0;1038;19;96;-1;-2;1.2;1036;19;16;1;-4;0.0;1033;8;72;1;-2;1.2;1035;13;8;1;-2;0.0;1038;20;100;-1;-2;1.7;1039;11;60;2;-2;0.0;1031;6;74;-2;-4;2.3;1032;14
39;361;1;-2;0.0;1035;12;69;-2;-4;0.3;1037;15;38;-2;-5;0.2;1037;15;11;0;-5;0.0;1034;6;82;0;-2;1.8;1033;15;11;-1;-4;0.0;1036;15;71;-2;-4;0.1;1039;4;51;0;-4;0.0;1035;9;92;-4;-6;2.4;1030;14
5;362;1;-4;0.0;1035;7;5;-3;-7;0.0;1036;8;4;-2;-7;0.0;1037;10;2;-1;-7;0.0;1035;5;14;-2;-5;0.1;1034;12;3;0;-6;0.0;1032;18;67;-2;-5;0.4;1037;7;43;-2;-6;0.7;1036;10;65;-3;-6;1.7;1030;13
19;363;-1;-7;0.0;1038;4;9;-2;-8;0.0;1038;7;12;-2;-6;0.0;1039;12;9;-3;-9;0.0;1037;8;8;-4;-7;0.0;1037;5;3;0;-5;0.0;1032;13;42;-1;-3;0.5;1040;6;43;-2;-6;0.0;1036;5;29;-2;-9;0.1;1035;10
5;364;-1;-6;0.0;1042;4;11;-3;-7;0.0;1040;13;4;1;-6;0.0;1041;5;3;-3;-9;0.0;1041;6;3;-3;-8;0.0;1041;5;6;0;-7;0.0;1033;11;6;0;-4;0.0;1041;5;29;-1;-5;0.0;1039;8;8;-1;-10;0.0;1039;9
0;365;1;-5;0.0;1037;6;0;-5;-8;0.0;1033;18;0;-1;-6;0.0;1035;9;0;-3;-9;0.0;1038;6;1;-2;-8;0.0;1035;4;7;0;-6;0.0;1028;8;0;0;-3;0.0;1032;8;4;0;-5;0.0;1036;8;0;5;-7;0.0;1034;6
