cloudcover;day;maxtemp;mintemp;precipMM;pressure;windspeed;cloudcover;maxtemp;mintemp;precipMM;pressure;windspeed;cloudcover;maxtemp;mintemp;precipMM;pressure;windspeed;cloudcover;maxtemp;mintemp;precipMM;pressure;windspeed;cloudcover;maxtemp;mintemp;precipMM;pressure;windspeed;cloudcover;maxtemp;mintemp;precipMM;pressure;windspeed;cloudcover;maxtemp;mintemp;precipMM;pressure;windspeed;cloudcover;maxtemp;mintemp;precipMM;pressure;windspeed;cloudcover;maxtemp;mintemp;precipMM;pressure;windspeed
2;244;29;18;0.0;1020;8;0;22;17;0.0;1019;13;6;26;17;0.0;1021;4;6;29;12;0.0;1021;6;0;31;18;0.0;1019;5;8;30;16;0.0;1014;13;9;23;14;0.0;1022;10;18;29;15;0.0;1022;4;3;28;10;0.0;1020;6
6;245;31;20;0.0;1015;5;14;23;19;0.0;1016;6;8;28;18;0.0;1016;3;2;30;13;0.0;1016;7;7;30;18;0.0;1016;7;46;25;17;0.6;1015;9;3;24;14;0.0;1017;11;31;25;18;0.0;1017;9;5;26;12;0.0;1016;8
20;246;31;21;0.1;1010;12;27;25;21;0.9;1009;10;16;28;19;0.0;1011;9;4;32;15;0.0;1012;6;16;31;20;0.0;1011;11;79;20;17;23.5;1007;18;13;26;16;0.0;1011;12;12;29;14;0.0;1014;5;12;27;12;1.8;1013;9
37;247;29;20;2.2;1009;10;64;17;13;20.3;1011;5;52;22;19;1.8;1010;7;22;32;19;0.7;1010;9;45;25;18;24.0;1010;7;64;19;13;10.3;1009;15;61;19;17;5.5;1010;6;4;34;17;0.0;1012;4;13;27;14;0.3;1012;14
18;248;22;13;4.9;1017;16;34;16;11;5.5;1018;17;26;20;15;4.1;1015;9;25;22;17;2.5;1014;12;43;18;14;16.3;1018;7;71;17;10;3.5;1020;18;51;17;13;3.8;1012;12;12;35;20;0.0;1011;8;49;15;9;17.6;1016;10
17;249;22;14;0.0;1022;14;22;17;14;0.0;1024;11;18;21;13;0.0;1022;9;9;24;11;0.0;1019;13;14;21;13;0.6;1023;9;25;18;8;0.0;1025;8;58;16;12;0.0;1020;11;61;19;16;5.6;1017;10;32;17;5;0.2;1020;13
22;250;23;14;0.0;1024;8;18;20;15;0.0;1025;5;30;20;13;0.0;1025;13;12;25;11;0.0;1021;14;5;22;12;0.0;1024;9;14;22;9;0.0;1024;8;38;20;14;0.9;1025;7;43;19;14;4.5;1019;9;29;18;4;0.0;1021;13
13;251;24;15;0.0;1024;12;6;20;15;0.0;1026;9;10;22;13;0.0;1026;14;26;24;12;0.7;1022;13;23;22;13;0.0;1024;10;6;24;11;0.0;1025;8;6;21;14;0.0;1028;6;70;23;14;6.7;1020;12;36;17;5;0.0;1021;12
19;252;27;16;0.0;1023;10;11;22;16;0.0;1025;5;17;26;15;0.0;1024;10;23;28;12;0.0;1021;5;49;22;14;0.1;1023;10;3;25;12;0.0;1024;7;10;24;14;0.0;1027;8;41;24;17;0.7;1020;12;48;18;7;0.6;1020;10
22;253;29;18;0.0;1021;8;25;23;20;0.0;1023;9;10;27;16;0.0;1022;10;23;29;16;0.1;1020;9;27;25;16;0.0;1022;9;3;24;13;0.0;1025;11;9;25;15;0.0;1025;8;44;25;17;0.0;1019;9;39;21;8;0.5;1020;9
46;254;27;18;0.2;1019;10;30;23;19;0.0;1023;16;26;27;17;0.0;1020;15;40;28;15;0.4;1017;9;43;21;15;3.8;1020;13;47;21;13;0.0;1028;13;10;26;18;0.0;1023;8;15;28;18;0.0;1016;15;24;19;8;1.1;1017;11
20;255;30;18;0.0;1016;9;35;21;15;0.0;1021;14;12;27;16;0.3;1018;13;30;30;16;0.0;1015;6;39;24;15;0.6;1018;12;26;20;11;0.0;1024;12;44;23;16;6.1;1020;6;22;28;20;0.0;1014;14;55;17;10;5.8;1015;7
20;256;26;16;0.6;1014;10;24;18;15;0.0;1016;7;30;24;15;3.3;1014;9;23;27;15;0.0;1013;8;15;24;14;0.2;1015;6;42;17;10;3.0;1018;10;60;18;14;0.4;1016;4;62;23;19;0.0;1014;6;60;18;8;3.7;1014;4
39;257;25;15;2.1;1015;10;45;20;15;0.8;1016;10;23;24;14;0.2;1017;8;37;26;16;0.3;1015;8;48;20;12;1.3;1013;9;92;13;10;15.7;1016;11;44;22;14;0.6;1020;8;16;28;16;0.0;1016;6;42;18;9;4.0;1014;9
24;258;27;17;1.2;1017;10;34;21;17;1.8;1018;10;14;26;16;0.0;1019;6;20;29;15;0.7;1017;8;41;26;14;0.0;1017;4;74;20;11;4.0;1016;8;13;25;14;0.1;1022;9;23;28;17;0.0;1019;9;33;22;8;1.0;1017;6
18;259;27;18;0.0;1015;10;24;23;19;0.0;1015;12;12;26;16;0.0;1017;6;10;30;16;0.0;1017;11;40;23;15;0.4;1014;5;49;23;12;0.0;1012;14;10;25;15;0.0;1017;7;15;29;18;0.0;1019;6;19;24;10;0.3;1016;9
50;260;20;17;5.2;1013;9;67;19;16;11.3;1014;7;31;24;18;0.2;1014;5;46;26;19;0.5;1013;10;36;25;17;12.9;1012;3;81;19;16;1.6;1014;16;26;23;18;2.9;1014;8;16;27;17;0.0;1015;7;45;20;12;14.2;1012;9
43;261;27;17;0.0;1017;7;43;21;15;0.0;1019;12;28;23;16;0.0;1018;14;40;27;14;0.3;1015;5;54;24;15;1.2;1017;6;46;23;14;0.1;1017;13;16;19;13;0.0;1021;8;40;27;18;0.3;1015;6;66;21;9;1.4;1016;6
25;262;26;16;0.0;1019;8;22;20;16;0.0;1019;8;12;22;12;0.0;1020;10;12;28;12;0.0;1018;4;22;25;16;0.0;1018;5;24;24;14;0.0;1016;7;10;18;10;0.0;1024;8;45;21;16;2.9;1019;12;54;21;7;1.7;1017;7
11;263;27;15;0.0;1020;6;13;21;16;0.0;1019;9;3;24;13;0.0;1020;5;12;27;13;0.0;1019;6;20;25;15;0.0;1018;8;12;25;13;0.0;1018;5;5;20;11;0.0;1022;9;14;21;13;0.0;1022;10;9;23;9;0.0;1017;9
13;264;27;17;0.0;1022;3;23;23;18;0.0;1022;5;11;25;15;0.0;1022;3;7;26;12;0.0;1022;6;4;26;16;0.0;1021;6;18;25;13;0.0;1022;7;12;24;12;0.0;1022;4;11;24;12;0.0;1023;6;2;22;8;0.0;1020;9
11;265;28;18;0.0;1024;5;13;25;18;0.0;1025;5;13;27;16;0.2;1024;3;4;27;11;0.0;1024;5;3;26;16;0.0;1024;4;11;25;13;0.0;1025;5;13;24;15;0.1;1023;5;8;26;11;0.0;1024;4;3;22;7;0.0;1024;9
11;266;27;19;0.0;1024;7;21;24;18;0.0;1025;6;21;26;18;0.0;1024;7;7;28;13;0.0;1025;5;2;28;17;0.0;1025;3;5;24;13;0.0;1025;8;4;24;16;0.0;1021;12;11;28;15;0.0;1025;6;3;24;8;0.0;1025;7
9;267;27;18;0.0;1020;7;30;21;17;0.0;1021;8;23;26;17;0.5;1020;6;4;28;14;0.0;1021;6;3;26;16;0.0;1021;4;35;20;10;0.2;1023;5;44;19;16;0.0;1020;9;5;28;16;0.0;1021;8;4;24;9;0.0;1021;7
25;268;25;16;0.0;1021;9;18;17;12;0.4;1024;12;15;20;14;0.8;1021;14;7;27;11;0.0;1018;9;38;23;14;0.4;1021;12;27;20;9;0.0;1025;9;15;19;11;0.0;1022;10;9;30;15;0.0;1017;6;10;21;7;0.0;1018;10
2;269;26;14;0.0;1026;8;0;18;13;0.0;1027;7;1;20;11;0.0;1027;12;5;25;12;0.0;1023;8;24;22;13;0.0;1025;11;10;20;8;0.0;1026;9;7;20;11;0.0;1027;7;24;26;18;0.0;1023;13;20;20;8;0.0;1022;11
6;270;28;15;0.0;1026;5;11;21;14;0.0;1027;8;16;24;13;0.0;1027;5;3;27;10;0.0;1026;4;10;23;12;0.0;1026;8;15;23;8;0.0;1025;5;39;22;13;0.0;1027;3;14;24;14;0.0;1027;8;12;22;7;0.0;1024;10
23;271;25;15;0.0;1021;7;10;21;14;0.0;1021;8;16;24;15;0.0;1021;8;17;26;12;0.0;1023;5;8;25;14;0.0;1022;5;11;20;9;0.0;1023;7;22;23;13;0.0;1018;11;8;24;13;0.0;1024;5;19;22;9;0.0;1021;6
28;272;23;17;0.0;1015;17;36;18;16;0.0;1016;14;30;22;14;0.0;1013;9;19;25;11;0.0;1017;9;9;26;14;0.0;1017;5;48;18;9;0.0;1020;12;87;15;12;11.1;1010;15;12;26;14;0.0;1015;11;11;21;6;0.0;1018;5
32;273;20;15;0.0;1016;14;54;15;12;2.5;1017;7;36;16;12;1.7;1016;8;27;22;11;0.0;1016;9;20;25;14;0.0;1017;5;68;18;13;0.2;1018;9;19;13;6;1.3;1016;9;16;26;15;0.0;1013;9;5;24;5;0.0;1017;4
33;274;23;14;0.6;1012;9;53;19;13;0.1;1012;11;25;17;9;0.1;1012;9;15;26;12;0.0;1014;10;14;26;14;1.0;1013;10;70;16;9;1.5;1014;11;46;15;6;1.7;1008;15;20;26;15;0.0;1017;9;14;22;8;0.0;1015;11
8;275;19;13;0.0;1014;13;31;14;7;0.3;1015;10;28;16;12;0.0;1013;7;45;21;12;3.5;1013;6;63;14;13;26.6;1015;7;28;15;7;0.6;1017;9;59;12;8;1.0;1012;13;20;27;14;0.0;1011;8;80;14;9;20.4;1013;10
4;276;20;10;0.0;1017;8;13;16;9;0.0;1017;9;11;18;8;0.0;1016;7;26;20;12;0.3;1015;9;13;20;10;0.0;1017;5;9;16;5;0.0;1015;13;40;13;7;0.9;1015;10;84;15;12;7.9;1014;19;79;10;5;52.2;1015;13
3;277;21;10;0.0;1015;12;7;18;12;0.0;1013;14;7;19;8;0.0;1014;14;3;22;8;0.0;1016;5;3;21;9;0.0;1015;6;37;17;9;0.0;1014;19;22;17;9;0.4;1008;17;82;16;11;6.8;1017;12;22;19;3;0.0;1016;5
8;278;22;13;0.0;1019;9;34;17;11;0.2;1018;8;20;18;11;0.0;1018;6;3;23;7;0.0;1019;5;25;23;12;0.0;1019;6;73;18;10;4.1;1017;10;8;14;9;0.3;1016;14;25;25;13;0.0;1018;9;9;21;6;0.0;1020;5
22;279;26;16;0.2;1018;10;52;20;14;5.4;1017;8;51;21;10;3.2;1019;6;13;25;11;0.0;1020;9;14;26;15;0.0;1020;12;91;19;15;7.1;1015;15;50;15;8;1.4;1020;7;10;24;14;0.0;1021;5;8;21;6;0.0;1022;6
20;280;27;18;0.0;1018;10;36;23;19;2.3;1017;12;31;25;15;4.9;1018;10;16;26;14;0.0;1020;6;13;26;16;0.0;1020;8;35;24;15;3.6;1015;13;78;18;12;6.8;1014;11;11;26;13;0.0;1021;6;8;24;8;0.0;1021;3
8;281;27;17;0.0;1015;10;34;23;17;0.1;1014;10;13;24;14;0.0;1015;10;6;28;15;0.0;1017;9;24;25;15;0.0;1016;11;69;19;16;17.0;1014;15;49;24;15;0.1;1011;16;10;27;16;0.0;1019;7;5;23;10;0.0;1018;8
56;282;23;18;2.2;1017;11;31;14;10;0.6;1020;13;40;18;14;0.9;1018;14;9;26;15;0.0;1016;9;26;26;16;0.9;1018;8;45;16;9;0.1;1020;13;11;14;10;0.0;1020;10;5;27;16;0.0;1016;8;7;24;10;0.0;1018;7
46;283;19;11;8.3;1016;8;93;12;9;4.8;1016;8;55;14;9;6.6;1017;7;21;27;13;0.0;1016;9;48;23;13;9.9;1015;4;88;15;9;11.0;1014;12;43;12;5;4.8;1020;12;13;22;16;0.0;1019;15;12;24;10;0.1;1015;8
51;284;16;13;24.1;1012;11;63;16;10;9.5;1012;12;61;13;10;21.0;1011;6;31;21;14;4.8;1013;13;49;19;14;17.9;1014;9;82;13;11;5.0;1014;19;96;11;8;13.0;1009;9;12;26;14;0.0;1015;7;61;15;9;8.6;1013;9
74;285;13;10;23.1;1006;13;75;9;7;19.1;1006;20;68;11;8;9.6;1006;9;64;18;8;0.4;1007;8;64;12;8;26.4;1007;10;82;8;7;23.7;1014;21;86;13;9;5.7;1004;11;51;18;15;4.2;1008;9;70;15;5;29.2;1006;12
66;286;8;5;13.1;1008;33;69;5;3;0.2;1015;30;84;4;3;30.4;1005;32;92;11;2;78.4;1000;21;29;12;7;0.1;1014;21;65;8;5;1.8;1025;15;100;5;3;22.1;1007;21;63;24;9;3.4;997;22;89;2;0;78.2;1009;26
82;287;6;4;4.8;1012;31;93;3;1;7.3;1015;32;95;3;1;14.7;1006;14;95;4;2;17.8;1011;16;32;10;3;0.1;1019;13;64;5;-1;0.0;1028;14;100;1;0;40.2;1001;15;19;11;6;0.2;1008;25;62;3;-5;3.6;1018;12
100;288;4;3;6.4;1016;25;100;2;-1;10.9;1016;26;86;4;2;10.4;1012;12;89;6;3;7.1;1018;16;14;12;3;0.1;1020;6;82;5;-1;1.4;1026;12;100;2;1;11.0;1010;7;9;12;4;0.0;1020;15;25;5;-5;0.2;1020;5
79;289;7;4;1.0;1018;13;98;4;1;6.5;1016;16;73;5;1;1.9;1017;12;12;8;1;0.0;1020;6;22;10;0;0.4;1019;6;87;5;2;8.5;1020;21;90;4;1;4.9;1014;10;88;7;6;22.5;1017;10;12;4;-6;0.0;1018;9
78;290;10;4;1.0;1016;7;95;4;2;3.1;1016;8;83;6;3;0.8;1016;9;28;10;-2;0.0;1017;6;37;12;4;2.0;1016;6;99;5;3;10.1;1019;11;100;5;2;2.3;1015;4;48;11;6;0.4;1017;5;49;6;-7;2.7;1015;6
40;291;9;3;0.0;1018;6;78;6;5;0.3;1019;8;58;8;2;0.4;1018;4;75;6;1;7.2;1017;7;50;9;2;2.1;1017;9;80;6;3;0.8;1022;9;85;8;4;2.1;1019;3;68;9;5;4.5;1016;11;98;2;0;17.9;1015;12
42;292;10;3;2.9;1018;10;25;9;3;0.0;1021;12;45;7;2;4.0;1018;15;91;6;4;29.3;1016;9;54;9;1;0.1;1018;10;14;11;-1;0.0;1021;5;32;9;2;0.1;1022;6;100;10;8;48.0;1015;19;100;1;-1;42.8;1015;11
73;293;8;6;4.0;1016;5;68;6;2;0.5;1016;7;86;8;5;4.3;1016;7;84;8;3;1.2;1017;7;24;11;1;0.2;1017;6;11;8;-2;0.0;1014;13;84;5;4;16.1;1018;10;72;13;9;12.7;1015;10;61;7;-2;0.5;1017;7
65;294;9;3;0.3;1016;12;37;8;3;0.0;1014;10;76;8;5;0.7;1017;11;10;14;2;0.0;1019;9;43;16;6;0.0;1015;13;14;10;-2;0.0;1009;14;100;6;4;17.9;1016;8;3;15;7;0.0;1019;14;80;7;0;0.5;1019;12
38;295;17;9;0.6;1010;15;89;11;7;2.8;1007;15;61;11;6;1.2;1013;11;31;18;8;0.6;1015;17;36;21;9;2.3;1008;10;69;9;2;12.4;1005;8;94;8;5;0.8;1013;7;12;18;7;0.0;1019;4;71;15;3;7.9;1013;18
88;296;18;14;4.9;1009;8;46;11;7;2.8;1010;9;95;12;10;5.7;1010;8;45;20;13;7.7;1011;16;60;16;10;24.6;1007;15;72;12;3;0.4;1012;6;99;11;8;10.5;1011;6;15;20;10;0.0;1015;6;70;13;9;26.7;1007;13
82;297;16;13;11.1;1013;13;70;9;6;1.3;1017;12;45;16;11;3.6;1014;14;28;20;12;0.2;1010;7;89;12;10;21.2;1014;15;53;13;2;0.1;1019;7;89;11;9;1.4;1017;6;4;21;13;0.0;1012;13;76;11;7;4.0;1009;9
27;298;18;10;0.8;1018;6;7;12;6;0.0;1018;5;22;18;10;0.0;1017;8;39;18;9;0.1;1017;4;42;15;9;0.4;1018;6;58;12;6;1.3;1017;9;95;13;10;0.5;1019;5;14;19;12;0.0;1018;13;88;11;9;2.2;1015;10
55;299;18;11;0.7;1019;4;37;13;6;1.9;1019;6;35;16;9;0.0;1019;6;29;20;8;0.0;1019;5;58;15;9;0.0;1018;5;38;13;4;0.1;1019;11;62;14;10;0.8;1018;7;53;17;13;0.7;1021;12;69;16;6;0.4;1016;7
27;300;16;11;1.3;1020;17;40;15;10;0.2;1021;11;58;14;10;2.7;1018;6;67;14;11;5.5;1018;5;36;17;11;0.5;1021;5;56;13;8;0.3;1023;9;75;13;10;6.4;1017;8;33;17;10;8.3;1017;8;80;11;7;5.1;1018;9
34;301;14;8;0.0;1020;15;39;14;8;0.2;1021;8;44;11;7;0.0;1019;8;45;14;6;0.0;1019;6;12;16;7;0.0;1021;4;15;13;3;0.0;1021;6;74;7;7;2.2;1017;13;50;15;12;9.7;1016;7;33;11;1;0.0;1021;6
55;302;11;6;0.9;1020;6;65;9;5;3.8;1021;7;47;7;3;2.6;1021;5;45;13;5;0.1;1019;6;19;16;5;0.0;1020;5;25;14;3;0.0;1022;7;60;7;4;0.3;1021;9;62;12;8;1.7;1017;6;19;12;0;0.0;1019;6
9;303;12;4;0.4;1028;10;21;6;2;0.0;1030;13;29;6;2;0.1;1029;15;29;11;5;0.3;1024;14;54;10;7;0.7;1027;9;43;11;4;0.0;1028;9;49;6;3;0.3;1030;7;81;8;5;8.1;1023;14;76;5;0;2.9;1024;11
14;304;11;1;0.0;1030;7;14;6;-1;0.0;1030;4;4;7;-1;0.0;1030;10;3;10;1;0.0;1028;9;23;10;1;0.0;1029;5;28;7;-2;0.0;1028;9;22;5;-1;0.0;1031;6;39;8;4;0.3;1027;8;33;5;-4;0.0;1027;10
7;305;8;1;0.0;1026;6;19;5;-2;0.0;1025;8;8;5;-2;0.0;1026;7;3;7;-2;0.0;1026;6;16;10;-1;0.0;1024;4;18;10;0;0.0;1019;12;29;3;0;0.2;1028;6;30;6;1;0.2;1026;8;11;7;-4;0.0;1025;8
10;306;7;-1;0.0;1015;15;40;3;-1;0.2;1012;22;1;4;-3;0.0;1017;8;1;8;-1;0.0;1018;12;28;11;-1;2.6;1011;7;95;9;7;39.0;1004;15;0;3;-2;0.0;1018;16;18;4;-1;0.0;1022;9;22;10;-3;0.1;1014;9
54;307;6;1;0.0;1005;14;100;0;-3;11.5;1003;15;13;4;-3;0.0;1006;8;60;5;0;3.1;1006;15;91;3;0;42.6;1001;15;65;8;5;13.3;1001;17;1;1;-3;0.0;1012;19;67;2;-2;0.6;1012;18;97;5;0;30.1;998;13
39;308;6;0;1.6;1003;10;99;0;-3;7.9;999;23;35;5;-4;0.8;1003;10;59;9;3;3.6;1004;7;45;5;-1;4.5;1001;7;91;10;6;12.9;992;21;79;2;-2;0.2;1005;19;95;7;3;17.6;1005;21;47;9;-4;2.4;1003;10
61;309;7;2;2.5;1006;11;87;2;0;5.2;1005;13;53;5;0;2.8;1007;8;69;9;4;16.8;1007;12;72;6;3;15.2;1004;9;61;9;4;5.8;1001;14;61;4;1;1.4;1009;14;73;10;5;4.3;1011;13;65;9;3;16.9;1003;11
66;310;8;3;4.3;1006;11;82;4;1;4.1;1006;13;68;7;2;6.2;1007;8;73;11;7;22.0;1006;10;69;7;3;8.5;1005;8;59;9;3;4.1;1002;13;77;6;2;1.8;1009;12;67;14;8;5.0;1010;14;59;9;3;13.4;1004;9
71;311;11;7;3.2;1007;8;75;6;3;2.0;1007;8;96;9;5;5.1;1008;9;86;12;10;27.0;1008;12;56;10;5;3.5;1007;5;47;9;1;0.0;1004;11;99;8;5;3.7;1008;8;86;18;13;1.2;1012;9;56;10;5;2.3;1007;7
85;312;9;6;12.2;1004;12;75;8;3;3.1;1005;13;90;9;6;21.8;1006;9;71;17;11;32.4;1004;9;78;7;3;10.7;1002;9;64;8;2;1.1;1005;10;99;10;5;3.9;1009;8;28;19;13;0.0;1009;16;45;11;5;12.9;1002;9
37;313;15;10;4.7;1007;7;56;10;6;2.7;1007;9;92;11;8;25.7;1008;8;63;14;10;19.1;1007;13;52;12;5;0.4;1006;6;97;5;4;13.1;1007;10;100;10;8;3.0;1010;15;66;16;11;0.9;1010;20;34;11;3;1.5;1006;10
89;314;8;7;28.0;1004;13;72;9;4;11.3;1008;15;88;9;7;7.6;1005;13;87;12;9;21.6;1004;8;71;8;5;9.4;1005;12;86;5;3;0.9;1011;7;100;8;6;11.1;1009;9;67;17;12;17.0;1007;15;84;7;3;14.2;1003;5
100;315;7;5;29.0;1002;24;86;4;3;23.1;1006;22;100;7;3;29.3;999;10;100;8;5;14.6;1002;19;47;10;5;1.4;1007;6;66;7;4;0.6;1011;9;100;6;5;14.9;1000;9;26;14;11;15.0;1002;14;90;4;2;3.2;1006;8
49;316;9;5;1.8;1011;19;43;8;4;0.2;1012;12;70;6;3;4.1;1009;6;96;7;4;9.4;1011;12;14;12;2;0.0;1014;4;48;6;-1;0.3;1013;10;100;5;4;5.5;1006;9;43;10;5;0.0;1008;18;30;8;-1;0.8;1014;4
37;317;11;6;0.0;1019;9;44;9;3;0.0;1018;8;26;8;1;0.0;1019;6;27;11;4;0.2;1020;8;9;14;4;0.0;1020;9;71;13;5;0.4;1015;11;86;6;4;1.5;1016;7;24;12;5;0.0;1018;8;14;11;-1;0.0;1021;7
54;318;12;4;0.3;1021;10;68;8;5;1.3;1018;11;83;7;1;0.4;1022;7;18;13;6;0.0;1023;8;35;15;7;0.0;1020;16;50;11;6;0.7;1014;13;67;8;5;0.2;1021;9;26;12;6;0.0;1024;4;8;12;1;0.0;1024;10
45;319;13;9;2.5;1017;13;24;13;5;0.7;1017;7;77;8;5;8.6;1017;5;64;11;7;3.7;1018;13;52;16;10;0.5;1019;10;46;12;6;0.8;1016;12;99;5;5;13.7;1017;8;53;11;6;6.4;1019;5;47;9;2;0.6;1021;11
85;320;9;7;3.0;1017;6;68;10;5;0.7;1016;7;80;7;3;1.1;1017;5;56;11;6;10.7;1018;8;41;17;11;0.4;1017;13;84;11;7;14.8;1012;11;93;9;6;3.1;1016;5;54;10;5;0.5;1019;6;69;12;5;0.3;1019;11
81;321;12;7;0.2;1018;9;82;9;5;1.9;1015;11;100;8;6;2.4;1019;8;48;16;8;0.4;1019;8;25;17;10;0.0;1019;15;74;14;11;4.0;1013;13;99;9;6;5.7;1015;10;37;12;7;1.1;1021;5;25;15;4;0.0;1021;10
57;322;12;9;9.7;1022;11;37;13;6;2.4;1021;10;67;12;8;1.2;1021;9;29;16;9;2.7;1023;10;32;15;10;0.0;1024;8;13;11;4;0.5;1022;14;77;11;8;5.0;1016;15;24;14;7;0.0;1023;10;13;16;5;0.0;1023;8
13;323;14;8;0.0;1026;13;7;12;5;0.0;1025;10;35;12;7;0.1;1024;8;13;15;8;0.2;1027;4;3;18;7;0.0;1027;5;3;11;4;0.0;1025;12;94;10;8;5.1;1019;19;20;15;9;0.0;1025;9;1;16;4;0.0;1027;4
2;324;16;7;0.0;1028;6;5;9;2;0.0;1027;6;3;9;3;0.0;1028;6;0;15;6;0.0;1029;4;3;16;6;0.0;1029;9;19;13;5;0.0;1024;10;13;9;6;0.0;1024;11;4;15;8;0.0;1027;9;0;16;4;0.0;1029;6
11;325;12;4;0.0;1029;4;15;8;1;0.0;1028;5;15;9;3;0.0;1028;5;2;14;5;0.0;1028;4;12;15;6;0.0;1029;8;36;11;6;0.0;1026;9;42;10;6;0.2;1025;10;2;16;8;0.0;1028;5;4;16;6;0.0;1029;6
11;326;9;2;0.0;1022;6;13;6;-1;0.0;1020;8;31;9;2;0.0;1022;7;6;12;3;0.0;1024;6;12;15;4;0.0;1022;12;46;10;7;2.6;1017;14;44;10;7;0.1;1019;9;7;14;7;0.0;1023;4;3;13;4;0.0;1024;10
23;327;6;1;0.2;1019;8;48;12;5;5.0;1016;15;62;4;0;0.4;1018;9;20;11;4;0.0;1019;6;56;10;6;2.8;1019;7;84;10;7;2.0;1012;26;47;8;5;0.6;1012;13;2;14;7;0.0;1017;12;21;13;4;0.2;1020;10
54;328;12;5;1.5;1017;13;70;13;7;7.5;1013;17;78;6;2;1.3;1015;13;29;9;3;0.0;1019;6;24;15;8;0.0;1018;9;98;11;9;18.7;1013;27;90;9;7;3.3;1008;18;6;13;7;0.0;1017;6;32;11;2;0.0;1019;7
30;329;15;8;2.3;1018;14;33;13;7;2.8;1016;15;60;12;6;0.7;1017;9;25;13;6;0.3;1020;8;15;14;6;0.0;1020;9;30;11;8;0.1;1014;16;72;10;7;2.1;1012;11;10;14;6;0.0;1018;9;7;13;2;0.0;1021;8
22;330;11;6;0.0;1017;10;56;10;4;0.4;1015;8;90;7;4;0.6;1017;9;19;14;7;0.0;1019;12;18;13;7;0.0;1018;14;34;9;6;2.6;1014;17;35;10;6;0.0;1013;11;20;14;7;0.0;1019;9;27;13;4;0.0;1020;13
64;331;11;7;3.2;1015;11;69;7;3;0.7;1013;9;72;7;3;2.9;1016;9;25;14;6;0.0;1017;6;40;14;8;0.9;1014;14;46;8;5;4.3;1010;17;63;8;5;0.0;1012;12;14;13;7;0.0;1018;7;50;10;3;0.8;1018;13
54;332;9;6;6.8;1014;8;39;8;3;2.5;1014;11;73;8;5;3.5;1014;4;43;13;6;1.7;1015;13;55;9;8;29.9;1015;8;81;8;5;0.7;1010;18;42;8;5;0.0;1012;9;26;13;6;0.0;1016;9;68;10;7;7.5;1015;11
16;333;9;3;0.0;1016;17;58;4;3;0.7;1011;17;30;6;2;0.0;1016;13;16;11;4;0.7;1019;10;24;13;5;0.0;1015;15;39;9;5;0.1;1003;16;29;8;4;0.0;1012;13;18;14;9;1.2;1018;14;20;10;1;0.0;1019;12
30;334;12;6;0.0;1009;20;66;10;6;0.2;1002;35;43;7;2;0.0;1011;13;6;14;6;0.0;1014;20;31;16;9;0.1;1005;18;74;8;5;3.4;996;12;27;9;4;0.0;1009;16;5;15;6;0.0;1019;5;38;11;7;1.7;1011;26
95;335;14;11;3.2;1005;19;96;8;4;29.7;1003;19;57;7;4;0.3;1008;9;39;14;10;0.0;1010;27;61;11;10;18.3;1003;9;97;4;2;21.7;1007;13;31;11;8;0.0;1007;14;16;15;7;0.0;1015;5;53;11;7;26.9;1005;23
25;336;7;5;0.7;1015;13;36;4;1;0.3;1015;9;71;9;5;1.6;1014;7;83;12;7;14.9;1013;10;24;9;4;0.1;1016;4;59;6;3;0.5;1014;10;45;9;6;0.1;1013;10;39;17;10;0.0;1015;9;91;7;3;10.2;1012;10
50;337;8;2;0.2;1014;5;27;5;-3;0.0;1014;6;43;9;3;0.2;1014;6;52;10;6;0.6;1013;7;19;7;1;0.0;1013;3;54;7;1;0.4;1010;14;39;5;0;0.1;1016;6;45;12;7;0.3;1012;16;92;6;3;1.6;1013;7
24;338;8;2;0.0;1010;5;65;5;0;0.1;1010;7;27;8;2;0.0;1010;3;43;11;6;0.4;1010;4;41;5;0;0.1;1009;8;94;4;3;9.7;1010;9;81;7;5;0.8;1013;9;59;9;5;0.2;1012;5;36;7;0;0.2;1009;9
43;339;6;2;0.0;1016;9;46;5;-2;0.1;1017;6;39;4;1;0.0;1015;8;44;9;3;0.1;1014;6;22;6;0;0.0;1017;4;53;4;-2;0.7;1016;12;85;5;2;1.3;1017;6;45;9;4;0.0;1014;9;82;4;0;2.8;1013;10
38;340;5;0;0.2;1020;7;62;4;-1;1.4;1017;9;87;4;0;0.4;1019;8;37;8;4;0.0;1020;4;21;7;0;0.0;1019;4;87;8;4;8.7;1013;15;44;3;1;0.6;1018;8;42;10;5;0.0;1018;3;38;8;0;0.2;1019;5
61;341;4;1;1.7;1020;7;83;0;-2;4.9;1017;10;90;3;1;3.4;1019;9;26;9;1;0.0;1020;4;37;6;1;0.7;1018;4;69;9;7;7.2;1013;12;100;6;3;6.5;1015;12;24;10;3;0.0;1020;5;30;8;-1;0.2;1019;6
76;342;4;1;17.3;1015;11;86;1;0;10.0;1014;12;79;3;0;0.6;1016;6;29;7;2;1.7;1017;11;83;9;6;44.9;1012;14;97;8;5;15.4;1013;19;61;6;4;0.6;1016;9;37;7;3;0.0;1020;8;77;7;2;14.1;1015;11
68;343;7;4;6.6;1018;15;72;6;3;1.5;1022;15;40;6;1;0.2;1018;12;90;7;5;2.7;1015;9;78;6;4;18.2;1020;13;60;6;4;0.2;1026;9;91;4;3;3.3;1021;6;87;6;4;5.2;1018;19;92;7;1;18.6;1013;16
62;344;6;3;0.5;1023;7;40;5;-1;4.7;1024;8;43;5;2;0.2;1023;8;51;7;3;0.4;1022;7;41;8;4;0.3;1024;6;79;7;0;8.3;1024;18;91;5;2;0.6;1024;5;41;6;3;0.3;1022;17;98;3;2;9.9;1021;13
92;345;4;2;3.3;1017;9;85;6;0;5.3;1018;13;89;4;1;0.8;1018;9;75;5;0;0.6;1017;4;66;7;4;4.5;1017;6;100;5;2;17.4;1021;19;61;3;0;0.5;1022;9;28;4;0;0.1;1019;7;89;2;-4;4.0;1016;9
53;346;3;0;0.0;1018;15;28;1;-3;0.0;1021;20;35;0;-2;0.1;1020;19;91;5;1;3.2;1015;5;81;4;1;8.7;1017;20;60;2;-2;0.7;1024;14;88;0;-3;0.7;1024;10;68;1;-2;0.4;1017;19;97;1;-1;7.6;1013;15
60;347;1;-2;0.0;1020;9;55;-4;-7;0.0;1022;18;61;-2;-5;0.1;1021;13;88;3;-2;1.0;1018;5;72;1;-1;1.2;1019;10;66;-1;-3;0.3;1022;14;15;-3;-6;0.0;1024;5;64;1;-4;0.2;1019;9;96;-1;-2;3.9;1017;10
59;348;-1;-4;0.4;1022;7;24;-3;-8;0.0;1023;9;29;-3;-9;0.0;1022;4;49;2;-4;0.3;1021;7;89;-1;-2;10.7;1019;15;31;-2;-4;0.0;1022;15;66;-3;-7;1.7;1021;6;51;1;-3;0.0;1022;6;85;-1;-5;18.3;1016;10
23;349;-1;-4;0.2;1015;17;12;-1;-6;0.0;1018;16;18;-3;-6;0.0;1017;16;99;0;-2;20.8;1013;10;94;-2;-3;7.4;1013;19;70;-1;-5;0.1;1018;16;41;-4;-5;0.2;1022;8;91;-1;-4;10.0;1015;26;100;-2;-6;42.4;1008;13
98;350;-3;-4;4.3;1009;10;79;-5;-8;1.7;1011;14;86;-4;-7;4.0;1009;11;100;0;-2;6.6;1007;5;94;-3;-5;9.5;1009;10;81;-2;-4;0.3;1013;8;97;-7;-8;3.1;1016;16;100;-2;-4;4.8;1008;22;100;-4;-7;8.2;1006;7
63;351;-4;-7;0.5;1006;14;78;-7;-10;0.8;1007;8;100;-3;-5;4.0;1005;3;90;-3;-5;6.5;1007;7;43;-4;-12;0.6;1007;3;42;-4;-8;0.0;1010;5;100;-9;-11;10.6;1011;17;95;-3;-6;3.3;1008;8;91;-3;-7;7.7;1005;7
48;352;-4;-8;0.1;1007;6;69;-7;-11;0.3;1007;8;77;-7;-10;0.6;1008;10;90;-5;-9;2.0;1006;6;61;-5;-9;0.8;1008;6;84;-5;-9;1.0;1008;9;100;-11;-12;2.5;1012;12;100;-5;-9;22.6;1006;15;99;-8;-11;5.3;1006;9
73;353;-7;-10;8.9;1004;14;75;-10;-13;3.1;1006;12;51;-8;-14;0.2;1006;10;62;-4;-13;3.8;1005;12;95;-8;-9;20.4;1002;13;96;-9;-12;3.1;1007;9;100;-11;-13;0.8;1011;7;41;-7;-12;0.3;1009;12;55;0;-13;13.5;1000;13
66;354;-7;-11;3.7;1007;20;52;-9;-13;1.9;1008;16;73;-9;-12;5.3;1005;10;95;-7;-8;9.9;1006;13;39;-6;-11;0.4;1010;10;61;-9;-16;2.1;1008;16;100;-11;-14;3.9;1006;8;78;-1;-3;32.6;1002;19;79;-10;-17;2.5;1008;7
47;355;-7;-12;0.2;1016;14;67;-7;-14;1.0;1011;14;84;-10;-14;1.1;1016;14;15;-5;-15;0.0;1019;13;42;0;-13;0.3;1014;12;57;-1;-9;1.8;1004;16;92;-5;-12;2.1;1009;15;4;-7;-13;0.0;1019;14;13;-4;-18;0.0;1019;14
89;356;1;0;2.9;1008;20;99;2;-2;4.7;1002;25;98;-1;-6;6.0;1009;15;78;1;-3;5.5;1015;23;78;3;1;2.5;1005;15;98;4;1;19.2;993;18;92;0;-6;0.3;1006;15;35;0;-11;0.0;1020;8;90;2;-5;5.6;1012;24
84;357;7;3;24.3;1001;20;76;7;4;20.5;998;24;98;2;0;23.1;1002;13;42;9;2;8.8;1007;29;58;10;5;3.6;1000;19;97;2;0;9.6;997;12;100;4;1;19.1;999;17;37;2;-4;0.0;1014;6;66;8;3;7.8;1005;31
59;358;11;6;1.1;1005;17;100;8;4;4.3;1001;17;100;5;2;3.0;1007;10;36;13;8;0.4;1010;22;38;12;8;0.9;1003;18;83;3;1;5.5;995;12;99;3;0;11.4;1008;12;53;4;0;0.1;1014;10;58;11;7;2.7;1008;24
68;359;14;12;15.9;997;29;84;12;8;29.0;995;25;96;10;9;22.8;997;17;56;15;11;11.8;1004;29;58;15;13;6.6;997;21;94;7;3;7.3;995;26;100;9;7;25.5;996;15;33;7;3;0.3;1009;8;63;13;10;5.1;1003;32
24;360;6;4;0.0;1012;18;15;4;-2;0.2;1011;14;23;5;2;4.6;1009;10;45;8;5;11.6;1011;15;28;8;5;7.0;1012;7;45;4;1;0.9;1011;14;78;3;3;4.5;1004;17;38;12;8;0.0;1008;18;53;10;5;5.6;1011;10
70;361;3;1;0.0;1008;12;54;4;-3;0.0;1009;6;58;3;0;0.2;1008;8;78;4;2;17.0;1008;10;91;4;1;13.3;1007;11;41;2;-2;0.8;1009;10;29;2;-1;0.0;1009;8;75;6;2;37.0;1009;21;100;5;1;45.7;1004;9
33;362;5;0;0.1;1007;19;51;5;-2;0.0;1006;14;48;3;0;1.4;1004;8;71;4;0;6.8;1008;12;35;7;0;0.3;1009;6;62;3;1;2.0;1007;16;100;1;0;13.2;1000;13;64;4;3;21.2;1004;15;39;5;-3;4.4;1010;8
32;363;5;0;0.4;1011;10;33;3;-4;1.7;1010;12;9;3;-1;0.0;1010;8;8;6;-1;0.0;1011;5;97;4;3;4.5;1010;6;63;1;-2;7.4;1004;18;87;1;-2;2.3;1006;18;14;6;1;0.0;1010;17;56;6;-2;0.8;1011;9
97;364;5;2;11.6;1003;10;92;2;-2;9.6;1000;14;96;1;-2;5.8;1004;10;72;7;2;8.9;1007;18;74;9;6;3.2;1002;10;92;7;6;8.3;996;14;74;0;-3;2.0;1004;8;17;6;1;0.0;1011;5;63;9;2;3.5;1007;19
66;365;7;4;7.6;997;12;70;8;2;11.9;996;7;85;4;0;5.6;997;6;76;13;11;28.7;999;18;46;13;7;1.2;998;12;96;6;4;2.2;994;11;100;-1;-2;8.6;1000;11;32;13;5;0.0;1002;18;67;11;8;6.2;1001;19
