cloudcover;day;maxtemp;mintemp;precipMM;pressure;windspeed;cloudcover;maxtemp;mintemp;precipMM;pressure;windspeed;cloudcover;maxtemp;mintemp;precipMM;pressure;windspeed;cloudcover;maxtemp;mintemp;precipMM;pressure;windspeed;cloudcover;maxtemp;mintemp;precipMM;pressure;windspeed;cloudcover;maxtemp;mintemp;precipMM;pressure;windspeed;cloudcover;maxtemp;mintemp;precipMM;pressure;windspeed;cloudcover;maxtemp;mintemp;precipMM;pressure;windspeed;cloudcover;maxtemp;mintemp;precipMM;pressure;windspeed
56;244;16;11;8.7;1008;24;50;15;10;3.6;1013;23;69;14;10;12.0;1004;12;78;16;11;13.2;1008;15;18;20;12;0.0;1014;8;20;17;9;0.8;1020;8;100;11;10;65.1;1003;15;22;21;13;0.9;1005;22;34;15;4;6.5;1014;11
18;245;20;12;0.0;1015;17;55;17;14;0.4;1016;12;25;17;10;0.5;1012;10;48;20;11;1.2;1015;12;8;22;13;0.0;1017;4;34;19;10;0.3;1019;6;70;14;10;24.4;1008;16;15;24;14;0.0;1012;17;10;19;1;0.0;1018;5
22;246;22;13;0.0;1019;9;47;17;13;0.4;1019;6;45;17;11;2.2;1019;4;24;23;14;0.0;1019;6;33;21;13;0.0;1019;5;34;20;11;0.8;1019;5;44;16;9;3.6;1017;12;11;24;15;0.0;1019;5;14;21;2;0.0;1018;6
43;247;20;13;1.4;1018;6;54;13;9;9.4;1019;6;37;20;11;2.6;1019;4;18;25;15;0.1;1018;6;17;24;13;0.0;1017;6;28;19;11;1.2;1019;7;42;16;10;0.2;1021;5;67;23;17;2.1;1018;10;9;21;3;0.0;1016;7
42;248;19;10;0.4;1019;11;38;15;11;0.0;1022;10;53;13;9;6.1;1019;12;28;21;14;3.4;1018;8;44;20;11;0.2;1020;7;29;19;7;0.0;1022;9;92;11;9;27.3;1021;10;24;25;18;0.1;1016;7;18;19;4;0.0;1018;6
32;249;18;12;0.8;1020;5;25;15;11;0.0;1021;10;50;16;10;4.0;1020;8;41;21;11;0.3;1018;6;48;16;9;0.2;1019;7;23;18;7;0.0;1019;13;79;13;9;9.1;1020;6;40;26;18;0.3;1016;5;45;20;3;3.2;1017;6
40;250;20;12;1.5;1017;7;37;16;11;0.0;1016;11;25;18;9;0.3;1017;5;43;24;12;0.1;1016;4;43;20;9;1.3;1015;5;64;17;8;4.6;1010;12;81;12;8;23.1;1019;8;30;27;17;3.7;1016;6;19;24;2;0.1;1015;7
56;251;21;13;2.3;1012;14;88;13;10;2.1;1012;13;52;14;10;10.2;1015;4;34;29;17;0.0;1012;8;40;25;14;4.6;1009;6;60;20;9;3.4;1007;9;43;17;9;0.0;1019;12;14;31;20;0.0;1014;6;27;24;8;0.1;1012;14
38;252;26;15;5.5;1014;6;64;19;12;11.7;1015;7;51;21;12;0.6;1015;6;40;29;18;5.2;1014;8;33;22;16;18.9;1014;7;74;17;11;2.1;1015;12;51;15;10;8.1;1019;17;59;26;16;0.0;1019;19;60;23;12;5.2;1014;9
87;253;17;14;14.7;1018;11;32;18;16;0.0;1021;8;76;21;15;15.4;1019;9;52;22;17;3.7;1016;6;94;15;12;21.7;1018;11;38;19;10;2.4;1022;8;90;18;13;0.9;1022;8;86;22;18;1.2;1020;18;97;16;11;46.8;1014;6
98;254;18;14;7.5;1019;8;38;18;16;0.0;1021;11;88;15;11;17.3;1019;11;72;21;16;4.4;1017;6;65;18;13;15.9;1019;10;7;23;11;0.6;1021;3;89;15;10;8.1;1022;6;26;23;16;0.0;1019;15;97;16;13;14.8;1015;9
55;255;24;15;0.3;1019;4;53;22;15;0.0;1020;6;47;20;12;0.0;1019;11;47;24;16;0.5;1018;5;42;21;13;0.6;1019;5;10;23;11;0.0;1019;5;47;21;12;0.0;1022;4;40;24;17;0.0;1017;13;65;17;7;2.3;1018;7
46;256;23;16;0.6;1019;6;28;20;16;0.0;1020;8;11;22;12;0.0;1019;5;49;24;15;0.2;1018;5;24;22;15;0.8;1019;4;58;16;12;6.3;1024;10;9;22;13;0.0;1020;4;18;28;18;0.0;1016;8;28;20;4;0.0;1018;6
33;257;23;14;4.1;1021;9;63;18;14;0.4;1023;9;36;21;13;0.0;1021;8;6;25;16;0.0;1019;6;23;22;13;0.1;1022;5;58;18;8;0.3;1023;12;34;19;12;0.2;1020;8;14;28;20;0.0;1018;8;74;17;6;2.2;1020;6
41;258;24;15;0.0;1016;9;38;21;14;1.7;1014;12;42;21;12;0.9;1016;11;12;26;16;0.0;1018;4;16;23;14;0.0;1016;6;69;15;10;10.8;1013;15;88;19;13;6.7;1012;12;14;29;19;0.0;1017;5;37;23;4;0.0;1018;4
45;259;22;17;0.5;1013;6;39;18;15;1.2;1013;12;62;15;13;4.8;1014;7;15;27;17;0.0;1013;7;37;24;14;3.5;1013;6;47;16;9;0.7;1012;14;40;19;14;2.3;1010;13;5;29;21;0.0;1014;5;9;23;7;0.0;1014;8
84;260;15;13;18.7;1013;5;67;16;12;5.1;1013;8;88;14;12;5.0;1013;4;53;28;18;1.9;1013;9;99;19;15;43.4;1012;8;23;16;7;1.0;1014;12;36;18;12;4.5;1011;11;14;30;21;0.0;1014;4;26;22;8;0.0;1014;11
66;261;18;13;15.1;1016;7;27;17;13;0.0;1016;5;49;17;11;5.6;1016;4;48;21;18;1.4;1015;7;88;15;12;29.8;1016;7;22;15;6;0.1;1018;6;52;17;9;0.2;1015;10;14;31;22;0.0;1013;8;42;24;10;0.0;1015;7
60;262;17;11;20.2;1016;7;27;15;13;0.0;1018;8;42;14;10;3.5;1016;10;55;22;14;9.5;1013;11;83;14;11;68.9;1016;9;6;15;5;0.0;1019;5;23;16;10;0.0;1017;7;22;27;16;1.5;1012;13;55;19;9;10.8;1013;10
8;263;22;10;0.0;1021;5;15;19;12;0.0;1021;5;6;16;8;0.0;1020;9;26;18;9;1.5;1019;10;32;20;9;0.0;1021;3;28;19;6;0.0;1019;6;17;17;9;0.0;1020;6;68;22;17;10.2;1015;9;60;14;5;1.4;1019;7
10;264;22;12;0.0;1022;5;6;17;11;0.0;1021;6;17;18;11;0.0;1022;5;5;21;12;0.0;1022;6;2;20;11;0.0;1021;3;8;22;9;0.0;1021;4;45;19;9;0.0;1020;10;24;23;15;0.1;1021;5;2;19;2;0.0;1021;6
0;265;25;15;0.0;1024;4;2;22;14;0.0;1023;4;9;21;12;0.0;1024;2;0;23;13;0.0;1023;7;2;21;11;0.0;1023;4;20;22;9;0.0;1021;6;34;16;9;0.0;1024;8;1;26;17;0.0;1022;5;0;18;3;0.0;1021;7
2;266;22;13;0.0;1021;8;11;21;13;0.0;1019;15;1;19;12;0.0;1022;5;0;26;14;0.0;1021;4;1;21;12;0.0;1020;3;8;23;9;0.0;1015;8;5;18;9;0.0;1022;8;4;26;17;0.0;1023;6;2;21;5;0.0;1019;6
8;267;22;13;0.0;1012;12;3;19;15;0.0;1009;21;1;21;11;0.0;1014;8;8;25;13;0.0;1014;9;13;22;13;0.0;1010;4;33;23;12;6.2;1004;9;2;21;10;0.0;1013;12;13;22;15;0.0;1018;11;19;22;5;0.0;1011;5
37;268;22;12;2.0;1003;14;48;19;14;0.8;1003;15;22;20;11;0.0;1006;6;36;25;15;1.2;1005;13;77;16;13;18.3;999;8;100;12;9;23.3;1004;11;10;22;11;0.0;1008;11;56;23;16;0.0;1011;13;68;14;8;21.3;1002;10
98;269;16;15;31.8;1001;12;100;12;8;32.4;1003;12;84;17;14;17.5;1002;6;55;20;16;13.1;1002;13;88;14;12;23.5;1003;6;66;13;5;0.8;1010;10;78;21;13;0.4;1005;12;60;26;18;16.9;1006;13;55;18;6;7.1;1002;12
47;270;17;9;1.8;1010;12;61;12;6;23.0;1008;14;56;11;10;8.3;1008;15;25;23;11;0.2;1011;5;75;17;9;0.4;1010;4;45;13;5;0.0;1012;13;85;15;13;8.5;1004;13;13;26;17;1.1;1010;9;79;16;5;0.9;1011;12
37;271;18;11;0.4;1012;12;64;10;7;7.3;1011;16;47;15;8;1.5;1010;15;15;22;13;0.2;1012;8;37;19;10;4.1;1013;5;96;10;7;12.9;1016;14;100;10;9;14.2;1003;14;15;25;18;0.0;1012;10;40;19;6;0.2;1013;7
41;272;16;9;0.0;1015;16;77;12;10;0.3;1016;14;54;14;8;7.3;1013;4;33;18;10;0.0;1014;9;37;16;10;3.3;1017;5;53;13;8;1.8;1020;7;100;11;7;10.2;1010;11;75;18;15;15.6;1010;5;68;11;1;2.3;1015;7
16;273;13;6;0.0;1017;14;55;11;8;0.2;1019;9;73;11;7;1.7;1016;6;33;16;8;0.1;1016;10;47;16;9;0.5;1018;5;44;15;4;0.0;1018;6;100;8;5;8.5;1016;10;43;19;13;1.5;1013;10;25;16;-1;0.0;1018;4
16;274;17;7;0.0;1018;4;19;11;7;0.0;1018;5;64;11;6;0.2;1019;5;18;16;7;0.0;1018;4;66;17;7;1.8;1017;4;88;13;7;2.9;1015;7;100;7;5;2.9;1020;6;37;18;11;0.0;1017;4;39;18;1;0.0;1016;3
24;275;15;7;0.0;1022;6;31;13;7;0.0;1021;9;28;14;5;0.0;1022;4;9;17;8;0.0;1021;5;44;17;8;0.0;1020;4;95;13;8;3.3;1016;10;66;10;5;0.2;1024;7;45;17;11;0.4;1021;9;29;18;1;0.2;1019;4
50;276;14;7;5.8;1018;10;55;10;7;1.4;1017;12;26;12;5;0.3;1020;6;38;16;8;5.4;1019;7;57;19;9;1.4;1015;6;70;15;7;1.6;1012;9;42;10;4;0.7;1023;11;56;15;9;1.2;1022;10;51;17;4;1.7;1017;7
59;277;14;7;1.2;1018;14;75;10;7;1.6;1016;20;2;14;5;0.0;1021;8;38;19;8;1.2;1020;10;52;21;9;1.3;1014;8;34;18;6;0.0;1006;14;1;11;4;0.0;1025;15;65;14;8;0.0;1025;14;58;18;6;0.3;1017;10
99;278;11;9;21.9;1015;17;97;8;7;3.9;1014;15;11;11;5;1.4;1019;6;86;12;9;20.3;1018;10;66;21;13;2.4;1010;9;64;18;9;0.2;1009;5;0;11;2;0.0;1024;16;75;12;7;4.4;1024;13;85;17;8;6.2;1014;11
71;279;14;10;2.8;1019;10;80;12;8;4.0;1019;6;6;15;6;0.0;1021;6;40;20;11;0.0;1019;5;92;15;11;3.4;1016;9;64;19;11;0.1;1014;8;0;11;3;0.0;1028;15;98;11;9;2.5;1024;19;88;17;11;8.6;1015;6
25;280;17;8;0.0;1025;8;24;17;10;0.0;1025;8;0;14;6;0.0;1027;7;48;16;8;1.0;1025;5;83;15;9;0.6;1023;7;20;20;9;0.0;1019;8;0;9;1;0.0;1033;12;32;12;6;0.0;1027;17;81;12;7;1.6;1021;7
1;281;14;7;0.0;1028;9;11;16;10;0.0;1028;9;3;13;3;0.0;1030;7;29;15;8;0.1;1028;7;27;14;6;0.1;1027;6;38;17;7;0.0;1021;11;2;9;0;0.0;1035;8;86;12;5;0.3;1027;11;33;11;0;0.0;1025;8
0;282;16;8;0.0;1024;5;15;15;7;0.0;1025;8;11;12;2;0.0;1024;14;7;14;5;0.0;1022;8;10;15;5;0.0;1024;3;8;16;4;0.0;1020;13;19;12;1;0.0;1028;8;68;8;6;7.6;1019;12;1;11;-2;0.0;1023;7
10;283;15;5;0.0;1017;5;5;12;5;0.0;1018;9;20;12;3;0.0;1017;13;16;14;4;0.0;1015;5;5;15;4;0.0;1017;3;4;16;3;0.0;1015;15;25;12;2;0.0;1020;6;62;15;7;1.9;1013;8;5;12;-3;0.0;1016;5
3;284;17;7;0.0;1016;2;1;14;6;0.0;1016;7;5;14;4;0.0;1016;7;4;16;6;0.0;1015;4;2;16;5;0.0;1015;3;0;16;4;0.0;1014;15;10;11;3;0.0;1017;7;4;17;8;0.0;1015;9;20;14;-1;0.1;1014;6
0;285;19;8;0.0;1016;3;0;14;7;0.0;1017;5;1;16;4;0.0;1016;5;6;19;7;0.0;1015;5;8;15;4;0.0;1015;4;0;15;2;0.0;1016;10;9;10;2;0.0;1017;8;4;18;9;0.0;1016;6;27;14;1;0.5;1014;5
0;286;17;8;0.0;1016;6;0;12;4;0.0;1017;10;1;12;3;0.0;1017;10;6;19;8;0.0;1014;7;24;14;5;0.0;1014;8;13;14;1;0.0;1016;10;23;9;2;0.0;1018;6;17;16;9;0.0;1015;10;44;14;0;0.8;1012;6
1;287;17;6;0.0;1012;7;5;11;4;0.0;1014;7;8;14;2;0.0;1012;5;33;18;8;0.0;1011;6;34;14;6;0.0;1012;8;3;13;0;0.0;1015;6;26;10;1;0.0;1013;8;82;12;8;4.0;1013;13;100;8;6;18.8;1009;7
1;288;16;5;0.0;1011;7;33;12;4;0.0;1012;6;19;13;3;0.0;1011;5;17;16;6;0.0;1010;4;8;14;5;0.0;1011;5;53;11;0;0.1;1014;5;69;10;5;1.2;1010;7;50;17;10;2.2;1010;5;100;9;7;4.4;1010;6
32;289;14;5;0.0;1010;5;72;12;9;0.3;1011;5;27;12;4;0.0;1011;8;88;12;8;7.3;1010;4;52;13;5;0.0;1010;4;93;8;4;5.3;1011;7;57;9;1;0.0;1015;9;99;11;10;13.4;1011;12;99;11;4;5.4;1008;4
82;290;13;6;0.4;1014;9;84;8;6;1.2;1016;12;48;11;5;0.0;1016;13;64;17;8;0.3;1012;4;85;7;6;14.1;1013;10;72;10;4;0.1;1018;12;34;8;1;0.0;1022;11;83;17;11;1.9;1013;9;84;13;4;1.5;1011;4
86;291;10;6;2.0;1016;10;69;8;3;2.2;1019;9;52;12;3;0.0;1016;12;62;20;9;0.0;1013;6;100;9;6;8.2;1015;12;23;11;-1;0.0;1021;7;90;7;1;0.2;1021;8;97;13;11;22.8;1015;18;95;12;6;1.3;1010;8
81;292;13;7;2.0;1008;14;15;11;3;0.0;1012;7;65;13;5;0.5;1008;11;88;13;10;14.6;1005;7;100;8;6;11.7;1010;9;86;7;0;6.1;1012;12;96;9;5;1.4;1011;5;99;12;11;28.7;1006;21;100;8;5;11.4;1005;9
55;293;10;5;1.9;1007;14;52;8;5;1.0;1007;10;73;11;7;7.3;1005;5;95;10;8;10.7;1007;9;92;8;6;2.9;1009;7;95;5;3;7.3;1010;15;63;9;5;2.9;1003;8;60;18;11;0.3;1005;9;79;12;4;2.0;1008;5
22;294;9;4;0.0;1022;18;40;9;3;0.3;1022;15;31;8;3;3.1;1019;9;38;11;4;0.7;1023;10;8;11;2;0.2;1023;6;56;5;1;0.4;1024;14;83;5;2;1.2;1013;15;20;15;10;0.4;1018;14;24;10;-1;0.3;1022;6
10;295;11;2;0.0;1027;11;31;10;2;0.0;1025;10;16;8;-1;0.0;1027;12;6;13;2;0.0;1029;7;23;14;1;0.0;1025;5;36;8;-3;0.0;1023;6;32;9;1;0.0;1021;17;2;14;6;0.0;1030;5;18;13;-2;0.0;1026;5
62;296;12;3;0.1;1020;8;68;10;5;0.0;1018;11;27;9;0;0.0;1021;8;15;15;3;0.0;1022;8;36;16;3;0.0;1019;9;35;13;-1;0.6;1014;12;28;10;2;0.3;1018;10;6;13;5;0.0;1025;5;8;14;0;0.0;1021;8
44;297;17;6;0.3;1014;11;80;10;6;0.8;1012;8;42;10;3;0.1;1015;9;20;17;5;0.0;1016;10;27;18;6;0.6;1012;12;97;8;6;5.3;1011;14;43;13;4;1.0;1011;11;15;15;7;0.0;1020;6;64;13;0;0.0;1016;10
45;298;15;8;0.1;1012;8;93;7;4;6.6;1017;12;61;13;6;0.9;1014;9;42;18;8;0.1;1012;8;96;10;6;9.9;1011;15;47;8;2;0.0;1021;10;67;9;5;1.6;1016;7;61;15;8;0.0;1016;9;89;10;4;9.6;1010;8
69;299;6;5;5.4;1022;14;41;9;5;0.2;1025;12;73;5;3;3.7;1021;16;78;11;9;0.8;1018;11;72;7;2;7.9;1023;12;13;9;-1;0.0;1029;6;91;6;4;2.4;1022;7;75;17;11;2.2;1015;6;94;9;3;6.5;1017;9
4;300;11;1;0.0;1028;6;13;8;1;0.0;1029;5;3;6;-1;0.0;1028;10;6;9;2;0.0;1025;14;10;8;-1;0.0;1028;10;32;9;-1;0.0;1027;9;39;6;0;0.1;1028;6;99;8;6;3.7;1023;15;96;3;-2;10.3;1024;10
18;301;10;0;0.0;1027;4;15;7;2;0.0;1026;8;20;8;-1;0.0;1026;5;31;10;3;0.0;1026;5;16;9;0;0.0;1026;3;33;12;1;0.0;1024;9;40;7;-1;0.0;1024;10;30;8;3;0.1;1025;10;47;5;-4;0.0;1024;8
5;302;11;1;0.0;1024;6;5;8;2;0.0;1022;9;8;7;-1;0.0;1024;6;8;9;0;0.0;1025;3;3;12;1;0.0;1023;4;5;13;1;0.0;1016;11;24;9;1;0.0;1020;9;5;10;2;0.0;1024;8;10;11;-4;0.0;1023;5
0;303;10;2;0.0;1019;11;14;9;4;0.0;1015;19;9;8;-1;0.0;1020;9;12;14;1;0.0;1021;5;13;15;1;0.0;1017;12;20;15;3;0.0;1008;8;16;10;2;0.0;1017;12;17;12;4;0.0;1023;6;4;11;-2;0.0;1020;10
3;304;13;3;0.0;1017;10;24;12;6;0.0;1012;27;8;10;0;0.0;1018;10;7;16;3;0.0;1020;8;38;15;4;0.0;1015;10;28;14;5;0.0;1003;10;4;12;2;0.0;1015;13;39;12;4;0.0;1024;8;39;13;-1;0.0;1019;12
21;305;13;4;0.0;1016;10;29;15;10;0.0;1012;23;16;11;1;0.0;1018;8;13;18;5;0.0;1019;9;55;17;8;0.0;1014;5;46;15;7;0.0;1007;7;12;13;4;0.0;1015;12;44;14;7;0.2;1023;7;59;13;3;0.1;1017;11
53;306;14;6;0.0;1016;6;40;13;10;0.0;1015;8;38;13;4;0.0;1017;5;17;18;8;0.0;1017;6;58;17;9;0.5;1014;5;40;11;4;0.0;1016;8;42;14;6;0.0;1015;9;47;14;7;0.0;1020;4;39;14;5;0.1;1015;8
49;307;15;8;0.5;1019;7;36;13;8;0.0;1019;9;33;14;4;0.6;1018;6;18;18;8;0.0;1019;7;54;11;8;5.1;1019;6;60;12;5;0.1;1019;14;53;14;6;0.0;1015;10;7;14;6;0.0;1021;7;47;14;5;3.5;1018;7
25;308;16;8;0.0;1026;11;38;17;11;0.0;1023;17;60;14;5;0.0;1024;12;9;17;6;0.0;1028;6;11;17;7;0.0;1027;7;82;15;10;0.4;1023;19;99;12;9;9.1;1015;16;4;17;7;0.0;1026;14;31;17;3;0.0;1027;4
6;309;18;9;0.0;1024;10;24;18;13;0.0;1022;16;41;16;9;0.0;1021;12;2;19;8;0.0;1026;8;4;17;7;0.0;1026;10;70;13;10;0.3;1024;18;100;13;11;2.9;1012;20;1;18;9;0.0;1023;13;2;18;5;0.0;1027;6
3;310;19;9;0.0;1016;9;34;15;11;0.0;1015;17;49;16;7;0.0;1014;10;1;18;7;0.0;1017;5;29;16;6;0.0;1018;10;72;12;8;5.6;1016;17;98;11;9;9.0;1008;14;1;18;11;0.0;1016;8;1;15;4;0.0;1019;9
29;311;15;8;0.0;1007;12;87;12;10;0.8;1004;10;67;11;6;0.6;1008;7;9;17;7;0.0;1009;7;32;16;6;0.0;1006;12;100;8;4;13.8;1003;9;76;8;5;0.9;1007;8;9;18;10;0.0;1010;10;12;14;3;0.1;1010;11
42;312;15;7;2.0;991;13;99;10;6;11.6;988;14;94;10;5;2.1;993;9;36;17;10;2.8;996;18;69;15;8;5.6;989;12;95;7;3;1.9;989;5;63;13;6;0.0;992;12;25;19;10;2.0;1002;12;70;13;7;4.1;994;16
61;313;14;7;1.8;987;16;82;8;3;16.9;985;14;56;11;6;2.5;989;13;53;17;11;13.8;991;14;57;12;6;6.9;986;11;62;8;3;0.1;983;9;49;11;8;0.3;988;13;38;21;14;1.1;997;19;87;9;6;18.3;989;13
81;314;11;7;7.0;995;11;91;12;6;2.7;993;8;86;10;8;12.1;995;12;50;15;12;13.9;998;18;46;13;7;6.5;995;12;79;10;4;3.4;992;10;59;11;8;3.5;992;12;22;24;14;0.3;1003;14;82;11;5;17.0;998;14
53;315;9;6;0.6;1011;12;51;8;2;0.1;1010;13;86;9;6;0.7;1009;9;6;15;9;0.7;1012;10;33;13;5;0.7;1012;7;75;7;3;8.2;1008;19;67;10;5;0.0;1007;10;43;18;14;0.0;1012;10;66;11;3;1.0;1012;8
58;316;12;6;0.5;1007;15;46;13;3;2.1;1003;18;56;9;3;0.7;1005;15;12;15;7;0.0;1010;10;22;14;7;0.3;1009;15;95;12;8;20.7;1000;26;57;7;3;5.8;998;16;14;18;11;0.0;1009;12;40;11;1;0.0;1011;9
19;317;15;7;0.3;1011;12;57;16;10;5.8;1007;16;67;12;5;0.2;1009;13;8;17;7;0.0;1013;7;20;16;6;0.0;1011;11;74;14;11;0.3;1003;23;77;12;6;2.2;1001;18;6;17;10;0.0;1014;8;8;15;2;0.0;1013;9
21;318;17;7;0.0;1012;13;84;10;7;1.0;1009;12;81;12;5;0.0;1013;10;3;18;7;0.0;1015;7;7;17;7;0.0;1013;16;12;14;6;0.0;1005;13;63;12;8;0.0;1009;11;9;20;11;0.0;1017;6;3;14;3;0.0;1015;11
8;319;17;9;0.0;1013;11;83;11;7;1.3;1012;10;45;12;5;0.0;1015;8;2;19;9;0.0;1016;8;18;17;8;0.0;1014;13;97;11;8;5.5;1011;11;78;12;6;0.0;1013;8;7;23;13;0.0;1018;4;4;15;4;0.0;1016;10
32;320;16;9;0.0;1012;8;86;15;9;0.6;1012;6;55;13;5;0.0;1014;4;10;20;9;0.0;1013;8;50;16;8;0.2;1011;6;100;6;4;16.0;1017;15;100;10;6;0.8;1016;8;15;19;12;2.1;1016;10;38;14;4;0.0;1013;10
59;321;16;9;0.2;1009;8;65;12;8;0.1;1010;7;40;15;6;3.2;1010;5;36;19;10;0.2;1009;8;97;10;7;4.0;1009;6;97;5;2;0.6;1013;6;94;9;7;0.5;1014;10;65;18;10;0.1;1013;12;80;9;3;16.7;1009;7
53;322;14;9;0.9;1011;9;88;11;5;2.3;1010;9;94;12;8;12.2;1011;8;24;16;8;0.4;1013;10;61;13;5;0.5;1011;6;72;5;1;0.3;1011;7;100;11;8;1.5;1011;7;69;15;12;7.0;1014;9;71;9;1;0.4;1013;10
64;323;12;6;1.6;1017;9;84;6;4;10.0;1017;5;94;9;7;3.8;1018;6;39;17;8;3.7;1018;11;45;13;7;5.1;1016;8;79;6;0;0.2;1018;7;86;10;6;0.3;1017;7;17;17;10;0.3;1021;6;81;11;3;5.6;1017;11
47;324;10;4;0.0;1019;6;38;7;3;0.0;1019;5;81;8;5;3.9;1019;7;42;14;6;2.0;1020;6;39;11;3;0.0;1018;4;34;7;2;0.0;1017;8;73;9;6;6.6;1017;8;36;15;10;0.8;1019;8;59;9;1;0.0;1019;8
68;325;10;4;0.1;1014;12;87;7;5;1.1;1012;14;87;8;3;0.0;1016;5;21;14;5;0.0;1015;11;63;10;4;6.0;1010;4;56;6;-1;0.1;1009;12;91;7;3;0.0;1017;6;8;14;7;0.0;1018;7;48;9;1;0.5;1013;11
93;326;10;7;17.7;1001;14;86;7;5;6.3;1000;19;86;7;3;9.5;1004;8;52;13;7;7.0;1005;16;59;11;8;4.9;999;9;96;4;2;5.3;1000;13;78;7;3;0.0;1008;15;45;13;5;0.3;1012;13;80;10;4;13.9;1002;12
47;327;7;4;0.4;999;16;54;6;1;0.1;999;15;53;8;4;3.9;997;12;51;12;5;3.3;998;10;73;10;3;12.2;999;8;97;3;1;2.7;1003;17;70;8;4;2.8;994;13;46;17;9;9.2;998;12;94;7;4;13.2;998;6
43;328;6;1;0.3;1004;19;72;5;1;0.9;1003;16;27;4;0;0.0;1001;10;42;6;3;0.1;1005;8;58;6;3;4.2;1006;6;95;3;0;4.4;1007;19;92;4;1;0.8;997;13;43;10;6;0.0;1002;19;82;4;-3;12.6;1005;6
41;329;7;0;0.0;1009;8;54;5;-2;0.4;1007;9;33;4;-2;0.0;1008;8;34;7;-1;0.7;1010;6;33;7;0;0.0;1008;3;84;3;-1;4.1;1005;12;59;1;-2;1.0;1004;14;21;9;2;0.0;1010;7;74;4;-4;6.9;1008;4
45;330;5;-1;0.5;1004;13;43;6;1;0.2;1003;12;39;4;-2;0.0;1006;5;66;7;4;9.3;1003;10;58;5;-1;13.6;1001;8;97;1;-1;8.5;1004;10;26;2;-2;0.0;1006;7;57;10;4;2.0;1006;8;79;4;-1;7.6;1001;9
59;331;1;-3;10.3;1005;17;45;3;-1;2.1;1006;12;77;0;-4;7.1;1003;10;22;5;2;1.1;1007;15;43;4;-1;2.4;1007;8;76;1;-3;0.8;1007;7;68;1;-1;3.2;1005;10;42;11;4;0.8;1008;14;60;3;-3;0.4;1008;10
62;332;2;-3;9.5;1010;16;80;3;-3;3.4;1010;11;70;1;-5;2.9;1013;8;61;6;0;2.5;1010;12;69;1;-3;19.6;1005;9;48;0;-5;0.4;1006;10;85;0;-2;1.4;1014;9;78;8;4;1.6;1015;15;90;4;-4;2.3;1006;11
68;333;2;-1;13.6;999;18;85;0;-3;6.1;1000;14;92;1;0;17.4;997;13;53;10;8;4.3;1000;19;55;3;0;7.1;1001;11;100;-2;-4;10.7;1006;9;99;-2;-4;22.1;1000;17;45;17;11;9.8;1003;17;85;6;3;2.7;1002;14
39;334;0;-4;0.0;1015;13;43;-2;-9;0.0;1016;10;47;-4;-8;0.1;1014;7;69;4;3;0.6;1014;8;80;2;-1;3.9;1013;12;65;-1;-4;0.6;1013;10;98;-7;-9;3.2;1014;10;72;9;7;3.1;1013;14;99;3;0;21.4;1010;7
69;335;1;-3;19.1;1007;14;69;-2;-8;10.6;1008;12;76;-1;-4;21.9;1007;9;63;9;3;22.9;1007;12;79;2;-1;22.7;1006;10;78;-1;-11;9.8;1009;9;95;-5;-11;20.4;1010;13;70;12;1;17.3;1010;15;88;6;2;14.6;1005;11
81;336;1;-2;9.6;1009;9;59;-4;-11;4.1;1009;9;91;1;-1;9.6;1008;7;62;11;5;12.2;1007;10;92;4;2;4.3;1006;9;69;-5;-9;3.5;1009;9;90;-2;-10;9.7;1011;13;74;6;0;4.7;1012;11;83;8;1;6.0;1007;11
78;337;1;-1;8.1;1009;10;80;-2;-7;11.0;1011;9;84;1;-2;12.6;1009;6;54;10;4;8.1;1010;12;85;0;-4;17.6;1008;8;54;-5;-18;0.0;1013;3;94;-3;-7;8.3;1012;8;75;7;2;3.6;1014;9;78;7;0;11.4;1008;11
29;338;0;-6;0.0;1020;12;14;-4;-16;0.2;1022;6;32;-2;-5;0.8;1019;11;70;4;2;0.0;1016;12;77;-3;-4;3.1;1019;10;36;-5;-18;0.0;1022;9;49;-8;-11;0.6;1021;8;76;8;3;39.3;1011;17;100;3;-1;5.7;1015;7
27;339;-2;-6;0.0;1021;10;51;-8;-12;0.2;1018;11;37;-3;-8;0.0;1021;10;42;2;-2;0.2;1021;9;35;-1;-9;0.0;1021;8;66;-1;-8;3.9;1012;15;27;-8;-14;0.0;1018;10;92;6;3;7.6;1020;9;47;5;-2;0.4;1022;8
87;340;2;0;2.7;1009;15;99;-2;-5;1.7;1006;8;99;0;-3;8.8;1010;13;45;6;-1;0.0;1015;15;60;4;1;1.1;1008;18;100;0;-1;19.6;1002;8;95;-2;-6;2.1;1007;10;32;5;0;0.1;1020;8;75;6;-2;0.8;1015;15
86;341;7;4;6.5;1006;12;98;4;2;6.3;1004;6;100;3;0;10.4;1007;10;82;9;5;2.8;1010;15;65;10;7;1.6;1006;16;100;3;0;21.0;1002;5;99;0;-3;8.0;1006;6;19;8;2;0.0;1014;12;87;11;2;3.2;1011;15
77;342;11;8;5.7;1006;13;97;5;4;1.1;1005;6;100;7;5;8.6;1007;10;54;13;8;3.3;1011;14;52;14;10;0.9;1007;18;100;4;1;17.7;1003;11;100;0;-2;3.2;1007;7;9;12;4;0.0;1014;15;88;12;5;0.9;1013;14
74;343;8;1;2.2;1009;25;78;0;-4;6.7;1011;21;88;7;-1;7.0;1006;13;72;12;5;15.2;1007;22;47;11;-1;34.7;1011;15;95;0;-3;9.2;1020;23;99;1;-2;3.5;1002;15;38;14;8;0.0;1006;16;89;11;-2;22.6;1010;15
10;344;1;-2;0.0;1019;25;37;-3;-5;0.6;1022;23;36;-1;-4;0.9;1016;13;49;2;-2;4.2;1017;17;32;3;0;1.2;1023;8;81;-1;-2;9.8;1028;16;99;-2;-4;7.8;1011;14;65;4;2;5.4;1009;10;41;-1;-6;5.8;1021;11
68;345;-1;-4;6.3;1018;14;64;1;-4;12.8;1015;17;50;-3;-8;3.5;1017;12;41;-2;-7;0.1;1020;10;41;2;-2;0.6;1020;10;100;1;-1;16.8;1020;25;88;-3;-6;2.5;1011;14;26;3;-2;0.1;1016;8;64;-3;-9;3.3;1023;9
80;346;1;-2;4.7;1006;19;81;3;-1;6.1;1006;24;100;-2;-4;8.1;1004;9;100;1;-2;10.5;1009;12;27;3;-5;0.2;1009;4;99;2;0;7.3;1014;20;100;0;-3;8.7;1000;9;13;1;-4;0.0;1010;9;49;2;-7;5.4;1011;5
47;347;-1;-5;0.1;1010;20;42;-3;-8;0.0;1015;25;99;-2;-5;4.2;1009;9;98;0;-3;8.4;1008;12;77;0;-2;3.4;1014;5;53;-4;-7;1.0;1023;11;100;-1;-4;5.0;1009;5;53;3;-3;0.4;1007;6;88;-2;-5;8.2;1011;10
74;348;-3;-6;0.2;1017;16;86;-5;-9;2.2;1018;17;50;-4;-11;0.4;1015;8;100;-2;-4;9.8;1015;9;35;-2;-9;0.1;1020;6;76;-4;-9;1.2;1026;10;94;-5;-8;3.4;1014;6;92;1;-3;2.2;1012;5;78;-8;-14;3.2;1019;7
83;349;-2;-6;1.8;1018;9;96;-6;-9;3.4;1018;13;38;-5;-16;0.0;1018;4;100;-2;-6;4.3;1019;11;79;-1;-6;0.1;1020;5;100;-4;-6;6.8;1025;17;81;-6;-10;0.4;1019;6;29;0;-5;0.2;1017;16;73;-6;-17;1.6;1021;4
64;350;-5;-10;0.0;1017;6;53;-6;-12;0.0;1017;7;28;-7;-15;0.0;1017;4;69;-4;-10;0.6;1017;5;89;-5;-6;1.9;1016;8;75;-5;-8;0.9;1014;12;91;-7;-10;0.9;1015;9;54;-4;-6;3.7;1017;13;98;-7;-12;3.1;1014;7
79;351;-7;-11;0.2;1007;8;93;-8;-12;0.5;1003;23;75;-8;-14;0.1;1007;6;71;-5;-9;0.8;1008;5;71;-5;-11;0.2;1004;9;91;-2;-4;13.5;996;13;72;-8;-11;0.0;1006;11;83;-2;-5;13.8;1007;15;56;-6;-17;0.4;1007;7
87;352;-6;-9;4.0;1005;12;74;-9;-12;2.4;1005;6;92;-8;-12;2.8;1005;5;70;-2;-8;9.9;1003;10;78;-4;-9;12.6;1002;12;59;-5;-11;0.3;1004;9;100;-8;-11;1.0;1004;5;34;-2;-10;0.5;1006;13;97;1;-9;26.5;1000;9
32;353;-4;-9;0.0;1013;14;69;-5;-10;0.5;1008;15;72;-7;-15;0.9;1012;11;47;-3;-10;0.3;1015;12;42;-1;-10;0.0;1012;13;84;0;-6;8.5;1000;15;97;-6;-9;2.8;1007;12;43;-3;-7;1.0;1014;18;33;-3;-15;0.5;1015;9
43;354;1;-5;0.0;1010;10;98;-4;-7;2.1;1006;13;89;-4;-8;0.6;1010;11;29;1;-6;1.1;1014;12;61;1;-2;0.5;1009;12;93;0;-1;9.4;1003;14;71;0;-5;1.1;1004;15;22;0;-6;0.0;1018;8;89;0;-7;5.9;1011;11
89;355;2;1;1.2;1013;9;94;2;-2;0.7;1011;9;92;0;-3;1.5;1014;8;67;3;-1;0.1;1015;8;93;2;0;0.6;1013;10;92;1;0;11.2;1007;9;69;-2;-11;2.4;1013;8;46;4;-1;0.0;1017;13;100;2;0;1.4;1014;10
97;356;4;2;2.4;1011;13;91;4;3;2.5;1009;9;99;2;0;6.1;1013;10;83;6;2;0.4;1015;11;87;6;2;1.0;1010;10;82;1;-1;2.8;1004;10;99;0;-1;1.8;1012;6;95;5;3;0.6;1018;9;100;4;1;1.4;1014;12
87;357;8;3;0.2;1007;11;84;8;5;2.8;1004;18;94;3;2;2.6;1009;10;50;12;6;0.0;1012;14;37;11;4;2.8;1005;9;98;3;0;0.1;998;9;90;2;0;2.0;1008;9;93;9;5;0.9;1015;11;92;8;2;1.4;1010;14
94;358;10;7;4.8;999;13;94;10;5;4.8;997;19;98;3;2;4.8;1002;6;42;12;8;1.9;1003;15;53;12;6;3.9;995;10;97;0;-2;17.7;1000;14;92;3;2;2.2;1001;11;70;10;5;0.0;1009;8;70;9;3;4.9;1000;14
100;359;5;1;36.4;1002;20;85;-2;-4;3.0;1007;22;95;3;1;19.3;1001;11;56;11;5;9.0;1000;14;83;5;3;6.6;1004;11;93;-4;-6;9.9;1018;14;95;2;-1;4.8;1002;10;71;11;6;8.5;1003;11;90;7;2;8.3;1001;9
90;360;-1;-3;11.7;1019;20;78;-6;-9;0.1;1023;18;84;-3;-5;6.9;1018;12;100;3;-1;12.4;1015;12;96;1;-2;9.7;1020;10;75;-8;-17;1.5;1029;8;100;-4;-5;3.1;1017;14;37;7;2;0.2;1012;15;100;0;-5;9.5;1017;10
64;361;-3;-6;3.4;1024;10;43;-4;-10;0.0;1025;4;86;-4;-7;1.8;1023;9;100;0;-4;8.7;1022;9;47;-2;-4;0.6;1025;6;81;-4;-7;1.5;1026;8;91;-6;-7;0.7;1025;4;100;3;-1;12.4;1020;15;98;-5;-7;7.4;1023;9
34;362;-4;-9;0.5;1024;9;66;-4;-8;5.4;1023;11;71;-6;-9;3.0;1024;6;69;-5;-9;1.6;1025;7;11;-2;-8;0.0;1024;6;24;-4;-16;0.0;1024;6;84;-5;-8;0.5;1024;4;98;-1;-2;3.2;1021;9;35;-4;-12;0.3;1024;3
30;363;-6;-11;0.0;1028;6;8;-6;-14;0.0;1028;5;65;-6;-10;0.3;1027;7;39;-4;-12;0.2;1027;3;13;-3;-9;0.0;1027;4;24;-6;-11;0.0;1026;8;100;-7;-7;3.9;1023;16;80;-3;-5;1.2;1026;5;20;-2;-14;0.0;1025;4
10;364;-7;-12;0.0;1029;6;3;-8;-15;0.0;1027;4;92;-8;-11;0.6;1027;9;25;-5;-14;0.0;1029;2;21;-2;-9;0.0;1027;1;28;-5;-13;0.0;1026;5;99;-5;-8;10.3;1020;17;54;-4;-9;0.1;1027;11;17;-1;-12;0.0;1026;3
42;365;-7;-12;0.0;1027;6;60;-8;-10;0.4;1025;7;97;-10;-12;1.2;1025;9;22;-5;-14;0.0;1027;3;29;-1;-9;0.0;1025;3;72;-3;-12;0.2;1026;4;97;-3;-8;6.3;1018;13;19;-4;-8;0.0;1025;12;5;0;-10;0.0;1024;5
