cloudcover;day;maxtemp;mintemp;precipMM;pressure;windspeed;cloudcover;maxtemp;mintemp;precipMM;pressure;windspeed;cloudcover;maxtemp;mintemp;precipMM;pressure;windspeed;cloudcover;maxtemp;mintemp;precipMM;pressure;windspeed;cloudcover;maxtemp;mintemp;precipMM;pressure;windspeed;cloudcover;maxtemp;mintemp;precipMM;pressure;windspeed;cloudcover;maxtemp;mintemp;precipMM;pressure;windspeed;cloudcover;maxtemp;mintemp;precipMM;pressure;windspeed;cloudcover;maxtemp;mintemp;precipMM;pressure;windspeed
20;244;28;19;1.4;1014;5;52;21;17;0.6;1015;5;30;23;14;0.3;1015;5;8;30;20;0.0;1014;3;15;28;19;0.8;1014;5;24;22;13;0.0;1015;4;27;22;14;0.0;1015;7;8;30;22;0.0;1014;8;15;28;8;0.3;1015;3
17;245;28;19;0.2;1014;10;14;23;19;0.0;1015;5;21;26;16;0.2;1014;5;45;27;17;4.9;1014;5;28;27;18;2.2;1015;3;29;25;15;0.0;1015;5;28;21;15;0.0;1015;7;20;29;24;2.1;1013;5;21;25;11;3.4;1015;6
8;246;31;20;0.0;1016;5;9;26;21;0.0;1016;4;11;26;17;0.0;1016;5;11;29;19;0.0;1016;5;8;28;20;0.0;1016;3;7;28;17;0.0;1014;5;14;23;14;0.0;1018;4;16;28;20;0.0;1016;9;13;27;10;0.9;1016;5
8;247;30;20;0.0;1015;10;12;27;21;0.0;1014;14;6;26;18;0.0;1017;6;3;31;19;0.0;1016;6;12;30;19;0.0;1014;4;42;28;16;6.3;1012;8;6;24;14;0.0;1019;9;24;27;20;0.0;1019;10;9;31;11;0.0;1016;4
16;248;30;20;0.4;1013;11;36;24;20;11.2;1014;14;12;27;18;0.0;1014;7;12;32;20;2.7;1014;9;26;27;18;1.7;1014;10;59;18;16;12.1;1016;14;18;26;14;0.4;1016;14;16;29;21;0.0;1018;9;14;27;13;1.8;1015;12
53;249;22;18;0.7;1019;13;26;19;14;1.2;1022;9;33;20;16;1.2;1018;13;63;24;19;10.8;1018;7;41;21;15;1.1;1022;5;30;20;10;0.0;1022;11;49;21;16;1.5;1019;12;17;29;20;0.0;1017;10;64;19;12;0.8;1019;8
16;250;26;19;0.0;1016;10;36;22;17;0.2;1016;14;19;24;15;0.0;1015;8;7;26;18;0.0;1015;7;7;25;17;0.0;1016;4;62;18;13;3.8;1015;19;29;23;14;1.8;1012;13;40;27;20;9.4;1013;8;9;25;7;0.0;1016;6
54;251;22;15;0.8;1012;18;76;15;14;0.9;1012;13;55;20;14;0.4;1010;12;42;24;17;0.0;1012;8;33;23;15;0.0;1013;5;81;15;11;1.5;1014;17;83;17;13;6.1;1006;14;28;29;21;1.3;1009;6;20;25;8;0.0;1012;5
43;252;21;15;0.9;1014;16;67;17;15;0.6;1014;10;26;20;12;0.4;1012;8;42;22;16;0.7;1014;8;24;24;15;0.0;1014;6;90;21;13;1.5;1014;10;65;14;12;1.4;1009;15;25;27;20;0.0;1011;11;9;25;8;0.2;1014;6
22;253;27;17;0.0;1017;8;35;23;18;0.0;1016;7;28;23;13;0.0;1017;6;10;27;16;0.0;1018;4;5;27;17;0.0;1017;4;43;26;16;0.0;1014;8;41;20;11;0.0;1016;9;8;25;19;0.0;1018;5;9;29;10;0.0;1017;5
7;254;30;19;0.0;1016;8;11;24;19;0.0;1015;7;9;25;15;0.0;1017;6;5;31;19;0.0;1017;6;1;29;18;0.0;1016;7;11;28;16;5.2;1013;7;8;25;15;0.0;1016;6;5;29;22;0.0;1018;5;3;30;12;0.0;1017;5
10;255;27;20;0.0;1013;14;18;22;21;1.0;1015;10;10;27;17;0.6;1013;7;3;31;20;0.0;1014;9;9;27;18;1.7;1015;6;52;21;15;0.6;1016;14;9;28;17;1.5;1011;11;2;31;23;0.0;1015;5;9;28;12;0.2;1015;7
2;256;29;18;0.0;1015;9;13;23;18;0.0;1016;7;4;26;19;0.1;1015;6;6;29;20;0.0;1015;5;3;29;20;0.0;1016;3;71;20;15;0.8;1015;14;25;24;15;0.0;1012;13;4;32;24;0.0;1014;6;15;28;11;0.6;1016;5
15;257;29;20;0.0;1015;9;53;20;16;0.3;1017;6;16;27;18;3.8;1015;5;1;31;20;0.0;1015;5;6;27;20;3.1;1015;6;17;17;12;0.0;1019;12;33;21;17;0.7;1014;12;6;32;24;0.0;1014;6;12;30;11;0.7;1015;4
13;258;25;15;0.5;1018;13;0;19;14;0.0;1020;8;6;24;13;0.1;1017;8;11;29;20;0.0;1016;8;25;23;14;0.8;1018;6;2;19;8;0.0;1021;6;8;20;12;0.0;1017;12;4;33;24;0.0;1014;4;13;25;11;3.9;1017;6
10;259;25;14;0.0;1020;6;7;21;15;0.0;1020;3;7;22;12;0.0;1020;6;15;26;17;0.0;1019;8;7;24;15;0.0;1019;3;8;22;10;0.0;1019;6;20;17;11;0.1;1019;11;11;29;22;0.0;1016;10;34;26;8;0.1;1018;5
13;260;25;16;0.0;1017;7;25;20;16;0.0;1016;7;17;21;12;0.0;1018;5;8;28;18;0.0;1017;6;5;26;17;0.0;1015;3;57;20;13;8.4;1013;9;7;20;10;0.0;1019;6;10;27;20;0.0;1017;11;16;28;9;0.8;1016;4
10;261;27;15;0.4;1009;12;33;22;18;0.0;1008;20;9;24;15;1.0;1011;7;6;30;18;0.2;1011;12;5;27;17;0.0;1008;7;78;15;11;32.9;1008;10;6;24;12;0.0;1013;14;12;28;19;0.0;1016;13;5;25;11;0.1;1011;11
14;262;27;18;1.9;1007;11;80;14;10;6.4;1011;12;9;25;15;2.4;1010;8;7;29;19;1.6;1009;15;72;18;12;45.5;1006;13;59;14;7;0.1;1015;7;14;27;15;1.4;1011;11;24;26;19;0.0;1016;13;27;23;10;1.6;1007;14
67;263;21;18;3.3;1015;9;78;16;10;11.0;1020;11;22;24;16;2.3;1016;10;62;19;17;11.4;1014;6;91;13;10;2.6;1017;7;17;17;9;0.0;1024;4;25;23;15;0.0;1018;8;29;25;17;0.0;1017;16;93;13;7;25.3;1013;8
30;264;25;15;0.0;1018;9;16;19;14;0.0;1020;8;22;22;16;0.0;1018;14;19;24;16;0.0;1016;6;70;21;11;0.9;1019;5;10;19;9;0.0;1022;5;41;23;16;0.3;1020;7;44;22;17;0.5;1016;16;92;16;9;20.0;1015;11
7;265;24;16;0.0;1017;11;8;20;16;0.0;1018;9;22;23;15;0.2;1016;5;20;25;16;0.0;1016;5;22;23;14;0.0;1018;3;31;17;9;0.1;1021;8;25;23;13;0.1;1016;8;22;26;17;0.0;1016;8;49;21;4;0.0;1017;6
2;266;25;14;0.0;1017;10;11;19;14;0.0;1018;6;48;19;14;0.2;1017;9;8;24;16;0.0;1016;5;7;22;13;0.0;1018;5;14;18;8;0.0;1019;6;25;17;12;0.0;1017;10;6;28;19;0.0;1015;3;52;20;5;0.0;1017;6
3;267;25;13;0.0;1019;5;3;18;12;0.0;1019;6;22;19;11;0.0;1019;8;6;23;16;0.0;1017;5;3;22;14;0.0;1018;3;13;21;8;0.0;1018;6;10;17;9;0.0;1019;9;25;25;19;0.0;1016;7;22;20;4;0.0;1017;6
6;268;23;14;0.0;1023;6;7;20;14;0.0;1022;8;16;21;12;0.0;1023;4;7;25;14;0.0;1022;4;3;23;13;0.0;1021;3;14;22;10;0.0;1020;5;16;21;12;0.0;1024;4;43;23;17;0.0;1023;15;8;21;5;0.0;1021;5
2;269;27;15;0.0;1025;3;2;21;14;0.0;1025;4;4;23;14;0.0;1025;3;17;26;16;0.0;1025;4;2;23;12;0.0;1024;5;1;25;11;0.0;1024;3;4;22;11;0.0;1026;6;12;23;16;0.0;1027;10;22;21;6;0.0;1023;6
1;270;28;18;0.0;1027;4;2;24;14;0.0;1028;3;0;25;15;0.0;1027;3;8;25;17;0.0;1027;5;4;23;13;0.0;1027;7;10;24;12;0.0;1028;4;7;23;13;0.0;1027;7;1;23;16;0.0;1028;7;23;21;7;0.0;1025;7
10;271;27;16;0.0;1028;5;10;20;16;0.0;1030;12;8;20;13;0.0;1028;12;1;25;16;0.0;1026;8;0;23;13;0.0;1028;7;9;23;11;0.0;1030;9;29;18;11;0.2;1029;10;9;27;19;0.0;1025;4;10;19;5;0.0;1026;8
6;272;23;14;0.0;1028;8;9;20;13;0.0;1030;9;10;22;11;0.0;1027;11;4;22;11;0.0;1025;12;5;20;10;0.0;1028;6;17;22;10;0.0;1029;8;25;20;11;0.0;1026;12;33;23;15;0.0;1023;10;12;18;5;0.0;1026;8
8;273;24;16;0.0;1027;6;5;21;14;0.0;1028;9;11;22;13;0.0;1027;10;12;23;14;0.0;1025;9;6;22;12;0.0;1027;4;2;24;10;0.0;1028;9;37;21;12;0.0;1026;9;73;18;15;2.7;1024;6;22;19;3;0.0;1026;7
8;274;26;18;0.0;1025;8;8;22;15;0.0;1027;8;2;24;13;0.0;1025;10;2;24;15;0.0;1024;7;8;24;12;0.0;1026;3;0;25;11;0.0;1026;5;12;21;12;0.0;1024;11;32;24;16;0.1;1022;10;10;20;4;0.0;1025;6
4;275;24;15;0.0;1024;6;2;21;14;0.0;1025;8;8;21;12;0.0;1024;11;1;23;14;0.0;1022;9;3;23;13;0.0;1024;5;1;25;12;0.0;1026;3;13;18;11;0.0;1025;6;51;21;16;0.1;1021;9;5;19;5;0.0;1023;6
1;276;25;15;0.0;1023;6;1;21;14;0.0;1023;5;1;21;11;0.0;1023;6;0;22;12;0.0;1023;5;0;25;13;0.0;1023;2;2;23;11;0.0;1023;7;6;21;9;0.0;1021;9;38;22;14;0.0;1024;9;1;22;5;0.0;1023;5
3;277;24;16;0.0;1021;9;9;21;14;0.0;1021;7;12;21;12;0.0;1021;5;1;24;13;0.0;1021;3;0;25;12;0.0;1022;2;8;21;10;0.0;1023;10;40;23;15;0.0;1017;12;0;25;17;0.0;1020;9;0;21;4;0.0;1022;4
17;278;23;14;0.0;1020;13;26;21;15;0.0;1021;8;14;22;13;0.0;1019;4;6;24;14;0.0;1021;4;5;25;13;0.0;1022;2;70;18;12;0.7;1022;10;40;19;14;0.4;1017;12;6;26;18;0.0;1019;8;2;20;4;0.0;1022;4
18;279;24;15;0.0;1017;10;27;20;15;0.0;1016;9;17;21;13;0.0;1016;8;7;24;15;0.0;1018;4;19;23;12;0.0;1017;6;77;19;9;4.0;1015;15;42;20;13;0.2;1014;12;16;26;18;0.0;1018;8;1;22;5;0.0;1019;6
34;280;14;11;2.9;1009;22;67;12;8;4.2;1010;13;57;18;11;10.3;1008;12;15;24;14;0.0;1009;13;51;13;2;45.2;1012;12;78;8;7;15.1;1013;20;58;13;10;3.9;1006;12;7;26;18;0.0;1010;7;32;18;5;3.8;1011;13
37;281;12;6;0.1;1011;19;61;10;6;2.9;1010;14;30;12;6;5.0;1009;7;98;12;9;12.5;1011;8;29;12;2;1.1;1013;6;75;9;5;13.5;1015;18;69;10;5;6.2;1006;9;33;22;17;2.2;1006;14;95;5;-3;26.6;1012;5
50;282;13;5;0.1;1015;14;42;8;6;0.3;1019;13;34;11;5;1.2;1015;13;49;14;7;1.3;1012;10;33;12;3;0.5;1017;10;70;8;2;0.3;1023;10;11;12;5;0.0;1016;6;86;11;9;19.7;1009;12;91;4;0;11.1;1013;10
32;283;12;4;0.0;1020;11;74;7;5;3.0;1019;9;23;12;4;0.0;1018;7;11;14;6;0.0;1018;10;40;11;3;0.0;1022;6;98;15;8;9.5;1019;17;58;11;4;0.3;1015;11;33;15;8;0.3;1015;4;80;6;0;3.0;1019;10
60;284;18;12;0.8;1017;18;67;17;13;2.4;1016;19;69;10;6;0.7;1016;8;81;11;8;1.1;1019;8;21;20;8;0.0;1019;3;86;15;13;1.2;1020;23;90;15;11;5.3;1008;18;28;16;11;0.0;1015;10;77;9;-1;6.6;1021;4
69;285;17;14;1.6;1016;19;87;12;7;8.8;1016;11;60;15;9;2.0;1014;7;79;18;11;6.2;1016;9;23;21;10;0.0;1018;3;98;14;12;3.7;1019;22;49;11;9;4.6;1010;16;39;20;11;0.2;1013;10;27;18;2;0.0;1019;5
25;286;15;9;1.0;1022;12;23;13;8;0.1;1024;11;12;13;6;0.9;1021;8;41;15;10;0.9;1020;6;76;12;10;2.0;1022;8;32;12;5;2.8;1027;8;44;11;5;0.3;1019;14;78;10;10;1.9;1018;11;69;12;4;2.5;1020;7
27;287;12;5;0.4;1029;8;10;11;6;0.0;1032;11;18;9;3;0.1;1029;12;12;13;6;0.1;1027;12;5;12;3;0.0;1029;13;6;11;2;0.0;1033;11;58;9;4;0.4;1028;12;21;15;9;0.3;1025;7;46;9;-1;0.5;1026;8
18;288;12;3;0.0;1031;8;6;10;4;0.0;1033;10;48;8;4;0.6;1031;13;18;11;3;0.0;1029;13;9;12;1;0.0;1031;8;2;12;-1;0.0;1032;12;61;7;5;0.8;1032;11;68;12;7;8.7;1026;8;18;7;-3;0.2;1028;10
7;289;11;4;0.0;1032;9;18;9;4;0.0;1032;8;8;8;0;0.0;1033;9;4;11;1;0.0;1030;12;15;10;1;0.0;1031;9;1;13;0;0.0;1028;10;12;8;1;0.0;1035;3;46;10;5;1.1;1028;20;13;6;-4;0.1;1028;10
4;290;11;4;0.0;1028;5;2;10;4;0.0;1027;9;9;9;1;0.0;1029;4;8;10;0;0.0;1027;8;2;11;1;0.0;1027;3;3;14;2;0.0;1024;7;5;8;0;0.0;1029;7;29;10;4;0.0;1025;19;4;7;-6;0.0;1027;6
1;291;13;5;0.0;1023;8;3;8;3;0.0;1020;10;1;10;1;0.0;1022;8;1;11;2;0.0;1024;5;0;14;2;0.0;1022;6;24;17;4;0.0;1016;14;1;9;0;0.0;1020;10;19;13;6;0.1;1022;9;1;14;-4;0.0;1024;5
28;292;15;5;0.2;1019;13;41;9;4;0.1;1016;8;13;9;0;0.0;1020;9;1;16;4;0.0;1021;8;30;17;4;0.2;1019;16;87;7;6;9.0;1018;9;36;11;3;0.0;1016;11;0;15;5;0.0;1022;9;14;13;-3;0.0;1023;11
70;293;11;7;2.2;1021;14;49;6;4;2.1;1024;12;87;7;4;7.9;1021;9;31;19;9;0.0;1020;8;82;6;6;16.4;1022;11;64;7;3;0.9;1027;11;81;9;5;3.1;1021;7;3;19;10;0.0;1021;3;51;14;1;2.2;1021;8
49;294;12;6;2.2;1027;8;1;9;3;0.0;1029;10;33;8;3;0.1;1027;15;81;10;7;9.8;1024;7;79;7;1;5.4;1027;8;3;11;0;0.0;1029;5;16;8;1;0.0;1028;6;35;16;10;0.0;1022;12;99;9;5;18.8;1024;7
35;295;11;3;0.0;1027;7;5;9;2;0.0;1028;6;58;9;3;0.0;1028;10;70;9;5;5.4;1026;6;63;8;3;0.5;1027;6;1;10;-2;0.0;1026;10;6;10;2;0.0;1031;4;58;15;8;0.1;1026;17;100;6;3;5.2;1024;6
88;296;10;6;1.2;1025;9;66;11;4;0.1;1025;6;41;13;3;0.0;1026;5;43;15;9;0.9;1024;4;95;9;6;1.2;1024;4;1;10;-2;0.0;1021;10;16;9;1;0.0;1030;9;92;13;9;0.1;1027;14;78;10;0;3.1;1022;4
78;297;13;7;1.7;1022;12;89;12;7;2.3;1021;14;57;13;5;0.0;1024;6;39;15;9;0.0;1022;8;79;10;6;0.6;1020;4;10;10;-1;0.0;1014;16;11;10;2;0.0;1029;13;63;12;9;0.1;1026;18;67;14;2;1.0;1019;3
73;298;12;7;10.5;1019;18;100;7;5;9.0;1016;25;67;11;6;2.2;1022;6;31;16;6;0.0;1021;12;63;14;6;0.3;1015;5;30;12;1;0.0;1008;13;15;9;1;0.0;1026;15;39;13;6;0.0;1027;14;35;15;3;0.0;1017;10
38;299;14;7;0.0;1021;16;49;9;7;0.4;1019;22;29;12;6;1.6;1023;5;9;17;6;0.0;1023;10;64;15;7;1.7;1017;8;48;11;7;2.5;1016;5;10;9;2;0.0;1026;15;30;12;6;0.0;1029;15;42;15;4;0.0;1018;8
39;300;14;7;0.0;1025;13;80;9;9;0.8;1024;16;12;12;4;0.0;1026;4;10;16;5;0.0;1027;7;99;13;9;7.6;1021;5;30;14;4;0.0;1018;9;2;9;1;0.0;1029;12;5;11;4;0.0;1032;11;35;16;5;0.1;1021;5
7;301;14;5;0.0;1028;8;36;9;7;0.0;1027;10;16;12;2;0.0;1028;4;22;15;3;0.0;1029;5;66;14;8;0.2;1026;5;45;13;7;0.1;1024;5;0;9;0;0.0;1030;10;2;11;4;0.0;1032;9;45;16;2;0.1;1025;4
16;302;14;6;0.0;1029;4;33;12;6;0.0;1028;3;17;13;3;0.0;1028;4;10;14;3;0.0;1029;4;72;14;8;0.0;1027;5;34;15;5;0.0;1026;6;19;11;2;0.0;1029;4;1;13;5;0.0;1031;7;43;14;1;0.0;1026;5
9;303;15;6;0.0;1026;5;31;11;6;0.0;1025;5;20;12;4;0.0;1025;5;11;14;3;0.0;1026;5;12;14;3;0.0;1024;3;45;14;3;0.0;1024;5;17;12;4;0.0;1025;6;0;13;6;0.0;1028;4;12;15;0;0.0;1024;3
8;304;15;4;0.0;1023;2;18;12;5;0.0;1023;4;13;12;3;0.0;1023;3;24;14;4;0.0;1024;4;11;14;3;0.0;1023;2;12;14;4;0.0;1020;6;50;12;4;0.3;1022;7;6;12;6;0.0;1024;5;18;14;-1;0.0;1022;3
9;305;15;4;0.0;1023;4;4;12;6;0.0;1022;7;10;13;3;0.0;1023;3;3;15;4;0.0;1023;4;5;15;3;0.0;1021;3;11;14;4;0.0;1019;7;77;11;7;0.7;1023;5;6;15;6;0.0;1023;1;5;15;0;0.0;1021;3
1;306;16;7;0.0;1023;7;2;11;5;0.0;1021;11;1;12;4;0.0;1023;5;2;15;5;0.0;1023;4;20;15;2;0.0;1021;3;6;13;4;0.0;1017;9;22;10;3;0.0;1024;9;57;13;7;0.0;1025;8;1;15;1;0.0;1020;5
11;307;13;6;0.0;1019;10;4;11;5;0.0;1017;16;2;12;3;0.0;1020;6;0;16;5;0.0;1021;6;4;15;2;0.0;1017;7;13;13;3;0.0;1011;12;4;11;3;0.0;1020;9;37;13;8;0.0;1024;5;6;15;1;0.0;1019;7
32;308;12;4;0.0;1016;13;67;8;5;0.1;1014;18;21;11;2;0.0;1018;6;28;16;5;0.0;1019;8;28;16;4;0.0;1015;13;8;12;2;0.0;1008;10;0;11;3;0.0;1018;11;0;14;7;0.0;1023;6;19;14;0;0.0;1018;11
27;309;13;7;0.1;1017;14;77;10;6;0.6;1014;19;49;9;6;4.0;1019;5;25;17;7;0.0;1020;8;12;18;7;0.0;1015;12;12;14;4;0.0;1007;10;2;11;2;0.0;1020;12;12;13;6;0.0;1024;9;24;14;1;0.0;1018;11
3;310;14;6;0.0;1021;12;4;14;9;0.0;1019;21;4;13;3;0.0;1023;4;3;17;5;0.0;1023;8;23;17;8;0.0;1018;7;11;14;5;0.0;1012;9;20;9;3;0.0;1026;14;78;13;7;0.2;1029;18;16;15;2;0.0;1019;9
22;311;13;6;0.0;1026;13;17;13;8;0.0;1024;18;0;11;3;0.0;1027;5;28;15;5;0.0;1028;7;25;12;5;0.3;1023;7;12;13;4;0.0;1016;9;26;9;3;0.0;1028;12;68;11;8;1.3;1033;16;39;13;5;0.5;1023;8
12;312;12;5;0.0;1026;10;10;12;7;0.0;1025;17;7;11;3;0.0;1027;4;7;15;5;0.0;1028;5;37;15;3;0.0;1024;3;9;12;3;0.0;1019;10;1;11;2;0.0;1026;6;10;11;5;0.0;1030;8;25;14;3;0.0;1025;6
2;313;15;6;0.0;1024;4;2;11;5;0.0;1024;6;14;13;4;0.0;1024;8;4;15;4;0.0;1023;5;7;15;3;0.0;1023;3;9;13;4;0.0;1021;7;46;8;2;0.0;1025;8;6;15;6;0.0;1021;13;29;14;3;0.7;1022;5
6;314;11;5;0.0;1022;10;6;10;3;0.0;1024;14;5;6;1;0.0;1025;16;14;12;4;0.0;1021;6;12;13;3;0.0;1021;6;7;10;1;0.0;1023;8;30;3;-1;0.0;1031;9;58;7;4;0.6;1023;19;11;11;0;0.0;1020;5
10;315;6;0;0.0;1030;12;32;3;-2;0.1;1031;9;2;5;-3;0.0;1032;10;16;10;3;0.0;1029;4;36;7;4;0.2;1028;10;2;7;-2;0.0;1025;13;6;3;-1;0.0;1037;8;30;6;0;0.0;1032;14;77;7;0;0.3;1025;7
3;316;8;1;0.0;1036;4;1;7;-1;0.0;1037;5;6;6;-2;0.0;1037;8;4;7;-1;0.0;1036;5;7;8;-1;0.0;1035;7;0;8;-2;0.0;1033;10;10;4;-1;0.0;1039;5;22;5;0;0.0;1036;3;24;5;-4;0.0;1032;8
5;317;8;1;0.0;1036;3;4;7;-3;0.0;1036;3;7;6;-3;0.0;1036;5;6;7;-2;0.0;1036;3;2;10;-1;0.0;1036;1;0;9;-1;0.0;1034;8;45;2;-2;0.0;1038;4;41;6;0;0.0;1037;8;3;4;-5;0.0;1034;7
25;318;7;-2;0.0;1031;3;11;5;-3;0.0;1030;4;24;5;-2;0.0;1030;5;17;7;-2;0.0;1031;4;11;8;-2;0.0;1030;1;29;8;-1;0.0;1028;6;32;2;-2;0.2;1030;6;6;7;0;0.0;1031;7;4;5;-6;0.0;1030;6
2;319;8;-1;0.0;1025;4;5;6;-3;0.0;1025;5;4;6;-2;0.0;1025;6;15;8;-1;0.0;1024;5;14;7;-1;0.0;1024;3;7;8;-1;0.0;1023;9;48;2;-2;0.0;1026;6;11;9;0;0.0;1024;4;19;6;-5;0.0;1023;6
6;320;7;-1;0.0;1026;3;5;4;-4;0.0;1026;6;5;5;-3;0.0;1027;11;10;7;-2;0.0;1025;5;2;9;-2;0.0;1025;3;1;6;-3;0.0;1023;8;61;2;-1;0.5;1028;5;21;8;2;0.0;1025;6;14;7;-6;0.0;1024;5
21;321;6;-3;0.0;1028;4;19;3;-4;0.0;1027;7;36;4;-4;0.0;1028;5;8;7;-2;0.0;1028;4;8;7;-3;0.0;1027;2;10;7;-3;0.0;1025;7;22;2;-2;0.0;1027;7;60;5;1;0.0;1029;7;1;7;-4;0.0;1026;5
16;322;7;-3;0.0;1027;5;8;3;-6;0.0;1026;3;14;3;-4;0.0;1027;4;9;7;-3;0.0;1027;3;33;7;-4;0.0;1026;2;18;8;-2;0.0;1025;4;2;2;-2;0.0;1025;8;2;7;0;0.0;1026;12;37;9;-6;0.0;1026;3
22;323;5;-3;0.0;1027;3;59;4;-5;0.0;1025;4;24;3;-5;0.0;1026;4;8;6;-3;0.0;1026;4;9;7;-4;0.0;1025;2;8;8;-1;0.0;1023;8;10;2;-2;0.0;1025;8;1;9;3;0.0;1025;6;2;10;-4;0.0;1024;3
42;324;4;-5;0.0;1028;3;38;3;-5;0.0;1026;5;41;2;-6;0.0;1027;4;12;4;-4;0.0;1027;5;31;4;-5;0.0;1026;2;57;7;-1;0.0;1023;7;54;3;-1;0.0;1026;7;37;7;0;0.0;1026;3;7;10;-5;0.0;1025;3
4;325;4;-4;0.0;1027;4;43;1;-5;0.0;1025;7;5;2;-5;0.0;1026;5;25;6;-5;0.0;1026;3;5;5;-4;0.0;1024;3;20;8;1;0.0;1020;7;18;3;-1;0.0;1025;6;8;7;1;0.0;1026;3;8;10;-5;0.0;1024;5
15;326;4;-5;0.0;1024;4;28;2;-6;0.0;1023;3;14;3;-6;0.0;1024;3;26;7;-1;0.0;1023;4;7;7;-3;0.0;1022;5;5;10;1;0.0;1020;5;12;2;-1;0.0;1025;4;15;7;1;0.0;1023;8;52;9;-3;4.4;1021;6
6;327;6;-2;0.0;1027;6;21;4;-4;0.0;1027;5;6;6;-4;0.0;1027;4;26;9;0;0.0;1026;4;13;4;-3;0.0;1026;5;16;8;0;0.0;1024;4;22;2;-1;0.0;1030;10;10;6;0;0.0;1029;14;92;5;1;12.2;1023;5
13;328;6;-5;0.0;1036;5;9;1;-7;0.0;1035;4;3;4;-5;0.0;1034;3;32;4;-3;0.0;1036;5;8;3;-6;0.0;1035;3;16;7;-2;0.0;1034;5;18;1;-2;0.0;1034;8;86;4;1;1.1;1036;12;100;1;-1;10.2;1032;7
7;329;6;-6;0.0;1034;4;5;0;-6;0.0;1032;7;4;2;-5;0.0;1033;6;0;4;-5;0.0;1034;4;3;3;-4;0.0;1033;2;4;6;-2;0.0;1030;9;33;2;-2;0.0;1030;9;82;5;3;0.2;1034;4;64;5;-4;0.3;1031;5
6;330;3;-4;0.0;1032;10;19;3;-4;0.0;1031;6;10;1;-6;0.0;1030;5;7;3;-6;0.0;1031;4;10;5;-5;0.0;1032;2;48;5;-2;0.0;1033;9;58;3;0;0.3;1025;15;9;6;-1;0.0;1028;13;10;6;-3;0.0;1030;5
10;331;5;-3;0.0;1029;9;18;3;-3;0.0;1026;10;60;-1;-6;0.0;1028;10;11;3;-5;0.0;1030;7;6;8;-3;0.0;1028;5;26;8;-1;0.1;1026;15;59;3;0;0.9;1017;20;7;4;-1;0.0;1028;17;5;9;-3;0.0;1029;5
16;332;7;-1;0.0;1031;10;6;6;-4;0.0;1031;9;13;4;-5;0.0;1030;5;17;5;-3;0.0;1030;5;14;8;-1;0.0;1031;5;30;7;-2;0.1;1030;8;27;4;1;0.1;1022;19;12;9;0;0.0;1026;11;12;7;-2;0.0;1029;7
1;333;5;-1;0.0;1031;8;3;4;-2;0.0;1028;12;7;2;-5;0.0;1031;5;2;7;-4;0.0;1031;4;22;6;-3;0.0;1028;3;8;7;-2;0.0;1023;11;30;4;0;0.0;1028;10;1;8;2;0.0;1032;5;10;9;-3;0.0;1028;4
13;334;4;-2;0.0;1030;5;40;0;-3;0.0;1029;6;8;2;-5;0.0;1029;5;2;7;-4;0.0;1029;3;20;7;-2;0.0;1028;2;63;6;4;0.5;1028;9;34;4;-1;0.2;1025;11;3;8;2;0.0;1028;10;4;11;-1;0.0;1027;4
14;335;4;-4;0.0;1029;6;19;4;-3;0.0;1027;8;24;4;-3;0.0;1028;5;8;3;-5;0.0;1029;2;14;6;-3;0.0;1028;3;40;9;2;0.0;1022;13;65;2;0;0.3;1027;9;8;7;0;0.0;1027;4;7;10;-2;0.0;1027;4
40;336;2;-4;0.4;1023;9;66;1;-3;0.1;1020;10;16;0;-6;0.1;1023;9;16;7;-4;0.0;1024;6;20;11;1;0.0;1021;13;68;11;4;1.5;1014;15;49;3;0;0.1;1016;14;27;7;1;0.0;1025;7;11;9;-2;0.0;1024;10
82;337;2;-1;2.6;1019;5;62;0;-4;0.2;1017;8;55;-1;-5;0.5;1019;6;40;11;2;0.0;1020;9;42;13;5;0.1;1018;14;76;7;3;8.7;1013;19;73;3;0;0.7;1014;12;5;9;1;0.0;1021;13;55;9;-1;0.0;1021;11
56;338;9;4;1.6;1012;11;82;5;2;7.9;1009;13;94;4;-1;1.7;1011;11;42;13;4;0.3;1016;15;33;14;7;0.0;1013;16;100;9;6;20.8;1005;18;68;6;2;1.1;1005;17;11;11;4;0.0;1018;16;82;9;2;0.7;1017;13
53;339;10;7;2.5;1005;20;46;8;2;4.7;1002;18;63;7;4;2.5;1003;13;64;12;8;18.0;1008;18;67;13;10;10.7;1005;19;60;4;2;13.3;1005;25;66;7;5;6.1;996;17;44;11;5;0.6;1011;14;78;10;4;7.4;1009;14
34;340;6;1;0.1;1013;14;62;5;0;1.0;1011;15;31;4;-2;0.1;1011;8;56;6;3;1.0;1013;6;41;4;2;1.1;1014;6;94;3;1;7.9;1010;19;35;3;0;0.3;1007;14;89;10;7;16.5;1010;10;93;2;-2;17.0;1013;6
35;341;5;-1;0.5;1014;14;52;3;-1;4.4;1010;18;61;2;-2;1.0;1012;12;22;7;-1;0.2;1016;8;36;7;-1;0.0;1015;9;74;3;1;10.4;1009;22;61;3;0;3.2;1007;15;48;7;4;2.0;1017;6;19;6;-4;0.0;1016;6
19;342;6;3;0.1;1017;33;49;2;0;1.0;1017;26;38;3;-1;1.0;1012;14;62;5;2;6.3;1019;18;18;10;1;0.1;1022;8;51;3;0;0.1;1021;22;94;2;0;8.3;1005;17;22;6;2;1.5;1016;21;41;3;-6;2.6;1023;8
61;343;7;1;0.0;1021;14;72;3;-1;6.8;1016;14;67;1;-2;0.6;1021;13;18;6;-1;0.0;1024;12;35;9;1;0.0;1021;14;86;7;3;13.4;1013;20;73;2;-2;4.9;1013;16;10;4;2;0.0;1025;12;10;1;-7;0.0;1026;11
80;344;8;3;0.2;1016;10;54;6;2;8.5;1016;8;82;2;-1;2.9;1016;8;77;7;3;3.5;1019;14;66;12;7;0.0;1017;11;55;3;-1;0.2;1017;12;57;3;0;0.7;1012;12;37;7;2;0.0;1021;16;75;6;-3;0.5;1021;12
50;345;6;1;0.0;1022;7;18;4;-3;0.0;1022;6;12;4;-3;0.0;1022;4;77;8;6;4.3;1021;5;92;7;5;1.3;1020;6;26;4;-2;0.0;1019;9;16;3;-1;0.0;1020;12;46;11;4;0.0;1022;15;89;9;1;1.2;1021;8
95;346;6;2;2.0;1017;10;95;1;-1;0.8;1016;9;85;1;-2;1.8;1019;6;71;11;5;0.1;1019;12;72;11;4;1.8;1015;8;52;5;-1;0.8;1013;15;38;2;-1;0.9;1017;11;80;8;3;0.2;1023;13;88;9;2;1.8;1017;11
40;347;8;2;4.4;1017;10;39;4;-1;1.1;1017;10;95;4;1;8.2;1017;6;53;9;5;0.2;1018;10;42;8;3;6.3;1018;9;49;4;0;6.4;1012;20;72;3;1;1.5;1015;10;33;10;5;0.0;1019;10;77;9;3;3.7;1018;7
64;348;7;2;0.9;1017;13;69;5;1;1.0;1015;10;81;4;1;2.3;1018;10;23;11;3;0.0;1019;8;43;12;4;0.2;1016;16;38;7;1;4.9;1009;21;49;4;1;2.4;1014;13;5;11;4;0.0;1020;13;46;8;1;0.0;1020;11
73;349;7;3;7.2;1014;9;68;6;2;0.8;1014;8;98;5;2;10.1;1014;6;73;9;5;13.2;1015;12;65;7;5;10.3;1014;10;53;5;1;3.4;1011;19;57;5;2;0.5;1013;9;14;10;4;0.0;1018;9;67;8;2;11.4;1016;11
53;350;5;-1;5.7;1001;22;70;5;0;6.2;996;24;67;2;0;10.1;1001;14;71;8;5;9.3;1006;19;49;9;1;2.0;1001;20;93;4;1;30.8;988;31;71;4;2;3.6;997;14;38;10;4;0.9;1008;15;52;7;0;0.8;1009;17
49;351;5;0;3.4;1011;14;53;3;0;1.9;1010;14;59;2;-1;5.2;1011;9;62;6;3;5.9;1013;13;53;5;1;4.2;1011;13;74;3;0;9.2;1008;20;55;3;1;1.5;1007;13;35;8;3;1.5;1014;14;54;5;-1;6.1;1012;11
10;352;4;-1;0.0;1012;15;28;2;-2;0.1;1011;18;19;0;-5;0.4;1010;8;38;4;1;0.1;1014;11;20;3;-2;0.0;1012;6;80;2;-1;2.0;1012;17;71;2;0;1.6;1002;18;14;7;3;0.3;1013;15;25;2;-5;0.5;1013;5
58;353;3;0;0.8;1018;11;46;3;-4;0.0;1019;6;51;1;-2;0.0;1018;8;65;4;1;1.1;1016;9;78;2;-1;4.2;1016;16;68;1;-2;0.8;1020;14;22;2;-1;0.0;1018;11;76;3;1;4.5;1018;17;77;4;-2;12.3;1012;6
41;354;2;-2;0.0;1015;12;29;0;-7;0.0;1016;6;37;1;-3;0.2;1014;12;98;2;0;3.9;1013;8;40;1;-5;0.3;1017;8;84;1;-3;4.3;1014;15;79;1;-1;0.8;1015;5;95;4;3;4.1;1011;7;92;-2;-13;9.1;1015;6
52;355;1;-3;1.2;1016;13;84;2;-2;3.9;1014;14;42;-1;-3;0.4;1015;6;53;1;-2;0.2;1017;8;37;3;-4;0.2;1017;4;97;1;0;5.0;1019;18;48;0;-2;0.3;1013;6;60;3;1;3.2;1014;13;22;-1;-16;0.0;1017;3
62;356;1;-3;0.2;1022;8;34;1;-7;0.0;1023;8;51;0;-4;0.1;1022;4;39;3;-2;0.0;1021;7;38;3;-3;0.5;1023;4;100;2;0;4.2;1024;11;10;0;-3;0.0;1021;3;85;1;-1;4.3;1020;17;92;-2;-7;5.6;1019;11
34;357;2;-2;0.1;1025;4;72;3;-1;0.7;1023;6;34;0;-6;0.0;1024;4;7;1;-2;0.0;1025;5;55;2;-3;0.0;1025;6;96;5;2;1.6;1024;12;40;-2;-6;0.1;1023;7;36;3;-1;0.1;1024;6;67;-2;-16;0.6;1025;6
89;358;2;-2;2.1;1022;10;78;3;0;1.3;1021;15;87;-3;-4;2.4;1021;8;40;1;-4;0.6;1023;4;53;3;-3;2.3;1022;5;79;4;1;1.5;1025;19;97;0;-2;2.0;1017;12;34;2;-2;0.0;1023;6;49;1;-14;0.9;1022;4
32;359;3;-2;0.0;1030;17;58;2;-1;1.2;1032;14;54;2;-2;1.0;1029;4;87;2;-1;0.9;1029;7;18;4;-2;0.1;1033;4;96;3;1;1.7;1035;17;88;1;0;1.8;1025;12;19;2;-3;0.0;1028;10;100;0;-4;8.4;1030;10
28;360;3;-1;0.0;1039;4;84;5;1;0.2;1038;5;44;1;-2;0.0;1038;6;7;2;-3;0.0;1039;3;81;3;-2;0.8;1039;3;62;6;3;0.4;1039;9;93;2;0;1.2;1032;14;29;2;-2;0.0;1038;10;85;-2;-10;0.4;1038;7
68;361;4;-1;0.4;1039;3;54;5;-2;0.0;1037;5;94;1;-2;0.6;1038;6;7;1;-6;0.0;1039;3;62;3;-1;0.1;1038;4;50;7;2;0.1;1037;4;89;6;3;1.1;1032;15;12;3;-1;0.0;1037;14;14;-1;-13;0.0;1038;5
47;362;3;-1;0.0;1034;5;67;4;0;0.4;1032;10;93;1;-1;0.4;1033;6;19;2;-3;0.0;1034;5;13;5;-3;0.0;1032;3;34;5;1;0.0;1029;10;79;5;1;0.4;1030;9;57;3;-1;0.0;1034;7;16;1;-11;0.0;1033;5
37;363;2;-2;0.0;1025;10;49;2;-4;0.0;1024;10;92;0;-2;0.6;1024;8;77;3;-2;0.2;1024;4;33;3;-3;1.6;1025;3;91;3;1;2.5;1025;21;61;2;0;0.0;1018;14;64;5;0;0.0;1024;6;14;0;-8;0.0;1025;6
53;364;3;-1;0.6;1014;12;54;0;-2;4.3;1011;17;91;0;-2;0.3;1013;12;82;1;-2;1.7;1015;8;59;2;-3;1.1;1015;6;91;1;0;8.1;1013;24;61;2;-1;1.2;1008;14;21;3;-1;0.0;1014;15;79;1;-6;4.9;1015;6
12;365;3;-2;0.0;1018;15;25;1;-5;0.0;1017;11;49;-1;-4;0.0;1016;4;55;2;-2;0.0;1018;5;22;3;-2;0.0;1020;6;93;4;0;6.3;1016;14;99;2;-1;3.0;1012;10;62;2;0;1.2;1015;4;74;-1;-16;7.6;1018;8
