cloudcover;day;maxtemp;mintemp;precipMM;pressure;windspeed;cloudcover;maxtemp;mintemp;precipMM;pressure;windspeed;cloudcover;maxtemp;mintemp;precipMM;pressure;windspeed;cloudcover;maxtemp;mintemp;precipMM;pressure;windspeed;cloudcover;maxtemp;mintemp;precipMM;pressure;windspeed;cloudcover;maxtemp;mintemp;precipMM;pressure;windspeed;cloudcover;maxtemp;mintemp;precipMM;pressure;windspeed;cloudcover;maxtemp;mintemp;precipMM;pressure;windspeed;cloudcover;maxtemp;mintemp;precipMM;pressure;windspeed
14;244;29;19;0.0;1016;4;86;21;15;5.2;1020;12;6;28;18;0.0;1017;6;4;32;20;0.0;1017;7;82;17;13;8.4;1018;6;66;19;12;1.1;1022;10;28;28;17;0.0;1019;8;0;27;19;0.0;1021;12;13;29;12;0.2;1016;6
9;245;30;21;0.0;1020;6;45;26;16;0.0;1021;6;5;29;17;0.0;1021;6;1;31;19;0.0;1020;4;63;24;15;1.5;1020;4;42;22;11;0.0;1023;8;43;27;17;0.0;1022;7;19;27;19;0.1;1023;10;16;28;11;3.6;1019;5
6;246;32;24;0.0;1018;3;13;27;18;0.0;1020;9;20;30;20;0.2;1019;6;1;31;18;0.0;1018;5;27;25;17;1.0;1018;7;49;23;13;0.1;1022;10;39;29;18;6.8;1020;7;0;27;19;0.0;1020;9;20;26;10;5.4;1017;4
18;247;31;22;0.0;1016;5;6;25;17;0.0;1019;13;11;27;19;0.0;1018;12;6;30;19;0.0;1016;5;55;24;18;5.7;1017;7;11;25;12;0.0;1020;10;11;25;16;0.3;1019;7;3;29;19;0.0;1017;5;21;26;11;2.8;1016;4
22;248;31;21;0.2;1015;6;5;25;16;0.0;1017;9;17;28;17;0.8;1016;9;7;31;20;0.0;1014;4;48;24;16;7.9;1015;7;19;24;14;0.0;1020;10;8;25;18;0.0;1017;5;0;28;21;0.0;1016;9;25;25;10;8.6;1014;3
17;249;27;18;1.6;1017;15;20;21;17;0.0;1021;14;18;22;16;1.8;1017;15;36;30;21;1.1;1014;10;36;26;16;8.8;1018;11;11;19;9;0.0;1025;9;41;19;15;0.7;1018;12;17;31;20;0.0;1013;6;52;19;8;4.9;1016;6
8;250;24;14;0.0;1023;10;8;23;12;0.0;1023;7;11;22;11;0.0;1022;6;5;24;14;0.0;1021;10;16;25;14;0.0;1024;2;7;22;11;0.0;1024;7;58;18;11;0.6;1019;13;38;25;19;0.0;1018;10;31;20;9;0.6;1022;7
20;251;27;16;0.0;1020;13;31;25;15;0.0;1021;9;46;22;15;0.2;1019;4;19;27;16;0.0;1020;6;1;29;17;0.0;1021;3;11;25;13;0.0;1022;5;54;18;12;0.4;1018;11;15;28;19;0.0;1018;5;1;23;4;0.0;1021;6
2;252;29;19;0.0;1020;8;1;25;16;0.0;1020;6;15;24;15;0.0;1021;8;9;28;18;0.0;1019;7;1;30;18;0.0;1020;5;2;27;15;0.0;1018;9;35;20;14;0.3;1020;10;10;29;20;0.0;1018;11;4;24;6;0.0;1019;7
9;253;29;19;0.0;1020;9;13;26;16;0.0;1019;12;3;26;16;0.0;1021;5;4;30;17;0.0;1020;6;14;29;16;0.0;1018;3;11;28;16;0.0;1016;6;3;23;12;0.0;1022;10;14;26;18;0.0;1023;15;19;27;8;0.0;1018;5
43;254;29;19;0.0;1016;10;7;28;17;0.0;1015;12;10;27;17;0.0;1017;6;7;30;19;0.0;1018;9;8;31;19;0.0;1016;4;32;27;15;8.1;1014;12;4;27;15;0.0;1016;9;17;25;16;0.0;1022;12;29;25;9;2.4;1016;5
14;255;28;18;0.2;1010;13;58;25;18;16.8;1010;11;10;27;17;0.0;1010;9;11;28;17;0.8;1012;9;34;28;16;10.6;1010;10;68;13;12;9.3;1014;12;17;27;17;1.3;1009;10;81;24;16;0.0;1015;8;9;24;9;0.0;1012;8
70;256;21;15;1.0;1006;10;82;13;9;26.9;1012;17;19;26;15;0.0;1007;10;22;30;17;0.0;1006;11;88;10;10;49.9;1008;13;17;16;6;0.1;1016;9;27;27;16;0.1;1009;7;4;27;19;0.0;1010;9;70;18;11;6.3;1006;10
59;257;22;13;1.1;1011;12;43;18;10;0.1;1015;10;48;23;12;0.1;1011;12;20;29;16;0.0;1009;5;82;12;9;5.2;1013;9;8;18;8;0.0;1016;10;69;18;11;0.9;1014;7;8;30;19;0.0;1010;11;100;13;9;21.8;1009;7
22;258;22;14;0.0;1013;18;20;19;11;0.1;1015;12;28;22;13;0.0;1012;12;55;18;16;2.1;1012;8;47;18;12;0.0;1015;5;52;18;11;0.6;1018;9;28;19;12;0.1;1012;12;21;31;21;0.0;1008;9;84;13;7;3.9;1013;7
41;259;23;14;0.0;1018;5;12;21;12;0.0;1018;4;4;20;11;0.0;1018;11;49;23;13;0.0;1016;6;31;20;12;0.0;1018;5;20;21;9;0.0;1017;7;50;20;11;0.1;1018;6;53;26;19;0.5;1015;15;49;17;5;0.2;1016;7
10;260;25;15;0.0;1017;5;22;21;12;0.0;1016;8;4;23;13;0.0;1017;6;51;26;16;0.1;1016;4;6;23;13;0.0;1016;3;11;22;10;0.0;1014;7;11;22;12;0.0;1018;6;41;22;17;5.8;1017;11;36;21;4;0.0;1015;5
36;261;26;17;0.0;1015;6;7;23;13;0.0;1014;10;25;25;15;0.0;1015;7;28;29;17;0.0;1015;4;18;25;15;0.1;1015;3;19;23;12;2.0;1012;9;23;23;13;0.0;1015;7;23;26;18;0.0;1017;10;30;23;5;2.6;1014;2
48;262;26;17;4.8;1011;12;66;19;10;5.9;1013;12;38;25;15;8.2;1011;12;17;29;17;1.0;1011;9;49;23;15;13.4;1012;9;36;15;10;5.8;1018;13;39;25;15;6.0;1011;13;23;25;18;0.0;1014;10;28;21;9;0.0;1012;7
57;263;16;10;14.5;1019;14;34;16;9;0.0;1022;12;65;10;8;22.2;1019;17;78;14;10;17.7;1016;13;31;17;10;8.3;1022;6;15;15;5;0.0;1024;6;84;12;9;11.9;1020;8;44;27;20;11.1;1011;11;86;9;5;17.0;1019;8
7;264;19;9;0.0;1022;7;12;17;9;0.0;1022;8;5;15;6;0.0;1022;11;30;17;9;0.3;1021;13;7;19;11;0.0;1022;5;20;19;5;0.6;1018;11;10;18;8;0.0;1023;7;82;14;12;17.1;1015;12;5;16;0;0.0;1023;5
31;265;20;9;0.0;1017;10;39;18;9;0.0;1015;13;31;17;7;0.1;1017;9;12;21;10;0.0;1018;3;5;22;8;0.0;1017;9;46;16;11;8.6;1015;12;39;16;8;0.1;1015;11;11;20;12;0.0;1017;11;3;22;3;0.0;1018;7
29;266;22;14;0.1;1019;6;32;16;9;0.0;1019;6;17;17;8;0.0;1019;6;9;24;15;0.0;1018;3;24;22;12;0.0;1018;4;40;18;8;0.0;1016;9;18;15;8;0.0;1017;15;2;26;15;0.0;1018;6;6;24;5;0.0;1019;4
29;267;25;14;0.0;1008;12;54;21;12;0.0;1006;12;34;21;10;0.2;1010;7;9;29;17;0.0;1010;10;14;26;13;0.1;1008;14;38;21;10;5.4;1004;12;22;18;8;0.0;1011;7;2;27;20;0.0;1013;4;10;23;9;0.0;1012;13
14;268;25;15;1.8;1008;14;38;21;12;1.3;1008;12;54;19;14;3.6;1008;5;8;25;17;1.9;1009;10;24;23;15;3.5;1010;9;20;22;9;0.0;1004;14;46;21;13;0.2;1007;6;5;30;21;0.0;1009;8;29;24;12;0.2;1011;10
3;269;26;16;0.0;1010;17;37;23;14;0.0;1006;16;8;23;12;0.0;1011;13;3;28;17;0.0;1013;9;6;25;14;0.0;1011;17;45;22;9;0.3;1002;11;18;24;13;0.0;1010;12;10;29;19;0.0;1014;4;29;23;10;0.0;1015;10
11;270;28;18;0.0;1012;16;44;23;16;0.1;1010;11;14;25;13;0.7;1013;13;5;31;18;0.1;1016;12;17;27;16;0.1;1013;13;53;16;9;7.5;1012;13;22;25;16;0.9;1010;14;9;31;22;0.0;1018;4;14;26;10;0.0;1017;11
30;271;22;15;0.2;1019;11;11;19;11;0.0;1019;9;24;22;15;0.6;1018;5;27;26;19;0.3;1019;9;57;19;15;2.4;1019;6;47;17;10;0.5;1019;9;29;19;13;2.1;1017;10;4;31;22;0.0;1018;4;16;25;11;0.0;1019;5
49;272;25;16;0.2;1018;10;34;19;12;0.0;1018;9;31;19;13;0.0;1019;4;16;29;19;0.5;1018;6;50;24;14;0.3;1017;5;31;17;8;0.0;1018;8;16;20;11;0.0;1019;8;8;29;21;1.1;1020;9;10;27;12;0.0;1018;8
14;273;24;16;0.4;1018;9;29;19;11;0.4;1021;9;22;19;14;0.9;1019;11;15;31;21;0.0;1017;9;33;20;13;0.2;1019;7;6;18;7;0.0;1021;5;24;17;13;5.7;1020;10;9;31;22;0.0;1019;4;12;27;12;2.6;1018;7
20;274;25;16;0.0;1017;6;43;21;13;0.0;1018;7;36;22;12;0.8;1019;6;12;32;21;0.0;1018;9;23;24;13;2.2;1017;3;41;19;9;0.0;1018;5;28;17;8;2.6;1021;9;7;27;19;0.0;1022;15;18;25;13;2.5;1018;7
45;275;23;18;11.9;1015;7;44;20;13;0.0;1018;8;38;22;15;9.2;1016;5;32;27;18;8.3;1015;5;65;20;14;4.5;1016;8;36;17;8;0.0;1019;8;50;20;13;5.4;1017;5;4;28;19;0.0;1018;13;18;21;10;7.7;1016;8
5;276;20;12;0.0;1017;13;4;20;10;0.0;1018;6;49;17;15;7.4;1016;5;31;22;16;2.9;1017;7;36;22;11;0.0;1018;3;35;19;7;0.0;1017;11;61;14;11;16.2;1016;9;25;27;20;0.0;1015;5;63;19;8;3.6;1018;4
15;277;22;14;0.0;1017;6;19;20;12;0.8;1016;10;14;20;12;0.0;1017;5;3;22;13;0.0;1017;2;11;23;13;0.0;1017;7;78;15;10;5.2;1015;17;36;19;10;0.0;1015;10;29;25;19;8.6;1015;6;35;21;4;0.0;1017;2
11;278;20;11;0.0;1020;10;15;17;8;0.0;1019;11;13;17;10;0.0;1019;9;5;22;14;0.0;1020;5;25;20;12;0.0;1020;6;50;19;6;0.0;1017;15;57;14;9;4.7;1015;15;15;26;18;0.0;1018;6;25;20;6;0.1;1020;5
5;279;23;13;0.0;1019;9;10;20;11;0.0;1016;11;8;20;9;0.0;1018;11;1;25;13;0.0;1020;5;6;23;12;0.0;1019;9;27;22;9;0.8;1015;18;46;20;13;0.0;1012;16;1;26;19;0.0;1021;5;2;22;8;0.0;1020;7
32;280;22;15;2.3;1013;11;49;14;12;11.1;1015;14;48;18;11;4.4;1013;9;30;24;15;1.4;1014;8;37;23;13;7.1;1015;11;48;13;9;13.9;1018;13;59;14;10;4.7;1012;9;2;26;19;0.0;1013;9;17;20;7;0.3;1016;9
10;281;15;7;0.0;1020;16;21;13;6;0.0;1021;10;31;12;6;0.1;1018;7;26;16;10;0.8;1019;12;25;15;8;0.0;1022;5;40;14;3;0.1;1021;5;57;10;6;0.5;1015;13;25;21;16;2.7;1013;12;25;12;2;1.5;1020;8
33;282;16;8;0.0;1014;10;36;13;5;0.1;1013;9;15;13;5;0.0;1013;10;23;17;8;0.0;1015;4;22;18;7;0.0;1013;4;43;14;9;1.7;1013;8;35;13;5;0.2;1009;14;7;17;11;0.0;1016;7;17;17;0;0.1;1015;5
14;283;16;7;0.0;1014;9;14;12;4;0.0;1015;6;22;13;4;0.0;1013;5;35;18;9;1.4;1013;6;75;9;8;6.5;1014;6;25;13;3;0.0;1016;4;52;10;5;1.5;1012;13;16;20;11;0.0;1012;6;33;17;4;0.3;1012;5
11;284;16;8;0.0;1015;7;5;13;4;0.0;1016;5;29;13;5;0.0;1015;4;32;15;9;5.4;1015;6;79;13;9;3.0;1015;3;5;14;2;0.0;1013;8;64;9;6;2.2;1014;9;19;21;13;0.0;1012;4;40;16;4;0.4;1014;5
36;285;16;9;0.0;1015;9;52;14;7;0.0;1014;12;8;13;5;0.0;1016;4;54;17;9;1.2;1015;5;89;11;7;15.1;1013;4;61;14;3;5.1;1011;14;8;13;3;0.0;1018;6;37;19;11;0.0;1016;10;77;13;6;6.2;1013;6
43;286;17;9;0.0;1015;6;48;13;9;0.6;1015;6;50;15;7;0.0;1015;5;88;15;12;19.5;1014;4;76;14;10;4.4;1015;5;35;13;3;0.0;1014;10;47;10;5;0.0;1016;7;59;19;15;2.1;1014;8;96;14;9;3.8;1014;4
83;287;15;10;5.3;1010;7;61;14;7;0.7;1009;13;79;13;7;2.8;1011;4;62;16;12;6.6;1010;5;44;18;7;0.1;1009;5;68;12;6;1.6;1005;9;42;14;6;0.0;1012;10;53;20;13;0.4;1012;11;84;17;9;8.4;1010;7
52;288;20;12;1.9;1009;10;83;15;11;2.2;1007;14;49;17;10;0.5;1010;9;23;21;12;2.1;1011;11;25;21;9;3.8;1007;8;80;8;5;1.5;1008;13;20;18;8;0.0;1009;13;19;23;15;0.0;1013;6;68;18;8;1.1;1010;12
76;289;16;13;7.8;1010;12;92;12;8;13.4;1012;8;63;16;11;6.5;1011;5;29;22;13;6.4;1012;13;60;15;10;23.2;1010;9;45;12;3;0.0;1014;9;59;18;10;4.9;1012;8;16;26;18;0.0;1014;6;62;16;6;12.2;1012;13
12;290;17;7;0.1;1021;10;26;13;5;0.0;1019;10;42;13;9;2.4;1021;7;7;18;9;0.0;1022;4;5;19;7;0.0;1021;10;23;15;4;0.0;1015;12;43;13;8;0.6;1017;13;12;24;16;0.0;1020;14;28;19;4;0.0;1022;6
8;291;17;8;0.0;1023;11;19;16;8;0.0;1021;15;6;15;6;0.0;1025;5;5;22;9;0.0;1024;6;15;20;9;0.0;1021;9;28;17;5;0.0;1015;11;20;15;6;0.0;1024;9;5;22;12;0.0;1026;8;6;21;5;0.0;1022;5
10;292;19;9;0.0;1022;8;13;16;8;0.0;1021;9;4;17;7;0.0;1023;4;8;23;11;0.0;1023;5;5;21;8;0.0;1021;6;10;19;7;0.0;1016;10;5;17;7;0.0;1023;9;3;23;15;0.0;1024;6;5;23;7;0.0;1022;5
16;293;21;11;0.0;1020;6;20;16;8;0.0;1020;4;9;19;7;0.0;1020;3;12;23;11;0.0;1021;4;1;22;9;0.0;1020;4;11;20;7;0.0;1019;4;0;16;7;0.0;1022;9;8;18;11;0.0;1024;12;1;24;7;0.0;1020;4
2;294;21;11;0.0;1021;7;0;18;7;0.0;1020;5;0;18;9;0.0;1021;4;0;21;10;0.0;1022;5;43;20;8;0.0;1019;4;14;18;6;0.0;1019;6;16;17;7;0.0;1021;6;31;20;13;0.0;1023;9;2;21;4;0.0;1019;4
0;295;23;11;0.0;1022;2;2;17;7;0.0;1022;5;0;20;8;0.0;1022;4;0;20;9;0.0;1021;5;0;19;8;0.0;1021;5;7;17;4;0.0;1021;7;11;17;9;0.0;1023;5;4;20;13;0.0;1021;6;0;17;4;0.0;1020;5
5;296;20;10;0.0;1022;4;9;16;7;0.0;1024;10;14;16;7;0.0;1023;12;9;19;9;0.0;1021;4;1;19;7;0.0;1022;4;8;16;4;0.0;1024;8;83;12;8;0.2;1025;7;2;22;13;0.0;1021;5;14;15;3;0.0;1021;6
4;297;18;8;0.0;1019;3;17;14;6;0.0;1019;5;40;14;5;0.0;1019;6;5;17;7;0.0;1019;3;7;17;5;0.0;1019;3;12;15;3;0.0;1020;4;33;11;5;0.4;1022;5;22;17;10;0.0;1020;6;7;16;2;0.0;1018;4
6;298;15;7;0.0;1013;8;41;14;6;0.0;1013;6;28;13;6;0.0;1012;7;5;17;7;0.0;1014;4;31;17;2;0.0;1013;3;26;14;2;0.0;1015;6;46;11;3;0.0;1010;11;12;18;11;0.0;1013;10;6;18;2;0.0;1014;5
39;299;12;7;0.4;1010;9;53;8;5;0.7;1010;11;67;8;4;0.7;1010;5;17;16;6;0.0;1010;5;38;16;5;1.9;1008;4;61;9;5;2.2;1010;14;49;5;3;2.4;1009;13;2;20;10;0.0;1010;12;21;16;4;0.0;1010;9
63;300;14;9;11.0;994;16;92;6;4;31.9;995;18;87;9;5;12.4;996;10;38;15;10;5.0;999;20;64;19;10;16.8;991;13;100;1;0;14.1;1001;17;98;4;2;33.9;999;12;25;19;10;1.3;1006;12;70;14;7;5.5;997;16
87;301;6;3;2.9;1002;17;46;4;0;0.4;1008;20;74;3;1;10.4;1003;18;83;12;8;7.2;1000;13;85;4;3;12.9;1004;13;62;2;-3;0.7;1014;11;90;2;-1;5.1;1006;12;47;23;15;2.6;1001;9;97;11;8;8.9;1000;6
95;302;4;1;10.2;1010;11;95;1;0;7.8;1013;18;86;1;-1;9.3;1010;14;91;7;4;9.0;1007;7;100;2;-1;8.9;1012;10;22;3;-7;0.0;1018;7;55;1;-3;4.3;1015;11;89;9;8;11.9;1004;20;97;6;-1;15.8;1008;6
38;303;5;-1;0.1;1012;13;62;1;-6;0.1;1011;8;67;3;0;0.8;1011;5;64;5;1;0.6;1013;10;34;6;-2;0.1;1013;8;97;2;-1;6.6;1009;11;80;1;-2;1.3;1008;8;64;11;7;7.7;1009;16;49;4;-4;1.0;1014;6
11;304;6;0;0.0;1013;12;39;4;-2;0.1;1010;14;39;4;-2;0.0;1015;8;8;11;1;0.0;1015;8;24;11;0;0.2;1010;8;38;5;-2;0.1;1003;12;63;4;0;1.0;1012;11;18;12;3;0.0;1017;9;29;11;-3;0.0;1012;9
72;305;8;2;17.7;1002;17;74;5;2;3.6;1000;16;62;7;0;8.2;1004;7;41;13;7;2.6;1004;15;74;7;5;16.8;998;8;65;9;2;2.6;994;11;37;5;-1;1.0;1006;15;89;15;10;15.0;1011;17;72;11;3;2.3;1000;14
55;306;13;8;3.1;1006;9;61;9;5;4.8;1006;7;91;10;7;2.4;1006;8;31;17;8;0.9;1008;10;25;15;6;5.4;1007;9;65;9;5;7.8;1002;18;90;8;5;1.7;1004;8;25;18;12;0.0;1008;10;81;11;6;0.9;1009;10
19;307;14;6;0.0;1013;12;59;10;3;0.1;1010;12;66;10;3;0.1;1013;10;16;18;9;0.1;1015;8;19;17;7;0.0;1013;15;84;11;7;16.3;1005;14;34;9;5;0.2;1010;12;7;21;12;0.0;1016;8;35;14;4;0.0;1016;9
42;308;17;8;0.0;1010;15;75;10;7;1.4;1008;9;67;11;4;0.0;1012;10;16;19;9;0.0;1014;11;42;18;10;0.0;1009;15;82;9;7;16.3;1005;9;41;11;6;0.3;1010;10;19;18;12;0.0;1016;4;56;14;6;0.0;1014;12
67;309;13;9;5.2;1002;21;79;9;6;12.7;1002;16;76;11;6;15.5;1001;12;53;16;11;10.3;1005;18;54;20;8;15.5;1002;16;74;9;6;9.0;1005;16;80;10;7;9.0;999;15;20;19;12;0.0;1009;5;71;16;9;5.5;1006;16
34;310;11;5;0.0;1015;16;39;8;3;0.0;1015;13;14;9;2;0.0;1013;8;27;12;6;2.6;1015;8;60;10;5;6.5;1015;7;84;6;3;4.2;1017;14;76;7;4;0.5;1008;17;37;16;14;0.0;1010;12;38;13;5;1.1;1014;5
35;311;10;3;0.1;1024;19;64;6;3;0.9;1023;17;33;7;0;0.0;1021;9;47;9;4;2.8;1025;6;43;10;3;0.3;1026;4;85;6;3;3.8;1026;20;69;5;2;2.5;1014;17;21;15;9;0.0;1020;6;51;7;-1;1.4;1024;7
23;312;12;4;0.0;1024;12;41;8;3;0.0;1023;8;62;7;1;0.0;1023;8;52;11;4;0.0;1026;5;17;12;2;0.0;1024;5;87;8;3;0.2;1023;10;85;8;5;1.9;1017;16;5;13;6;0.0;1024;10;10;11;-2;0.0;1026;4
41;313;11;6;0.8;1019;10;35;9;4;0.5;1020;8;64;9;4;1.3;1019;5;60;10;6;0.4;1020;5;15;12;3;0.0;1020;6;53;9;3;0.1;1019;9;97;7;6;3.5;1017;10;55;13;6;0.1;1018;12;24;10;0;0.0;1020;6
13;314;10;3;0.0;1020;14;13;9;3;0.0;1015;26;12;8;1;0.0;1021;8;12;13;3;0.0;1022;8;19;12;3;0.0;1018;7;41;9;4;0.2;1008;12;38;8;3;0.0;1020;13;24;13;7;0.0;1024;9;23;12;0;0.0;1020;8
21;315;11;5;0.0;1018;14;13;10;5;0.0;1014;24;23;8;1;0.0;1019;10;9;15;4;0.0;1021;11;35;14;5;0.4;1015;9;92;9;7;25.7;1012;8;15;11;5;0.0;1016;16;3;13;6;0.0;1027;8;17;13;2;0.0;1019;14
77;316;13;7;2.4;1023;5;65;11;6;2.2;1024;5;62;10;5;0.8;1024;5;18;15;6;0.0;1023;4;83;13;10;18.0;1022;8;58;9;5;0.3;1025;6;73;9;6;0.5;1023;8;18;14;7;0.0;1026;4;26;15;4;0.0;1023;9
60;317;12;8;2.6;1030;8;17;10;4;0.0;1032;11;42;9;4;1.9;1030;15;51;13;8;0.0;1027;9;77;11;7;3.8;1029;9;15;8;0;0.0;1033;5;56;7;3;0.0;1032;8;45;14;9;1.3;1025;8;76;11;4;1.9;1026;6
16;318;9;5;0.0;1032;8;4;7;1;0.0;1033;7;7;6;0;0.0;1033;9;62;9;4;0.1;1030;5;37;10;4;0.1;1030;9;6;8;0;0.0;1029;9;35;6;0;0.0;1035;5;64;10;7;0.7;1031;19;82;7;4;1.1;1028;9
12;319;10;1;0.0;1028;4;28;7;1;0.0;1027;10;2;8;1;0.0;1028;3;20;11;2;0.0;1028;3;38;7;2;0.1;1026;5;0;8;-1;0.0;1024;6;17;5;-1;0.0;1028;8;17;8;3;0.0;1029;8;66;7;2;0.6;1024;6
5;320;9;4;0.0;1025;5;22;7;2;0.0;1024;12;2;8;1;0.0;1025;3;28;11;2;0.0;1025;4;74;7;3;0.0;1024;3;9;8;-1;0.0;1020;6;16;6;0;0.0;1025;6;5;10;4;0.0;1026;8;64;8;-2;0.6;1022;5
31;321;9;2;0.0;1021;9;23;7;1;0.0;1019;14;10;7;0;0.0;1021;4;15;12;3;0.0;1022;5;56;8;4;0.0;1019;3;3;8;-1;0.0;1015;7;13;5;0;0.0;1022;9;5;9;2;0.0;1025;10;40;13;1;0.0;1018;4
64;322;8;4;0.2;1018;9;90;7;4;0.4;1017;10;29;7;0;0.0;1018;5;6;13;3;0.0;1019;7;66;9;6;1.1;1015;2;43;7;0;0.0;1014;7;37;7;1;0.0;1018;9;6;10;2;0.0;1023;8;16;13;3;0.0;1016;6
40;323;10;5;0.0;1020;7;58;8;1;0.0;1021;4;48;8;3;0.2;1021;4;23;12;3;0.0;1020;5;55;10;7;0.4;1018;10;11;8;-1;0.0;1018;6;48;6;2;0.0;1022;6;76;9;4;1.3;1022;9;60;11;3;0.2;1016;5
11;324;11;4;0.0;1022;6;31;10;4;0.0;1022;6;14;11;3;0.0;1023;4;13;13;4;0.0;1022;4;54;9;4;0.6;1021;8;17;6;-1;0.0;1020;6;59;5;3;0.0;1026;9;66;11;8;0.8;1024;19;85;8;5;1.8;1018;6
39;325;10;2;0.0;1023;5;46;9;4;1.2;1022;9;24;9;1;0.0;1023;3;26;12;3;0.0;1023;3;83;9;6;0.4;1022;4;14;7;0;0.0;1019;9;20;4;0;0.0;1027;11;32;8;2;0.0;1027;14;79;9;1;0.6;1020;4
54;326;11;6;0.7;1025;4;75;8;3;0.2;1025;5;59;8;2;0.8;1025;3;20;10;2;0.0;1026;3;95;10;7;0.3;1024;2;65;6;1;0.0;1025;6;55;4;0;0.0;1026;9;44;9;2;0.0;1028;9;57;11;0;0.0;1023;3
98;327;8;6;2.7;1025;5;83;6;3;2.6;1024;4;92;7;3;1.2;1024;3;49;10;2;0.0;1025;3;94;10;7;1.0;1023;3;42;7;1;0.0;1022;9;75;4;1;0.0;1026;6;21;7;1;0.0;1027;4;84;11;3;2.4;1022;3
57;328;10;3;0.0;1025;4;93;6;2;0.2;1024;6;90;6;4;0.4;1025;5;55;10;5;0.1;1025;3;34;12;5;0.0;1024;4;48;8;2;0.0;1021;9;72;5;1;0.0;1024;6;60;8;5;0.0;1026;6;55;11;3;0.3;1024;3
40;329;10;5;0.0;1023;8;85;7;5;1.0;1021;12;82;7;4;0.5;1023;8;14;11;2;0.0;1023;3;27;13;5;0.0;1021;7;29;11;4;0.0;1017;14;63;7;3;0.1;1021;7;10;8;2;0.0;1025;4;23;11;1;0.0;1022;6
64;330;8;4;0.2;1018;9;94;7;5;1.6;1016;12;85;6;3;0.4;1019;8;19;12;3;0.0;1020;6;17;15;7;0.0;1017;14;57;9;5;1.6;1012;9;50;7;3;0.0;1016;10;13;10;3;0.0;1021;8;17;10;1;0.0;1019;9
21;331;12;5;0.0;1011;15;90;8;6;2.0;1008;9;54;7;4;0.2;1013;10;7;12;4;0.0;1014;9;39;15;7;0.1;1010;14;80;8;5;1.5;1007;5;64;7;4;0.1;1010;10;4;11;5;0.0;1017;5;52;10;2;0.1;1015;11
46;332;8;5;0.1;1005;12;76;9;6;1.0;1002;18;62;8;4;0.5;1007;8;40;15;6;1.5;1008;13;69;14;8;4.2;1001;10;93;6;4;3.1;1002;12;68;8;5;0.0;1005;9;30;11;5;0.0;1012;10;74;10;4;1.6;1005;12
57;333;14;9;9.9;994;17;77;11;6;4.1;991;26;66;8;4;4.2;996;10;25;16;9;2.4;998;21;42;13;7;2.4;992;12;98;1;1;30.7;997;23;32;10;5;0.5;994;13;27;16;7;4.5;1003;5;50;8;4;7.6;996;17
59;334;5;3;2.2;1003;14;62;4;0;0.0;1005;15;56;6;2;3.9;1002;6;55;14;7;4.0;1003;12;86;4;2;22.3;1003;10;56;0;-4;0.2;1009;8;61;7;3;0.1;1000;13;11;15;8;0.2;1005;8;71;9;4;9.5;1001;10
30;335;5;-1;0.0;1014;8;12;2;-2;0.0;1015;7;32;3;-1;0.0;1013;10;59;7;3;2.3;1012;5;78;4;1;0.9;1014;5;29;2;-5;0.0;1015;3;64;2;-1;1.5;1014;7;24;13;7;0.0;1010;8;96;5;1;2.6;1011;4
91;336;3;0;9.4;1012;10;57;1;-3;1.1;1014;6;82;2;-2;7.3;1012;5;69;9;3;3.1;1010;5;95;3;1;4.2;1011;9;79;0;-6;3.6;1014;16;72;2;-1;1.1;1015;8;60;8;5;5.5;1013;17;68;6;0;6.8;1009;6
42;337;1;-4;2.0;1010;21;44;1;-3;0.1;1013;14;65;0;-1;3.5;1008;14;100;2;1;11.1;1007;13;39;2;-1;0.9;1014;6;85;0;-3;4.3;1015;15;88;0;-3;8.8;1008;12;65;10;5;26.9;1001;24;94;0;-7;19.0;1011;11
52;338;3;-2;2.4;1007;13;79;0;-3;2.5;1004;14;48;-1;-6;1.9;1007;11;47;2;-4;0.2;1009;10;63;8;0;12.6;1006;13;95;2;0;7.9;1002;18;80;0;-3;0.5;1004;12;28;6;3;0.0;1008;9;35;1;-10;0.5;1011;12
70;339;1;-3;3.1;1003;10;61;1;-4;0.1;1003;6;88;0;-3;2.8;1002;5;92;2;1;11.5;1002;6;80;1;-1;3.3;1004;5;97;1;-1;9.4;1005;13;87;1;-2;1.6;1001;9;64;6;0;5.4;1002;10;95;2;-2;16.1;1001;9
37;340;3;-2;0.0;1011;11;62;1;-4;0.6;1011;12;23;0;-5;0.0;1010;4;53;2;-2;0.0;1011;4;61;4;-1;3.1;1011;4;77;-1;-4;1.9;1014;17;20;-3;-6;0.0;1009;7;82;4;1;0.1;1008;8;60;-1;-7;0.6;1010;6
24;341;-1;-7;0.0;1016;11;31;-5;-9;0.1;1016;8;60;-4;-9;0.1;1015;4;26;-1;-3;0.0;1016;6;57;1;-1;2.1;1015;8;47;-2;-8;0.4;1012;14;86;-2;-5;1.9;1012;4;48;4;0;0.0;1015;6;72;-2;-7;1.6;1016;7
69;342;-4;-6;0.7;1015;21;33;-4;-8;0.2;1019;13;48;-4;-9;0.0;1018;12;73;1;-3;10.9;1012;15;88;-2;-4;29.9;1011;25;29;-4;-9;0.0;1021;9;76;-3;-6;1.3;1020;5;49;4;-1;0.2;1017;15;90;0;-6;20.5;1005;11
24;343;-3;-7;0.0;1016;19;24;-6;-11;0.7;1020;9;55;-4;-7;0.4;1016;22;98;-4;-4;17.0;1012;15;16;-5;-11;0.0;1020;11;79;-2;-10;7.6;1021;18;39;-4;-7;0.5;1020;6;99;5;2;30.0;1007;22;74;-7;-19;9.3;1016;10
71;344;-2;-5;0.4;1012;9;98;-1;-5;5.6;1008;13;53;-6;-11;0.4;1012;8;54;-6;-13;0.1;1014;6;63;-3;-9;0.6;1012;5;98;1;-1;6.7;1008;23;69;-4;-7;0.2;1010;6;57;-1;-2;4.5;1009;18;37;-2;-19;0.3;1013;4
71;345;-1;-6;0.2;1014;8;87;-1;-7;1.1;1015;11;79;-3;-7;0.5;1014;6;68;-2;-6;3.2;1013;9;74;-1;-13;1.8;1015;4;86;-2;-6;1.4;1022;12;73;-4;-8;0.1;1014;4;47;2;-1;12.1;1011;16;98;-4;-7;10.5;1012;9
50;346;-3;-7;0.0;1019;20;47;-5;-9;0.3;1022;14;88;-2;-6;3.0;1017;13;100;-4;-7;8.8;1018;13;43;-3;-13;0.1;1023;6;72;-5;-10;0.5;1025;10;92;-4;-5;1.4;1017;8;67;-2;-4;6.5;1013;22;60;-7;-22;0.8;1023;6
23;347;-3;-9;0.0;1025;12;65;-7;-10;0.0;1022;8;60;-6;-11;0.4;1024;9;33;-6;-12;0.1;1027;10;31;-4;-15;0.0;1023;8;65;-5;-10;0.1;1018;12;69;-4;-8;0.5;1021;12;26;-2;-5;0.0;1025;16;10;-6;-22;0.0;1026;7
81;348;-3;-5;0.9;1022;15;87;-4;-7;1.6;1018;18;75;-5;-8;0.1;1025;10;28;-1;-8;0.0;1026;13;86;1;-2;0.2;1019;13;53;0;-3;1.3;1009;17;39;-3;-8;0.0;1023;13;13;-4;-16;0.0;1031;6;63;1;-11;0.8;1023;11
86;349;1;-3;22.0;1014;16;96;1;-2;6.1;1010;13;79;-1;-4;13.2;1016;11;64;1;-3;5.6;1019;17;69;5;2;6.2;1011;14;92;3;-1;11.5;1007;13;82;-1;-4;5.3;1016;18;38;-2;-9;0.1;1028;9;93;1;-2;3.0;1017;16
90;350;3;1;4.9;1015;6;77;2;-1;2.7;1013;8;97;1;-2;3.9;1015;5;91;1;-1;3.6;1016;10;68;6;0;0.0;1014;4;95;5;2;7.0;1010;17;100;1;-2;7.9;1013;10;97;1;-2;1.9;1020;6;98;4;1;10.3;1014;8
96;351;1;0;1.5;1014;8;100;2;0;3.1;1012;12;99;2;0;0.8;1014;5;39;3;-1;0.0;1015;6;100;5;2;1.0;1012;5;100;3;1;8.4;1009;11;99;0;-2;3.3;1015;13;100;1;0;3.2;1017;10;83;4;-1;2.0;1012;5
86;352;2;0;10.1;1014;8;99;2;0;0.4;1015;5;45;2;-3;0.2;1014;4;43;4;0;0.9;1013;9;100;3;1;8.8;1013;12;99;3;0;4.5;1015;9;99;-3;-4;1.4;1018;13;98;1;-1;2.9;1017;25;93;2;-1;21.9;1007;8
85;353;2;-2;1.8;1020;8;65;3;0;0.0;1022;9;93;0;-4;0.0;1021;13;89;3;0;0.6;1019;4;77;2;-3;7.8;1021;6;54;4;1;0.0;1024;6;91;-5;-9;0.4;1027;10;87;-1;-3;2.3;1020;24;96;-1;-4;4.6;1017;9
46;354;3;-1;0.2;1022;3;26;0;-3;0.1;1023;11;84;-3;-5;0.0;1023;12;38;2;-2;0.0;1021;4;41;4;-2;0.1;1022;5;42;3;-1;0.1;1019;14;89;-7;-9;0.0;1029;10;100;-3;-5;8.1;1022;6;76;0;-10;1.9;1021;6
7;355;4;-1;0.0;1018;5;68;0;-2;0.1;1017;6;9;-2;-7;0.0;1018;6;13;1;-2;0.0;1017;4;63;3;0;0.0;1016;5;100;2;0;9.0;1014;7;97;-8;-11;0.2;1023;11;97;-4;-6;0.7;1020;4;48;-1;-15;0.0;1016;4
18;356;2;-4;0.0;1022;5;62;-1;-4;0.0;1022;6;11;-4;-8;0.0;1023;8;22;0;-3;0.0;1022;4;46;2;-2;0.2;1022;4;90;3;0;6.7;1018;12;98;-7;-9;0.5;1025;6;89;-5;-8;0.4;1023;3;45;-3;-16;0.0;1021;5
74;357;-1;-4;5.4;1021;11;92;-1;-4;16.0;1017;19;67;-5;-8;1.0;1022;9;53;1;-5;0.1;1023;5;47;5;0;0.2;1019;6;99;9;7;22.3;1011;26;76;-10;-13;0.1;1023;13;95;-2;-4;0.7;1025;7;47;0;-13;0.0;1021;7
59;358;2;-1;1.3;1020;9;94;1;-2;4.4;1016;12;99;0;-3;3.4;1019;12;54;3;0;1.1;1022;9;10;6;1;0.0;1020;10;26;10;6;0.0;1011;15;98;1;-4;7.2;1013;13;63;-2;-5;0.0;1025;12;11;4;-3;0.0;1022;11
65;359;4;1;0.1;1015;13;93;2;0;1.2;1012;10;90;0;-2;1.0;1016;11;15;6;2;0.0;1018;10;15;11;5;0.0;1016;21;55;10;6;1.1;1007;16;48;1;-1;0.0;1009;15;36;3;-1;0.0;1020;12;23;4;0;0.0;1021;15
76;360;5;2;4.2;1016;9;77;4;0;1.3;1015;10;100;2;0;1.9;1016;5;24;8;3;0.0;1017;8;61;10;7;13.8;1016;10;76;8;4;0.4;1013;21;58;2;1;0.2;1011;13;19;5;3;0.0;1017;15;64;5;0;0.1;1019;12
31;361;4;1;0.1;1017;12;70;2;0;12.0;1014;12;52;2;-2;0.8;1016;9;56;6;3;2.4;1019;9;23;6;1;0.2;1018;10;95;7;4;18.1;1010;24;70;3;1;1.5;1010;15;36;6;2;0.0;1017;14;95;5;2;10.7;1019;8
65;362;5;2;2.1;1020;13;46;4;-2;1.1;1022;14;64;2;0;2.1;1020;12;73;6;2;1.5;1018;11;47;7;4;5.0;1021;11;75;5;2;2.9;1025;14;39;1;-1;0.2;1020;12;73;6;1;0.0;1017;11;99;4;1;27.1;1018;11
5;363;4;-1;0.0;1031;8;14;0;-3;0.0;1029;11;10;0;-4;0.0;1031;8;43;5;0;0.1;1031;8;6;4;0;0.0;1030;5;37;5;1;0.1;1022;14;25;-1;-3;0.0;1029;10;14;3;-1;0.0;1031;13;83;-1;-3;3.6;1028;10
5;364;5;-1;0.0;1028;5;22;-1;-3;0.0;1026;14;7;0;-4;0.0;1027;8;2;5;-1;0.0;1028;4;7;4;-2;0.0;1026;3;57;7;4;0.0;1022;19;24;0;-2;0.3;1023;13;1;2;-7;0.0;1031;4;5;7;-4;0.0;1024;5
6;365;4;-1;0.0;1027;8;20;3;-1;0.0;1025;10;18;-1;-5;0.0;1027;5;3;3;-2;0.0;1028;3;3;6;-2;0.0;1027;4;48;6;2;0.0;1021;15;37;1;-1;0.0;1021;14;5;1;-3;0.0;1027;9;3;4;-4;0.0;1027;5
