cloudcover;day;maxtemp;mintemp;precipMM;pressure;windspeed;cloudcover;maxtemp;mintemp;precipMM;pressure;windspeed;cloudcover;maxtemp;mintemp;precipMM;pressure;windspeed;cloudcover;maxtemp;mintemp;precipMM;pressure;windspeed;cloudcover;maxtemp;mintemp;precipMM;pressure;windspeed;cloudcover;maxtemp;mintemp;precipMM;pressure;windspeed;cloudcover;maxtemp;mintemp;precipMM;pressure;windspeed;cloudcover;maxtemp;mintemp;precipMM;pressure;windspeed;cloudcover;maxtemp;mintemp;precipMM;pressure;windspeed
23;244;26;19;0.4;1018;15;33;22;18;0.9;1021;13;32;26;18;4.2;1018;7;20;28;19;1.2;1018;6;26;26;19;1.7;1020;5;39;19;13;0.8;1025;11;56;21;17;2.1;1016;13;7;29;22;0.0;1018;7;13;24;4;0.0;1019;6
29;245;23;14;0.0;1022;16;52;22;13;0.0;1022;14;25;21;12;0.0;1019;10;25;23;15;0.4;1021;9;46;23;12;4.5;1023;6;50;21;12;0.6;1026;15;74;18;13;4.8;1015;17;12;30;21;0.0;1017;8;23;21;6;0.5;1022;7
28;246;24;14;1.1;1020;23;63;20;16;3.5;1022;15;36;22;13;2.1;1018;12;68;19;12;7.3;1021;8;44;29;15;0.0;1023;6;31;25;14;0.0;1026;11;62;19;13;5.3;1014;18;20;27;17;0.4;1017;12;34;23;4;0.3;1023;6
9;247;28;14;0.0;1024;6;62;25;18;0.9;1024;5;12;24;13;0.0;1023;9;2;24;14;0.0;1023;6;36;28;19;0.0;1024;3;7;28;16;0.0;1024;6;23;21;13;0.0;1023;11;11;27;18;0.0;1020;12;39;23;8;0.2;1024;6
18;248;28;18;0.0;1020;5;28;26;18;0.1;1020;6;10;24;15;0.0;1021;9;18;26;18;0.0;1019;6;15;28;20;0.0;1019;4;0;29;16;0.0;1018;8;7;21;13;0.1;1022;8;12;27;19;0.0;1019;6;3;25;4;0.0;1019;5
5;249;27;16;0.0;1018;8;0;25;14;0.0;1017;8;0;23;12;0.0;1019;12;2;24;15;0.0;1016;8;4;28;18;0.0;1016;4;2;30;14;0.0;1013;8;1;21;13;0.0;1020;9;22;27;18;0.0;1016;8;5;24;4;0.0;1016;5
1;250;31;19;0.0;1020;4;0;26;17;0.0;1019;7;0;25;13;0.0;1020;10;0;25;15;0.0;1019;7;10;28;17;0.0;1019;5;5;31;17;0.0;1016;8;3;23;12;0.0;1022;8;15;29;19;0.0;1018;6;1;25;5;0.0;1018;5
6;251;29;18;0.0;1022;8;14;26;16;0.0;1020;13;0;27;13;0.0;1023;6;0;27;17;0.0;1021;4;10;29;17;0.0;1020;6;51;26;16;0.1;1017;9;0;23;12;0.0;1025;8;21;30;20;0.0;1022;7;3;28;5;0.0;1021;4
33;252;21;17;8.3;1019;6;49;20;14;3.1;1017;11;41;24;15;3.0;1019;7;43;27;17;3.1;1019;9;45;26;17;9.9;1017;8;60;18;13;18.2;1019;15;25;26;14;0.6;1018;12;26;29;19;0.0;1021;9;27;23;11;0.9;1019;8
26;253;26;15;0.0;1017;7;24;23;14;1.2;1017;9;24;24;14;0.0;1018;4;20;26;16;0.0;1017;5;40;26;15;1.4;1017;4;71;16;11;2.4;1016;13;43;21;14;1.5;1018;8;28;32;23;0.7;1017;4;31;25;7;2.0;1017;5
50;254;20;15;0.7;1014;8;53;20;11;3.7;1016;6;62;21;15;4.4;1014;6;44;27;19;4.0;1014;9;72;19;12;21.6;1015;6;76;13;9;5.4;1016;16;50;24;15;5.6;1015;9;36;30;21;5.8;1015;12;63;23;10;4.3;1015;7
50;255;19;14;1.7;1015;10;41;20;13;0.0;1015;9;66;24;14;1.3;1014;4;59;24;17;6.5;1013;5;99;13;11;8.8;1015;6;88;14;10;11.3;1016;11;80;16;13;3.7;1015;7;15;32;23;5.3;1013;7;60;19;8;5.6;1014;8
29;256;18;12;0.2;1017;17;80;17;11;1.3;1017;9;37;22;13;6.5;1015;6;33;23;14;0.0;1016;9;38;23;13;0.0;1018;2;73;16;9;2.2;1021;10;36;19;11;0.0;1015;8;27;29;23;5.8;1012;12;63;18;6;2.6;1017;5
71;257;16;12;11.9;1015;16;71;18;11;25.2;1015;11;37;19;11;0.2;1013;7;77;14;11;12.8;1017;9;11;24;13;0.0;1017;7;65;18;9;4.5;1016;8;49;20;11;0.0;1011;8;45;23;17;0.3;1014;14;19;20;1;0.2;1018;7
34;258;25;14;0.0;1012;8;55;23;14;0.1;1011;4;54;22;12;1.1;1012;6;41;24;12;0.0;1013;6;28;26;13;0.0;1012;9;91;18;14;2.4;1011;6;45;20;12;0.0;1010;6;7;26;15;0.0;1011;10;12;24;5;0.0;1015;8
34;259;25;16;0.3;1006;7;66;20;16;2.0;1006;7;47;22;14;3.9;1006;7;20;27;17;0.0;1007;6;55;26;17;5.6;1006;5;88;14;10;6.0;1006;14;88;18;13;3.7;1005;7;8;27;19;0.0;1009;6;40;24;8;0.4;1008;5
66;260;15;10;8.6;1001;17;53;14;11;14.1;1003;14;72;18;14;28.0;1000;10;48;26;17;18.3;1001;14;82;15;11;38.0;1004;9;67;13;8;1.2;1008;15;89;18;15;7.4;999;11;28;28;19;0.2;1003;9;81;19;4;7.4;1004;12
51;261;17;8;0.8;1005;13;68;10;8;6.0;1003;10;53;17;9;1.6;1003;10;39;19;9;0.0;1006;10;51;18;7;0.5;1006;7;88;14;12;22.8;1001;17;64;16;10;3.4;1000;10;26;21;12;2.4;1003;19;15;21;-1;0.0;1008;5
19;262;18;12;0.9;1008;20;28;15;9;0.1;1010;14;67;14;10;2.2;1006;6;64;14;13;6.4;1009;10;79;17;12;7.3;1010;5;59;15;8;2.0;1013;13;87;11;9;5.7;1004;10;48;20;14;2.3;1007;10;50;11;3;4.1;1010;7
24;263;19;10;0.0;1016;13;36;17;9;1.2;1016;9;23;19;9;0.0;1014;6;19;19;9;0.0;1016;6;9;23;12;0.0;1017;4;75;14;9;1.6;1017;13;36;18;9;0.0;1011;15;35;21;14;0.0;1014;9;11;19;0;0.0;1017;5
26;264;20;12;0.0;1020;19;47;16;12;1.9;1022;13;38;18;11;2.0;1019;8;46;21;13;4.3;1019;9;20;23;12;0.0;1022;4;57;16;10;0.5;1026;9;46;18;10;0.2;1017;12;16;23;14;0.0;1017;9;14;18;4;0.0;1020;8
15;265;22;11;0.0;1025;10;25;19;10;0.0;1026;7;21;20;9;0.0;1024;5;7;20;11;0.0;1023;8;25;22;11;0.0;1026;4;9;20;9;0.0;1027;7;54;16;9;0.3;1021;13;24;25;14;0.0;1020;5;50;16;4;0.3;1024;7
27;266;21;12;0.0;1018;23;42;19;12;0.0;1020;18;55;19;12;0.6;1015;8;59;19;11;0.5;1018;10;7;24;12;0.0;1021;5;44;19;11;0.0;1024;8;67;16;13;6.0;1009;18;37;23;15;0.0;1014;11;11;18;0;0.0;1021;6
31;267;22;14;0.1;1014;19;51;21;14;0.0;1015;16;68;19;13;1.7;1012;8;55;22;14;0.1;1014;11;1;26;15;0.0;1016;3;28;22;9;0.0;1018;4;35;15;9;0.3;1008;18;19;25;15;0.0;1010;11;6;23;2;0.0;1017;3
8;268;24;14;0.0;1014;8;25;20;12;0.0;1014;6;42;18;9;1.8;1015;7;5;24;14;0.0;1014;5;6;25;14;0.0;1014;7;35;22;10;0.0;1012;8;34;15;7;0.0;1014;10;12;27;16;0.0;1014;9;1;24;6;0.0;1015;8
24;269;25;14;0.1;1012;13;51;20;14;0.8;1012;12;58;22;10;1.9;1011;11;27;25;16;1.9;1012;10;16;25;13;0.8;1014;9;60;20;12;0.0;1014;12;87;10;7;12.4;1012;8;6;26;16;0.0;1012;10;9;23;6;0.0;1015;9
16;270;19;10;0.0;1018;8;18;16;7;0.0;1019;5;27;16;6;0.0;1017;7;33;19;13;0.0;1016;7;90;15;12;2.6;1017;8;23;18;8;0.0;1018;7;43;11;6;0.8;1016;12;32;19;17;0.0;1013;15;48;21;6;2.3;1016;4
14;271;22;8;0.0;1016;4;9;17;7;0.0;1017;3;24;18;8;0.0;1016;3;34;20;14;0.2;1016;4;67;19;11;0.1;1015;3;21;18;5;0.0;1014;11;60;12;7;2.8;1015;10;36;22;13;0.0;1015;9;54;23;4;1.4;1015;3
22;272;18;10;0.0;1016;12;19;16;7;0.0;1016;11;22;16;8;0.0;1017;9;74;15;13;17.4;1014;6;98;11;8;27.8;1013;9;38;17;6;0.0;1012;17;37;14;7;0.1;1019;6;85;15;13;11.5;1016;14;80;19;9;3.7;1012;7
85;273;13;10;3.2;1011;16;26;15;6;0.0;1013;14;45;14;5;0.0;1013;14;98;12;11;51.0;1009;9;100;10;8;9.8;1010;12;23;16;6;0.0;1011;16;11;13;6;0.0;1019;9;100;12;10;51.6;1014;28;100;15;9;22.9;1005;6
25;274;18;9;0.0;1011;10;5;13;4;0.0;1014;14;10;14;4;0.0;1013;15;99;12;11;13.8;1010;4;33;16;7;1.5;1011;6;30;16;6;0.0;1014;10;23;10;5;0.1;1019;10;92;9;8;45.7;1009;28;91;10;8;3.6;1008;8
31;275;15;7;0.0;1020;14;11;12;4;0.0;1023;16;20;9;5;0.0;1022;18;93;10;7;8.6;1018;8;23;15;5;0.0;1020;8;1;15;3;0.0;1022;15;14;9;2;0.0;1026;10;79;10;7;1.5;1019;13;71;10;3;0.8;1017;8
3;276;13;5;0.0;1030;12;0;10;2;0.0;1031;8;7;9;2;0.0;1031;14;12;11;3;0.0;1028;8;18;13;5;0.0;1029;8;12;15;1;0.0;1024;15;24;10;3;0.0;1033;7;54;11;4;0.0;1027;8;21;9;-1;0.1;1027;8
0;277;15;5;0.0;1032;7;0;11;2;0.0;1030;14;0;12;1;0.0;1032;5;0;12;3;0.0;1031;6;13;13;5;0.0;1031;5;30;18;3;0.0;1022;14;4;12;3;0.0;1034;5;14;11;5;0.0;1031;6;2;13;-3;0.0;1029;6
4;278;15;5;0.0;1027;9;11;13;3;0.0;1024;16;8;13;3;0.0;1027;6;0;17;4;0.0;1027;5;43;12;4;0.0;1024;3;68;11;7;16.5;1019;6;9;13;3;0.0;1027;9;3;14;7;0.0;1029;4;7;20;-1;0.1;1025;5
25;279;17;6;0.0;1025;6;70;14;7;0.0;1024;6;32;15;4;0.0;1025;5;34;19;6;0.0;1025;5;42;18;8;0.0;1023;4;50;17;8;0.7;1023;4;25;15;4;0.0;1024;8;17;17;9;0.0;1028;5;38;19;4;1.3;1023;5
26;280;21;10;0.0;1026;5;9;18;6;0.0;1027;3;10;19;7;0.0;1027;2;22;20;8;0.0;1026;5;35;17;8;0.1;1026;4;5;19;7;0.0;1026;7;1;17;8;0.0;1027;5;4;18;9;0.0;1028;5;50;13;5;4.2;1024;4
11;281;21;10;0.0;1026;7;8;19;9;0.0;1026;8;8;20;10;0.0;1026;4;20;23;10;0.0;1026;5;44;19;9;0.0;1025;3;6;18;5;0.0;1024;5;4;20;8;0.0;1027;3;14;18;9;0.0;1029;10;78;18;6;5.6;1024;4
61;282;18;13;1.5;1020;6;57;14;11;0.3;1020;8;28;20;9;0.0;1020;5;46;15;11;0.0;1021;5;53;20;10;0.8;1019;4;68;14;8;0.4;1020;8;27;20;9;0.0;1019;6;26;18;10;0.0;1024;10;67;17;8;7.6;1019;6
71;283;19;11;1.6;1013;9;68;15;9;3.8;1011;15;83;14;9;1.3;1015;7;49;21;12;2.0;1015;9;41;21;9;0.9;1011;9;83;10;6;9.1;1010;14;42;18;9;0.0;1014;9;29;22;13;0.0;1017;5;82;17;6;0.2;1014;11
36;284;22;11;0.0;1016;15;76;21;12;5.0;1015;17;34;20;8;0.0;1018;4;11;25;13;0.0;1017;11;60;22;12;9.3;1012;9;76;8;5;6.1;1016;6;12;19;10;0.0;1021;9;12;23;16;0.0;1020;9;70;18;5;0.2;1015;12
13;285;23;13;0.2;1020;10;45;20;12;4.4;1019;13;26;23;12;0.0;1022;5;14;27;15;0.0;1021;9;31;21;9;0.6;1019;4;60;8;1;1.2;1019;7;27;19;10;0.0;1025;12;15;22;14;0.0;1024;12;64;21;8;0.2;1020;10
30;286;24;15;0.1;1020;6;54;16;11;0.1;1021;9;33;20;13;1.8;1020;6;22;24;16;2.3;1021;6;23;22;10;0.0;1021;5;31;13;3;1.2;1022;8;41;19;10;1.9;1022;9;21;21;13;0.0;1024;9;50;22;10;0.1;1021;7
37;287;22;11;0.0;1021;5;22;17;8;0.0;1021;4;9;20;9;0.0;1021;4;22;24;15;1.7;1020;3;31;20;9;0.0;1021;4;50;14;5;0.9;1020;9;46;18;9;0.0;1022;6;14;23;15;0.0;1021;6;56;21;6;1.1;1020;3
57;288;19;14;4.6;1015;8;45;16;7;0.0;1014;5;86;14;11;3.0;1015;5;29;21;14;9.4;1016;8;20;21;10;0.2;1015;10;86;12;7;9.3;1013;13;46;17;9;0.0;1015;5;38;21;14;0.7;1017;8;59;18;7;1.0;1017;9
67;289;13;10;5.9;1007;16;52;13;8;2.8;1011;13;100;12;7;37.4;1007;10;86;16;11;23.1;1006;10;47;17;11;10.0;1010;7;57;12;9;2.4;1014;10;44;15;9;0.0;1009;6;40;23;15;6.6;1006;11;90;12;4;18.4;1009;10
28;290;15;7;0.5;1014;18;55;13;5;0.1;1016;10;22;15;8;0.0;1012;13;72;16;10;3.8;1011;10;2;17;7;0.0;1017;6;61;13;8;0.8;1017;15;27;14;6;0.0;1013;5;91;16;14;30.3;1006;15;58;10;2;6.8;1015;9
34;291;15;10;0.4;1017;18;43;15;8;0.6;1018;15;28;14;6;0.5;1015;8;45;15;8;1.0;1017;9;2;20;7;0.0;1019;4;54;13;10;0.9;1020;9;83;11;7;2.5;1010;16;31;20;13;1.0;1012;10;6;17;0;0.0;1019;3
8;292;15;8;0.0;1025;11;19;14;6;0.0;1023;14;6;11;4;0.0;1025;8;6;16;7;0.0;1025;4;6;17;6;0.0;1023;6;13;16;4;0.0;1017;12;14;9;3;0.0;1025;8;7;18;11;0.0;1024;6;15;17;1;0.0;1023;5
20;293;19;9;0.0;1023;9;35;14;6;0.0;1021;8;15;14;4;0.0;1023;9;11;20;9;0.0;1025;10;15;22;9;0.0;1023;14;58;16;11;1.5;1018;12;32;15;5;0.0;1019;13;13;19;9;0.0;1028;8;7;18;4;0.0;1026;11
32;294;22;12;0.0;1021;8;21;19;9;0.0;1020;6;24;18;9;0.0;1021;6;30;21;11;0.3;1023;8;46;21;14;0.3;1022;10;36;19;9;0.1;1019;10;66;17;11;3.0;1017;11;11;21;11;0.0;1022;13;12;20;5;0.0;1024;8
49;295;22;13;0.2;1020;9;46;19;11;0.0;1019;9;80;17;10;0.1;1022;5;20;23;13;0.0;1022;5;16;23;13;0.0;1020;12;41;20;12;0.1;1014;13;47;18;10;0.0;1021;7;6;22;15;0.0;1022;7;8;22;7;0.0;1022;6
25;296;24;14;0.1;1017;16;61;16;14;1.0;1014;10;38;20;13;0.6;1019;12;11;24;14;0.0;1021;13;3;25;13;0.0;1018;15;48;18;11;2.5;1012;10;39;19;11;0.0;1018;14;5;22;14;0.0;1026;11;2;22;9;0.0;1021;9
16;297;22;15;0.0;1020;6;39;17;12;2.5;1020;5;34;19;12;0.0;1021;9;9;24;14;0.0;1022;9;22;24;14;0.0;1021;4;18;18;9;0.0;1019;7;38;17;12;0.4;1018;10;6;22;13;0.0;1026;9;3;23;9;0.0;1021;7
5;298;23;15;0.0;1021;6;39;20;10;0.0;1021;6;8;21;12;0.0;1022;4;4;24;14;0.0;1023;5;5;23;13;0.0;1021;8;22;19;8;0.0;1018;11;28;19;10;0.0;1022;6;8;22;14;0.0;1024;5;7;24;9;0.0;1022;4
7;299;24;14;0.0;1020;8;30;18;11;0.0;1019;7;14;19;12;0.0;1020;8;4;23;13;0.0;1022;6;7;23;13;0.0;1021;9;17;21;11;0.0;1017;12;41;19;11;0.0;1017;11;8;22;12;0.0;1023;6;13;21;6;0.0;1022;5
9;300;22;14;0.0;1016;11;27;18;11;3.4;1015;9;34;19;11;0.0;1017;9;2;23;13;0.0;1019;8;13;23;12;0.0;1018;14;46;19;14;10.1;1013;18;39;19;12;0.0;1013;11;1;22;12;0.0;1020;13;9;21;7;0.0;1020;9
16;301;22;13;0.0;1016;14;46;19;14;1.2;1013;15;21;19;10;0.0;1016;10;14;22;13;0.0;1018;5;23;23;14;0.0;1017;13;60;18;13;1.2;1009;19;24;18;12;0.5;1010;16;9;22;13;0.0;1017;10;23;20;7;0.0;1019;7
56;302;18;14;0.2;1015;8;45;14;11;3.4;1016;8;68;15;11;0.6;1015;5;5;24;14;0.0;1016;7;9;25;13;0.0;1015;9;69;12;11;5.7;1016;14;45;18;13;0.0;1013;10;5;24;16;0.0;1017;6;1;23;7;0.0;1017;7
15;303;18;11;0.0;1020;13;64;11;7;2.1;1023;6;69;13;10;2.9;1021;10;3;25;15;0.0;1018;7;30;15;9;0.0;1021;10;9;12;6;0.0;1025;9;47;11;10;4.0;1021;9;24;23;15;0.0;1019;5;13;23;8;0.1;1018;6
9;304;17;8;0.0;1027;8;4;12;5;0.0;1028;7;5;13;4;0.0;1028;9;15;18;11;0.0;1025;5;19;15;6;0.0;1027;5;0;14;3;0.0;1026;6;3;13;5;0.0;1029;7;12;20;15;0.0;1025;15;42;14;6;0.3;1024;6
29;305;16;9;0.0;1023;6;11;12;5;0.0;1022;8;26;13;6;0.0;1023;8;6;20;10;0.0;1024;5;16;17;5;0.0;1022;3;31;11;2;0.0;1020;9;33;12;3;0.0;1022;9;52;18;11;0.0;1026;9;8;19;5;0.0;1022;5
39;306;18;9;0.6;1015;12;68;11;7;0.5;1013;10;81;14;8;1.5;1016;10;12;20;10;0.0;1018;9;42;19;9;0.9;1016;14;71;14;8;9.2;1009;17;74;12;5;0.1;1013;10;22;19;12;0.0;1019;6;30;17;5;0.0;1019;10
68;307;17;13;7.5;1009;19;61;12;8;6.0;1008;12;98;12;10;8.9;1009;12;47;22;13;1.8;1012;14;53;20;13;14.1;1010;18;57;11;8;11.0;1009;18;70;16;11;6.3;1004;14;28;21;11;0.0;1015;12;78;15;7;0.3;1015;14
61;308;14;11;2.5;1008;13;59;11;5;0.2;1005;18;52;12;5;2.4;1008;9;34;19;11;0.6;1010;11;64;16;9;1.9;1007;10;79;8;4;13.3;999;18;38;11;6;0.2;1005;16;10;22;13;0.0;1012;12;75;16;8;2.5;1010;13
81;309;13;11;16.4;998;12;72;9;6;4.8;1000;10;92;13;10;15.8;998;10;46;22;13;3.1;1000;17;85;12;7;31.9;998;11;68;7;4;3.4;1001;14;84;10;8;10.3;998;10;22;22;14;0.0;1005;8;73;15;8;2.3;999;14
36;310;13;6;0.9;1006;19;49;11;5;2.8;1004;16;38;10;7;7.9;1003;12;50;12;8;14.6;1007;9;25;12;4;0.0;1007;4;95;9;6;13.5;1005;22;77;9;5;5.7;999;12;43;21;14;2.3;1004;13;44;11;3;21.1;1006;7
49;311;17;9;2.5;1015;13;56;16;10;4.7;1013;14;81;10;4;1.9;1014;8;40;14;8;0.9;1017;9;12;17;5;0.0;1016;4;66;15;12;0.5;1011;21;83;8;4;3.8;1008;14;9;16;9;0.0;1016;8;12;18;2;0.0;1017;7
33;312;16;8;0.1;1017;9;25;14;9;0.0;1015;10;52;12;6;0.0;1017;8;8;20;10;0.0;1018;8;18;18;8;0.0;1016;10;86;14;10;2.3;1011;14;62;14;10;0.2;1013;13;7;18;11;0.0;1021;6;6;17;5;0.0;1019;11
47;313;16;11;0.0;1013;13;74;13;10;2.2;1013;10;65;11;8;1.0;1013;7;6;20;10;0.0;1015;9;51;20;11;19.5;1013;14;62;9;8;12.2;1013;17;64;13;8;0.1;1012;11;4;19;12;0.0;1018;8;26;16;4;0.0;1016;11
47;314;13;7;1.6;1009;10;62;11;5;5.1;1009;9;64;11;8;11.5;1009;6;48;16;10;1.0;1010;9;73;12;7;6.9;1007;6;86;7;4;13.6;1009;13;66;8;5;9.1;1010;3;14;17;10;0.0;1012;5;81;15;9;1.2;1009;11
60;315;9;7;8.7;1016;18;50;8;4;2.3;1024;19;31;9;5;0.2;1018;22;21;18;12;0.9;1012;10;91;8;5;37.1;1016;26;84;6;2;0.4;1030;8;42;8;2;0.0;1023;6;60;16;10;0.3;1013;18;79;11;7;7.0;1008;11
15;316;12;5;0.0;1025;9;28;6;2;0.0;1028;8;13;9;3;0.0;1026;13;38;16;8;0.0;1023;4;79;8;5;2.4;1025;9;7;8;0;0.0;1028;4;48;8;1;0.0;1030;5;85;14;12;0.8;1024;18;98;8;6;3.2;1020;10
63;317;10;7;0.0;1024;9;32;9;4;0.0;1027;9;33;12;3;0.4;1024;6;33;16;8;0.0;1023;6;81;8;5;2.7;1024;8;62;7;3;0.8;1030;7;61;5;2;0.5;1025;9;39;14;9;0.0;1023;7;99;9;5;2.0;1021;7
64;318;10;7;0.2;1023;8;48;6;1;0.4;1024;7;5;7;1;0.0;1024;11;28;14;8;0.0;1021;6;86;7;4;0.8;1022;7;45;7;-1;0.2;1024;6;29;7;1;0.0;1026;6;35;12;9;0.0;1023;13;91;9;5;1.7;1019;7
37;319;12;3;0.0;1024;6;41;9;2;0.1;1026;5;41;10;4;0.0;1025;6;16;13;5;0.0;1024;4;95;7;5;1.6;1023;9;23;6;-1;0.0;1026;10;32;5;1;0.0;1028;6;27;10;4;0.0;1027;16;78;8;2;0.6;1019;6
26;320;13;5;0.0;1029;4;30;10;5;0.0;1030;3;32;10;2;0.0;1029;6;9;12;4;0.0;1028;4;51;10;5;0.1;1028;7;28;7;0;0.0;1030;7;45;5;1;0.1;1028;10;6;11;5;0.0;1028;6;78;7;3;0.8;1026;7
55;321;13;5;0.0;1025;5;59;11;2;0.0;1025;5;16;12;4;0.0;1026;5;25;12;5;0.0;1025;4;34;10;3;0.0;1025;2;61;8;0;0.0;1024;8;57;7;4;0.4;1026;8;36;13;6;0.0;1025;10;30;10;1;0.0;1024;4
45;322;10;6;0.0;1020;9;51;9;6;0.0;1018;19;5;8;2;0.0;1021;6;16;13;3;0.0;1021;5;16;11;2;0.0;1018;4;36;8;1;0.0;1013;9;54;6;2;0.3;1022;13;30;10;5;0.0;1025;13;8;13;1;0.0;1019;6
51;323;10;4;1.3;1013;14;49;8;3;0.0;1010;20;19;7;1;0.0;1014;6;22;15;5;0.3;1015;12;59;10;4;4.0;1008;5;46;9;2;1.0;1006;6;26;9;3;0.0;1013;13;77;11;6;0.6;1021;13;52;9;3;5.1;1011;11
71;324;9;5;3.2;1005;10;78;7;4;2.6;1004;12;83;8;3;3.8;1006;8;28;16;7;0.6;1007;17;61;12;7;8.8;1002;5;99;3;0;17.1;1004;10;33;10;3;0.1;1005;12;54;12;7;0.1;1012;6;74;11;7;2.5;1004;12
50;325;10;4;2.5;1004;9;65;7;2;7.9;1003;9;90;9;6;2.3;1004;8;40;16;6;3.3;1005;10;57;8;4;12.3;1003;5;79;4;1;1.4;1000;10;90;9;6;3.6;1005;6;22;15;7;0.0;1007;5;72;10;3;7.7;1003;9
78;326;11;6;0.4;1006;10;75;10;5;0.3;1006;10;71;10;7;2.5;1007;3;26;15;9;2.3;1006;8;96;7;3;9.1;1003;8;80;7;3;0.5;1004;13;88;9;5;0.4;1009;7;59;13;10;1.3;1008;8;65;8;0;2.8;1004;11
52;327;12;6;0.9;1007;16;59;8;5;0.0;1010;17;41;10;5;0.0;1009;12;43;16;8;4.9;1006;8;100;8;4;28.4;1004;13;80;7;2;0.5;1013;15;94;9;7;0.6;1012;5;68;13;9;0.1;1009;14;56;8;3;6.4;1003;9
90;328;9;7;13.1;1006;8;83;10;7;3.4;1010;18;75;8;5;5.3;1007;7;46;13;9;9.2;1006;8;85;9;6;7.8;1008;7;63;6;2;0.5;1019;15;87;8;6;4.3;1009;8;87;14;11;7.6;1006;13;48;8;-1;0.1;1006;7
81;329;3;1;9.9;1011;23;41;4;0;0.4;1018;27;70;4;1;1.5;1010;20;97;8;3;8.0;1008;13;46;5;1;3.3;1017;16;3;3;-3;0.0;1029;10;68;2;1;3.2;1010;18;41;13;8;1.5;1004;24;88;3;-3;3.2;1012;10
41;330;3;-1;0.0;1022;14;41;2;-2;0.9;1026;18;39;3;-1;0.0;1022;16;75;3;0;0.8;1018;18;24;4;0;0.4;1023;23;40;2;-3;0.0;1033;9;64;2;-1;0.5;1022;12;78;6;4;1.9;1016;16;100;-3;-4;14.9;1017;15
15;331;4;-1;0.0;1028;12;10;2;-2;0.0;1032;13;4;2;-2;0.0;1029;17;68;6;2;1.9;1025;8;60;3;-1;0.4;1028;20;13;2;-5;0.0;1035;4;24;2;-1;0.0;1029;9;81;4;-1;4.6;1025;18;100;-3;-6;10.4;1024;9
20;332;4;-2;0.0;1029;13;58;1;-3;0.7;1029;10;29;1;-3;0.0;1026;8;65;2;0;0.2;1030;8;27;4;-2;0.0;1030;5;85;1;-3;1.2;1033;8;86;2;-1;1.6;1018;19;37;4;1;0.0;1026;22;36;2;-7;0.1;1030;3
42;333;5;1;0.0;1023;17;66;5;1;0.2;1023;15;55;4;-2;0.1;1021;6;88;2;0;1.5;1024;11;12;6;-2;0.0;1025;3;92;4;1;3.4;1025;14;88;3;1;0.3;1015;14;31;3;-1;0.0;1021;14;8;3;-7;0.0;1026;5
54;334;6;1;0.0;1020;7;54;5;0;2.6;1019;9;74;3;-1;0.8;1020;10;23;5;0;0.0;1021;6;54;6;1;0.0;1019;5;93;2;1;2.9;1020;11;93;3;2;3.3;1015;14;17;4;-2;0.0;1023;6;29;3;-7;0.2;1019;7
6;335;7;1;0.0;1026;10;42;5;0;0.0;1027;9;8;4;-3;0.0;1025;3;23;5;-1;0.0;1026;7;11;5;-1;0.0;1026;9;39;5;-1;0.1;1030;4;75;5;2;1.1;1020;17;46;5;2;0.1;1024;6;86;-1;-6;6.8;1023;9
7;336;8;-1;0.0;1032;9;12;4;1;0.0;1034;12;20;4;-1;0.0;1032;10;5;5;0;0.0;1030;11;16;6;1;0.0;1031;9;22;6;2;0.0;1033;12;34;4;-1;0.1;1030;12;20;6;1;0.0;1026;9;92;1;-4;1.1;1029;9
14;337;4;1;0.0;1035;7;38;3;0;0.0;1034;10;23;2;-3;0.0;1035;6;5;5;-1;0.0;1035;5;19;5;1;0.1;1034;4;31;5;-2;0.0;1031;7;27;3;0;0.0;1033;10;22;6;0;0.0;1037;4;69;-1;-11;0.1;1032;8
23;338;4;-2;0.0;1027;7;19;0;-3;0.0;1025;9;24;0;-4;0.0;1026;8;15;5;-2;0.0;1027;3;14;4;-1;0.0;1026;3;50;4;-2;0.2;1027;13;36;3;0;0.0;1020;14;17;2;-1;0.0;1026;17;10;2;-11;0.0;1026;3
13;339;5;-1;0.0;1023;15;41;4;0;0.3;1022;15;37;1;-4;0.0;1021;8;26;3;-1;0.0;1024;9;3;5;0;0.0;1024;5;88;4;-1;3.8;1024;20;74;3;0;1.6;1014;18;6;6;-1;0.0;1020;11;3;2;-8;0.0;1024;6
34;340;4;-1;0.3;1014;30;58;3;0;6.4;1011;32;43;2;-2;0.8;1008;25;39;3;-2;0.8;1016;12;53;4;0;1.5;1017;7;89;2;-1;2.8;1020;33;79;1;-1;5.9;993;28;38;4;-2;0.0;1014;19;44;2;-5;1.9;1017;10
44;341;3;-1;0.2;1020;32;49;1;-1;1.3;1020;26;38;2;-3;0.4;1014;22;44;3;0;2.1;1021;25;45;4;-2;0.5;1025;4;90;2;-1;1.6;1028;20;76;0;-3;3.0;1003;26;20;5;1;0.0;1017;32;31;0;-9;1.7;1026;5
58;342;5;0;0.1;1027;15;72;6;1;0.1;1026;13;46;1;-4;0.0;1025;8;92;4;1;1.7;1028;10;31;7;-1;0.0;1028;5;94;5;2;0.5;1028;15;36;0;-2;0.9;1020;16;30;4;0;0.4;1026;13;13;4;-7;0.0;1030;6
73;343;6;2;2.4;1024;25;89;6;2;6.3;1024;24;74;4;0;1.8;1020;12;91;4;1;12.8;1025;14;44;9;3;0.0;1028;10;85;5;2;1.5;1031;17;84;3;0;9.3;1015;18;55;6;0;0.4;1022;19;40;5;-3;0.0;1030;9
42;344;4;2;0.2;1036;8;54;5;1;0.0;1036;8;11;0;-5;0.0;1037;10;23;-1;-3;0.6;1035;13;72;9;3;0.2;1035;5;44;8;2;0.1;1036;6;46;-1;-3;0.0;1037;7;22;4;0;0.5;1030;12;83;2;-3;3.8;1034;9
17;345;4;-1;0.0;1039;5;69;3;0;0.0;1037;6;37;0;-5;0.0;1038;5;10;2;-1;0.0;1039;4;30;6;3;0.1;1037;4;56;7;3;0.1;1035;7;87;2;-2;0.7;1034;10;37;2;-1;0.0;1038;13;25;3;-6;0.0;1038;4
2;346;7;1;0.0;1034;4;7;3;-2;0.0;1033;3;2;3;-5;0.0;1033;3;5;2;-2;0.0;1034;6;2;8;1;0.0;1033;2;10;7;0;0.0;1031;7;98;2;1;0.3;1031;8;81;4;1;0.1;1031;8;3;5;-4;0.0;1033;4
32;347;3;-2;0.0;1028;4;20;2;-3;0.1;1027;4;10;2;-3;0.0;1027;4;70;2;-1;0.0;1028;5;14;6;-1;0.0;1027;1;1;7;0;0.0;1027;5;46;2;-1;0.1;1025;9;19;4;1;0.0;1025;9;1;6;-2;0.0;1027;3
11;348;5;-3;0.0;1029;4;38;2;-2;0.1;1028;6;5;0;-5;0.0;1028;6;25;0;-2;0.0;1029;4;10;6;-3;0.0;1028;2;37;3;-2;0.8;1030;9;86;3;0;1.9;1026;5;11;5;1;0.0;1027;9;0;7;-2;0.0;1027;2
24;349;3;-2;0.0;1034;7;48;3;-1;0.0;1033;7;34;-1;-6;0.0;1033;4;72;1;-1;0.7;1034;5;17;4;-3;0.0;1034;4;23;3;-3;0.1;1034;10;81;1;-1;0.4;1029;10;21;5;0;0.0;1031;5;31;2;-4;0.0;1033;5
19;350;6;-1;0.0;1037;5;10;3;0;0.0;1035;8;50;0;-3;0.1;1037;6;33;2;-2;0.1;1037;3;0;8;0;0.0;1036;3;9;6;0;0.0;1032;11;63;3;0;1.3;1033;10;11;4;0;0.0;1036;5;23;3;-4;0.0;1036;4
2;351;4;-1;0.0;1037;7;12;1;-4;0.0;1034;10;55;0;-4;0.1;1036;9;1;3;-5;0.0;1037;3;2;6;-1;0.0;1033;3;36;7;1;0.0;1029;9;26;3;0;0.0;1030;13;2;5;1;0.0;1037;8;0;4;-2;0.0;1034;5
25;352;4;-3;0.0;1031;6;99;-1;-3;0.7;1029;10;44;-1;-4;0.3;1030;7;0;3;-3;0.0;1031;3;42;2;-3;0.0;1028;3;21;6;0;0.0;1024;9;41;1;-1;0.0;1027;8;0;4;-2;0.0;1031;13;0;6;-1;0.0;1028;4
20;353;0;-4;0.0;1024;9;88;-2;-4;0.9;1021;14;39;-3;-6;0.0;1024;9;23;3;-4;0.0;1024;3;15;7;-2;0.0;1022;12;49;3;-1;3.6;1015;12;37;1;-1;0.0;1020;9;9;5;-2;0.0;1025;13;33;4;-3;0.0;1024;10
29;354;4;-3;0.0;1028;7;69;-1;-5;0.0;1027;5;49;0;-5;0.0;1028;7;5;3;-4;0.0;1028;4;19;9;1;0.0;1026;10;86;5;2;5.1;1024;9;35;1;-2;0.0;1024;9;2;5;-1;0.0;1027;14;11;5;-3;0.0;1028;9
20;355;3;-2;0.0;1036;8;11;3;-4;0.0;1034;7;20;1;-5;0.0;1035;5;11;3;-1;0.0;1036;4;70;7;2;1.0;1035;5;26;4;-1;0.0;1031;12;47;2;0;1.0;1031;13;6;7;-1;0.0;1034;12;7;5;-2;0.0;1035;4
59;356;3;0;0.1;1031;9;96;2;-1;0.9;1029;10;29;0;-4;0.0;1032;9;13;6;-1;0.0;1033;6;20;11;4;0.0;1030;12;72;6;2;3.1;1023;17;23;2;-1;0.0;1026;15;1;6;1;0.0;1034;8;2;5;-1;0.0;1032;8
64;357;5;0;0.3;1027;4;93;2;-1;1.5;1025;10;77;2;-1;0.2;1027;7;22;7;0;0.0;1028;4;26;11;4;0.0;1026;9;55;9;6;1.6;1020;17;77;4;1;0.1;1021;14;15;4;-1;0.0;1028;13;27;6;-2;0.0;1028;6
24;358;6;1;0.0;1022;12;56;4;0;0.5;1016;26;30;3;-1;0.1;1023;10;15;8;2;0.0;1024;8;3;11;4;0.0;1020;16;16;8;3;0.0;1007;17;17;4;0;0.0;1019;16;28;5;0;0.0;1027;9;10;4;-2;0.0;1024;10
13;359;6;-1;0.0;1012;19;63;6;3;1.1;1003;31;10;3;-3;0.0;1014;14;9;7;1;0.0;1017;13;22;12;4;0.0;1010;19;80;6;4;6.1;996;13;4;5;2;0.0;1009;20;25;5;1;0.0;1022;5;49;6;-2;0.0;1016;14
63;360;7;1;3.1;1006;17;57;7;4;0.5;1000;35;39;3;-2;0.2;1009;8;34;10;3;0.0;1010;16;86;12;8;4.4;999;12;85;6;4;2.9;996;11;12;7;4;0.0;1007;17;11;7;3;0.0;1016;10;75;4;1;5.9;1005;14
40;361;8;4;0.7;1011;9;70;7;4;3.7;1011;9;30;6;1;0.2;1012;3;49;10;4;0.0;1012;6;82;8;7;3.4;1009;10;41;5;2;0.6;1009;15;39;6;3;0.0;1011;9;57;10;4;0.0;1016;12;58;7;0;2.1;1008;6
38;362;9;4;0.0;1015;12;79;8;4;0.2;1011;27;16;5;1;0.0;1016;8;11;10;2;0.0;1017;5;10;10;2;0.0;1014;9;28;7;1;0.2;1006;13;4;7;3;0.0;1013;13;18;9;5;0.0;1020;14;46;9;1;0.3;1015;7
52;363;8;3;0.0;1018;11;69;8;3;0.0;1018;12;95;5;1;0.4;1019;8;3;10;2;0.0;1019;5;40;10;3;2.4;1018;10;71;6;3;2.1;1019;17;52;6;4;0.0;1016;13;3;11;1;0.0;1021;6;4;8;1;0.0;1018;6
64;364;8;4;1.0;1026;9;29;5;2;0.0;1028;7;43;5;1;0.0;1027;13;24;6;1;0.0;1025;5;78;8;4;1.0;1027;9;45;5;0;0.0;1028;9;38;5;0;0.0;1028;6;9;6;1;0.0;1025;8;84;5;0;0.6;1024;6
64;365;5;2;0.2;1025;9;91;5;2;2.9;1025;7;62;4;0;0.2;1026;4;71;7;1;0.0;1026;3;82;6;4;1.0;1024;5;15;4;-1;0.0;1022;11;56;4;0;0.3;1028;9;81;4;0;0.0;1029;8;81;6;-1;0.9;1023;4
