cloudcover;day;maxtemp;mintemp;precipMM;pressure;windspeed;cloudcover;maxtemp;mintemp;precipMM;pressure;windspeed;cloudcover;maxtemp;mintemp;precipMM;pressure;windspeed;cloudcover;maxtemp;mintemp;precipMM;pressure;windspeed;cloudcover;maxtemp;mintemp;precipMM;pressure;windspeed;cloudcover;maxtemp;mintemp;precipMM;pressure;windspeed;cloudcover;maxtemp;mintemp;precipMM;pressure;windspeed;cloudcover;maxtemp;mintemp;precipMM;pressure;windspeed;cloudcover;maxtemp;mintemp;precipMM;pressure;windspeed
60;244;29;18;0.3;1010;10;90;17;14;27.3;1014;12;23;28;18;0.8;1011;8;22;31;21;0.9;1009;7;92;17;13;38.6;1011;13;72;19;10;0.2;1019;9;63;23;18;4.9;1014;9;23;29;20;0.0;1012;12;48;24;11;15.0;1008;7
87;245;25;17;0.1;1011;13;84;20;14;6.2;1015;13;13;27;16;0.0;1012;12;64;31;21;0.0;1009;5;97;15;13;35.6;1014;9;62;20;12;1.2;1020;9;38;24;15;0.2;1017;13;12;31;21;0.0;1009;14;100;16;13;11.1;1008;10
36;246;28;20;5.0;1013;16;55;24;14;0.0;1018;15;37;25;17;1.8;1016;16;49;30;21;3.6;1011;6;69;21;15;8.3;1014;11;69;24;13;0.0;1021;13;10;24;14;0.0;1023;14;41;29;24;5.7;1011;21;96;17;13;21.3;1010;9
25;247;29;20;0.0;1015;18;28;27;17;0.0;1018;13;18;27;17;0.0;1019;15;40;30;20;3.1;1013;8;82;24;16;22.5;1015;9;37;27;14;0.0;1018;13;8;23;14;0.0;1025;13;33;29;21;9.9;1013;20;90;20;14;5.0;1012;6
31;248;28;19;0.0;1015;13;20;28;18;0.0;1016;6;16;28;17;0.0;1017;5;77;20;18;2.8;1015;9;70;25;18;4.9;1014;7;28;28;16;2.9;1014;5;16;23;13;0.0;1021;12;48;28;21;0.0;1014;20;92;20;14;2.7;1013;7
67;249;28;19;2.2;1014;4;35;25;19;0.4;1014;6;32;29;21;1.4;1014;3;49;20;18;4.7;1013;9;98;20;15;5.0;1013;8;45;28;18;13.2;1013;4;4;25;14;0.0;1016;9;8;27;19;0.0;1013;19;89;19;13;2.5;1011;6
41;250;29;20;0.8;1014;7;20;27;20;0.0;1014;4;11;28;19;0.1;1014;6;38;26;20;0.5;1013;8;50;24;16;0.5;1014;4;9;28;18;0.1;1013;4;2;26;15;0.0;1015;7;16;30;21;0.0;1013;8;79;20;8;0.5;1013;5
14;251;29;20;0.0;1015;7;17;27;20;0.0;1016;4;33;29;19;0.1;1015;4;31;28;20;0.0;1015;6;31;27;18;0.0;1016;3;23;26;16;0.2;1016;6;4;29;16;0.0;1016;6;14;32;24;1.2;1014;5;61;22;6;5.1;1016;4
8;252;29;21;0.0;1015;7;12;27;19;1.5;1016;6;12;28;21;0.4;1015;4;11;29;20;0.0;1016;4;8;27;18;0.0;1016;3;12;23;14;0.0;1018;8;30;27;19;13.6;1015;5;22;31;23;0.8;1015;4;42;25;5;0.6;1016;4
59;253;25;19;1.2;1013;6;24;23;16;0.0;1015;9;45;24;17;4.8;1014;7;19;29;21;0.1;1013;5;68;20;17;11.8;1014;4;26;21;11;0.0;1017;9;45;24;16;0.4;1015;5;17;31;23;2.5;1014;5;12;27;8;2.2;1014;3
77;254;21;16;18.4;1012;7;73;16;13;5.0;1014;8;42;24;15;6.0;1013;6;29;31;20;0.5;1011;11;92;16;14;12.4;1012;8;44;19;10;7.8;1016;8;66;21;15;3.5;1017;11;11;31;23;0.0;1015;10;52;20;9;4.4;1011;8
91;255;20;16;14.0;1014;11;85;17;15;28.3;1014;6;25;27;18;2.7;1015;8;42;27;21;1.6;1013;9;88;20;12;13.5;1014;6;96;14;10;21.3;1017;11;6;26;17;0.0;1018;14;20;29;20;0.0;1017;12;63;23;11;9.1;1012;5
51;256;24;18;7.9;1015;11;69;18;16;13.6;1018;9;50;25;18;0.3;1017;6;36;30;19;11.5;1015;7;71;19;13;11.9;1016;9;79;21;12;2.7;1020;7;23;27;18;0.5;1019;10;32;29;21;0.1;1018;13;48;23;8;1.5;1015;7
82;257;21;17;15.4;1016;11;70;20;16;15.2;1017;5;38;24;19;1.4;1017;6;52;27;19;11.4;1015;6;66;19;13;11.5;1017;7;84;22;14;1.1;1020;8;21;26;17;0.0;1020;12;13;29;19;0.0;1017;13;28;22;5;2.1;1015;3
72;258;20;19;10.6;1016;9;27;25;17;0.0;1017;8;26;25;17;0.2;1018;7;63;23;18;17.4;1016;8;63;21;15;2.4;1017;4;69;22;15;0.3;1017;5;18;24;16;0.0;1022;14;12;27;19;0.0;1017;13;52;20;3;4.7;1016;4
35;259;24;18;1.6;1018;5;16;24;18;1.5;1019;5;21;25;16;0.1;1019;6;61;24;17;9.7;1018;6;87;21;14;2.9;1018;5;18;24;13;0.0;1016;8;14;21;11;0.0;1024;12;15;25;19;0.0;1018;19;69;20;2;0.7;1017;5
12;260;26;17;0.3;1019;4;8;23;17;0.0;1019;7;7;24;13;0.1;1020;5;17;24;16;1.1;1019;4;36;21;13;0.4;1019;4;4;24;12;0.0;1014;8;53;21;12;0.0;1024;11;20;23;16;0.0;1020;16;74;17;6;0.8;1017;5
3;261;25;19;0.0;1020;8;10;21;14;0.0;1019;14;2;23;14;0.0;1021;5;8;26;15;0.0;1021;5;10;22;13;0.0;1019;4;34;24;12;0.0;1013;9;31;23;12;0.0;1023;11;11;24;17;0.0;1022;15;45;24;3;0.0;1019;4
37;262;21;15;0.0;1020;9;23;22;14;0.0;1018;13;20;23;14;0.0;1021;8;31;26;14;0.6;1021;9;35;25;15;0.4;1019;8;23;26;15;9.3;1014;8;27;24;12;0.0;1021;10;11;26;18;0.0;1024;7;25;25;8;0.0;1020;8
49;263;26;18;0.1;1015;5;49;25;16;3.3;1015;6;60;21;15;0.6;1016;6;66;24;17;3.8;1017;7;28;26;16;17.6;1016;8;20;24;15;1.9;1015;8;54;19;15;0.4;1016;7;22;27;19;0.0;1020;5;50;20;9;6.3;1019;10
20;264;25;19;0.0;1012;10;41;25;17;1.9;1012;8;54;24;15;3.2;1012;3;51;25;18;9.0;1013;7;58;26;17;5.5;1014;5;62;18;14;9.4;1015;10;63;22;14;1.5;1011;6;36;29;21;2.1;1013;8;60;23;12;5.3;1015;8
46;265;19;17;4.1;1010;19;38;17;13;2.6;1012;17;47;16;14;6.8;1008;8;66;22;17;20.8;1009;9;68;16;13;26.8;1013;8;56;12;10;4.0;1019;16;66;17;14;8.8;1006;11;25;28;20;5.9;1007;12;69;21;7;7.5;1012;10
14;266;17;10;0.0;1015;21;32;15;9;0.3;1018;15;24;16;8;0.3;1013;12;57;16;11;1.9;1014;12;23;19;10;3.2;1019;5;25;17;5;0.0;1021;6;59;11;9;3.2;1010;15;45;15;13;29.3;1009;13;58;12;5;11.3;1017;8
9;267;19;12;0.0;1020;8;8;16;8;0.0;1018;11;5;16;8;0.0;1020;7;12;18;10;0.0;1020;6;23;18;10;0.0;1018;6;15;18;5;0.0;1016;9;16;15;6;0.0;1018;9;3;21;11;0.0;1018;8;7;20;0;0.0;1020;4
25;268;19;11;0.0;1017;9;45;18;10;0.7;1017;10;43;18;8;0.2;1017;7;39;19;10;0.0;1017;4;58;17;11;1.6;1018;6;54;13;7;0.3;1020;12;46;17;8;0.0;1015;11;14;23;11;0.0;1017;8;46;19;5;1.0;1017;8
19;269;18;11;0.0;1020;15;79;17;11;1.3;1022;10;44;17;10;2.9;1019;7;59;17;12;4.1;1019;8;37;20;9;0.1;1023;4;61;17;9;0.0;1025;10;55;16;11;1.0;1019;7;82;14;12;8.2;1016;8;85;12;7;3.6;1021;9
27;270;20;12;0.0;1025;7;56;20;14;1.5;1027;8;16;18;9;0.3;1025;8;3;19;10;0.0;1024;9;57;20;12;3.2;1026;3;49;18;14;0.3;1028;6;32;15;9;0.8;1024;9;64;21;13;2.0;1021;9;82;13;9;4.6;1025;9
1;271;25;16;0.0;1029;5;0;21;11;0.0;1029;5;2;22;9;0.0;1029;6;5;20;10;0.0;1028;9;37;23;12;0.0;1028;2;6;23;9;0.0;1026;8;10;18;10;0.0;1028;8;18;23;13;0.0;1026;6;58;17;6;0.4;1028;7
10;272;24;15;0.0;1028;7;10;20;11;0.0;1027;9;15;22;11;0.0;1028;8;8;24;13;0.0;1029;4;0;23;12;0.0;1027;4;7;25;13;0.0;1025;5;37;21;11;0.0;1026;9;9;22;15;0.0;1029;7;2;24;5;0.0;1028;4
10;273;25;14;0.0;1025;3;47;23;13;0.0;1025;3;18;22;12;0.0;1025;3;4;24;14;0.0;1025;3;1;26;12;0.0;1025;4;48;23;14;0.0;1025;5;57;21;13;0.2;1023;6;12;25;14;0.0;1024;12;0;24;5;0.0;1025;3
64;274;23;17;0.0;1024;6;79;17;13;9.3;1025;3;61;22;14;3.8;1025;3;30;24;14;0.0;1023;4;64;22;14;0.2;1024;5;30;22;13;1.5;1026;6;70;17;12;0.9;1027;9;19;26;16;0.0;1024;8;5;22;4;0.0;1023;3
63;275;23;16;2.2;1025;5;42;19;13;0.9;1027;11;90;16;14;9.0;1025;6;57;22;16;0.4;1025;4;78;18;13;0.8;1025;8;9;22;10;0.0;1028;5;39;15;10;0.0;1030;10;80;20;16;0.1;1027;15;65;15;7;3.0;1024;5
52;276;20;14;1.1;1024;6;25;18;10;0.0;1025;9;61;17;11;0.1;1025;8;65;20;15;6.3;1024;4;59;19;12;1.8;1023;6;4;21;10;0.0;1024;7;12;16;7;0.0;1029;9;67;19;13;0.0;1026;15;88;15;7;2.5;1022;6
61;277;20;14;1.7;1022;6;51;19;11;0.6;1022;7;51;18;11;0.3;1022;6;57;20;12;3.4;1022;4;64;19;14;1.0;1021;4;2;21;9;0.0;1019;8;20;16;6;0.0;1026;9;27;19;11;0.0;1024;11;73;17;7;1.5;1020;5
52;278;20;13;2.2;1020;6;47;19;12;0.6;1020;8;25;18;10;0.0;1021;4;26;21;12;0.0;1021;4;32;20;11;0.1;1019;4;14;19;6;0.0;1017;8;36;16;6;0.0;1025;8;6;18;9;0.0;1023;10;50;18;4;0.3;1017;5
16;279;19;11;0.0;1020;10;20;18;10;0.0;1019;12;12;18;9;0.0;1021;4;12;22;9;0.0;1020;5;22;18;8;0.0;1018;4;14;19;7;0.0;1014;9;9;15;6;0.0;1024;11;21;19;11;0.0;1024;14;31;17;2;0.1;1017;4
39;280;19;12;0.0;1020;13;53;17;10;0.1;1017;21;14;17;8;0.0;1021;7;45;22;13;0.0;1021;8;13;22;10;0.0;1017;6;53;14;10;4.5;1011;12;10;16;8;0.0;1022;16;100;15;13;36.6;1024;23;15;21;4;1.0;1018;4
45;281;17;12;0.2;1020;12;63;15;12;0.4;1017;14;34;18;9;0.0;1021;8;7;23;12;0.0;1022;9;20;23;12;0.0;1018;12;58;20;13;12.2;1012;13;21;19;8;0.0;1020;13;90;15;13;4.3;1025;17;5;22;6;0.0;1020;7
24;282;22;13;0.0;1019;12;77;18;13;0.7;1017;13;17;20;11;0.0;1021;9;8;24;13;0.0;1022;8;11;24;13;0.0;1018;12;23;22;13;0.1;1012;12;17;21;12;0.0;1019;10;23;19;12;0.0;1025;8;5;24;8;0.0;1020;6
26;283;25;14;0.0;1017;10;36;21;13;0.0;1016;6;33;19;12;0.0;1019;8;2;25;13;0.0;1020;8;7;25;14;0.0;1017;11;51;23;12;5.2;1015;8;21;22;12;0.0;1017;9;11;22;13;0.0;1023;8;2;25;8;0.0;1019;6
9;284;25;15;0.0;1016;9;50;20;15;0.3;1015;5;10;22;13;0.0;1018;6;5;26;14;0.0;1018;7;9;25;14;0.0;1016;9;70;18;13;1.3;1015;6;12;23;14;0.0;1017;6;1;22;13;0.0;1021;7;4;25;9;0.0;1017;6
15;285;25;15;0.0;1016;3;17;23;13;0.0;1016;5;12;22;13;0.0;1016;4;7;25;14;0.0;1017;5;22;25;15;0.0;1016;5;53;21;9;0.0;1014;7;36;22;14;0.0;1015;7;12;21;14;0.0;1019;5;8;24;8;0.0;1017;5
35;286;25;16;0.0;1013;11;68;19;15;0.7;1012;9;17;23;13;0.0;1014;6;6;27;15;0.0;1015;7;7;25;14;0.0;1013;13;29;22;11;0.3;1010;8;24;23;13;0.0;1015;7;1;23;16;0.0;1017;4;6;24;9;0.0;1016;8
24;287;25;17;0.0;1010;10;60;21;14;0.5;1010;6;30;22;12;0.0;1011;9;9;26;15;0.0;1013;9;19;24;14;0.0;1012;13;29;20;11;0.2;1010;7;43;21;13;0.3;1009;9;5;24;17;0.0;1015;5;14;23;9;0.0;1014;10
58;288;18;14;11.0;1009;6;41;20;12;0.0;1010;5;51;19;12;8.5;1010;4;39;25;17;10.1;1011;9;48;22;15;10.6;1010;6;58;18;11;6.0;1009;6;27;19;11;0.0;1010;7;14;26;18;0.0;1012;9;44;21;9;1.3;1012;13
42;289;22;15;0.0;1010;10;69;19;13;1.5;1010;9;40;20;12;0.2;1010;3;65;21;17;28.6;1010;6;46;23;14;7.8;1011;6;73;17;11;4.7;1010;13;49;17;11;0.2;1008;8;37;26;17;4.9;1010;16;61;21;11;4.2;1013;10
66;290;19;16;1.6;1013;10;69;15;11;6.3;1015;8;42;15;12;3.8;1012;6;74;18;16;15.3;1013;11;50;22;15;1.9;1015;12;52;17;12;9.4;1015;6;76;14;12;3.4;1011;5;47;24;17;4.1;1013;9;75;21;10;2.2;1017;11
11;291;21;11;0.0;1025;9;16;18;10;0.0;1025;5;27;17;10;0.2;1024;9;52;18;12;0.1;1024;5;21;21;14;0.0;1025;3;8;18;9;0.0;1023;9;50;15;10;0.2;1024;5;46;20;16;2.2;1019;10;40;18;12;2.1;1024;6
4;292;20;13;0.0;1026;10;14;18;10;0.0;1024;12;20;17;8;0.0;1026;9;1;20;10;0.0;1027;5;3;22;12;0.0;1025;4;5;21;9;0.0;1021;10;11;17;7;0.0;1023;12;41;16;12;0.0;1029;7;2;20;4;0.0;1026;4
17;293;22;12;0.0;1019;10;46;21;13;1.4;1018;10;49;18;8;0.1;1018;8;7;20;10;0.0;1021;7;10;23;12;0.0;1020;8;74;18;13;6.8;1019;14;55;16;12;1.9;1012;16;13;19;10;0.0;1019;15;13;22;5;0.0;1022;5
45;294;18;13;6.0;1012;9;45;17;12;1.2;1011;10;42;18;12;1.7;1011;4;30;21;13;0.2;1012;5;60;19;14;2.8;1012;6;52;16;8;4.1;1011;16;73;14;10;0.8;1009;10;20;23;14;0.0;1011;9;30;20;6;0.0;1014;7
74;295;9;8;47.3;1004;26;70;9;8;14.1;1007;19;91;10;8;28.4;1002;10;64;18;10;7.2;1003;13;86;3;1;42.2;1008;11;94;7;5;5.0;1014;29;76;14;9;5.0;1004;13;14;22;14;0.0;1003;9;96;11;1;37.3;1007;10
61;296;12;7;1.5;1007;16;75;11;6;0.6;1013;17;61;13;8;3.0;1009;17;100;9;7;13.0;1004;8;84;9;5;22.2;1009;10;97;9;5;2.1;1022;16;94;6;4;7.6;1017;19;71;17;14;13.9;1002;16;99;3;-2;17.8;1008;6
82;297;10;7;7.8;1017;15;36;9;4;0.0;1021;18;55;8;3;0.4;1020;19;73;12;8;4.0;1014;8;95;9;7;32.5;1017;13;25;13;3;0.0;1023;5;3;4;0;0.0;1029;14;92;11;7;3.9;1015;22;93;7;1;5.1;1013;6
11;298;14;4;0.0;1025;5;55;11;3;0.0;1025;7;27;10;2;0.0;1026;4;30;14;6;0.0;1024;4;80;10;6;0.6;1024;7;70;10;4;1.4;1022;6;1;5;0;0.0;1029;15;51;6;3;0.2;1027;29;74;8;1;1.1;1021;9
31;299;13;5;0.0;1030;5;33;11;3;0.0;1029;5;4;11;3;0.0;1029;3;37;13;7;0.0;1029;4;39;13;6;0.3;1028;6;22;14;6;0.0;1027;6;3;8;0;0.0;1031;9;55;8;4;0.8;1031;21;42;9;-1;0.0;1026;8
2;300;15;6;0.0;1031;3;0;11;3;0.0;1031;7;0;13;3;0.0;1030;2;8;12;4;0.0;1030;4;17;12;2;0.0;1030;6;21;13;4;0.0;1027;8;0;8;-1;0.0;1033;8;27;8;1;0.0;1032;14;46;7;-2;0.0;1028;7
4;301;15;4;0.0;1027;4;0;12;1;0.0;1026;8;0;13;4;0.0;1026;2;26;12;3;0.0;1027;4;11;11;2;0.0;1026;4;2;12;1;0.0;1022;8;0;8;1;0.0;1029;10;77;6;5;2.1;1029;10;19;8;-3;0.1;1024;6
30;302;12;3;0.0;1023;4;7;10;3;0.0;1022;10;13;9;3;0.0;1022;5;21;12;3;0.0;1023;4;38;10;4;0.0;1021;3;8;13;1;0.0;1019;7;1;8;0;0.0;1023;10;85;9;5;13.8;1025;6;44;12;-2;2.2;1020;3
9;303;12;3;0.0;1025;5;25;10;2;0.0;1025;3;8;12;2;0.0;1025;3;16;12;4;0.0;1024;6;16;13;2;0.0;1025;2;68;13;2;0.0;1025;3;9;9;2;0.0;1024;7;69;10;8;2.8;1023;6;77;8;0;1.5;1024;6
7;304;13;5;0.0;1027;6;13;12;2;0.0;1027;3;13;11;2;0.0;1027;9;16;11;3;0.0;1026;6;11;14;2;0.0;1027;3;29;16;6;0.0;1026;7;42;10;2;0.0;1027;5;24;13;7;0.0;1023;6;39;9;-1;0.0;1026;6
12;305;13;4;0.0;1026;3;30;13;4;0.0;1025;5;24;12;2;0.0;1026;5;20;12;3;0.0;1026;3;18;14;2;0.0;1026;4;17;17;7;0.0;1023;8;52;8;2;0.0;1026;4;28;12;6;0.0;1025;6;28;12;-3;0.0;1026;5
13;306;12;4;0.0;1025;6;29;10;3;0.0;1023;9;30;9;3;0.0;1024;6;11;12;3;0.0;1025;4;30;14;3;0.0;1023;4;11;16;7;0.0;1018;9;17;9;2;0.0;1024;10;16;11;6;0.0;1026;8;4;14;-1;0.0;1023;3
3;307;13;4;0.0;1020;10;29;10;4;0.1;1017;15;7;10;2;0.0;1020;9;10;15;5;0.0;1022;8;2;16;4;0.0;1018;10;25;16;7;0.4;1010;12;10;11;5;0.0;1017;12;8;13;5;0.0;1026;8;11;14;1;0.0;1020;9
13;308;15;5;0.0;1013;17;41;15;7;1.1;1006;23;20;10;2;0.0;1014;13;0;16;5;0.0;1017;11;8;18;8;0.0;1012;16;35;13;6;0.0;999;12;6;14;5;0.0;1010;16;0;13;7;0.0;1021;8;54;13;1;0.0;1017;13
12;309;16;7;0.0;1012;15;11;17;9;0.0;1005;33;11;11;3;0.0;1013;12;5;19;7;0.0;1016;14;25;20;9;0.0;1008;11;81;10;7;4.5;1001;12;3;15;8;0.0;1009;18;0;15;7;0.0;1020;4;66;14;4;0.2;1013;16
27;310;17;10;0.6;1014;13;74;16;12;0.5;1010;22;30;13;6;0.0;1016;9;24;20;9;0.1;1017;12;59;21;14;3.9;1010;10;75;8;5;8.0;1013;9;20;17;10;0.0;1013;13;3;16;8;0.0;1021;8;65;15;7;2.4;1014;14
45;311;17;10;0.3;1013;10;76;14;9;1.3;1011;14;34;14;7;0.1;1014;7;28;21;12;0.0;1015;10;68;18;13;5.0;1009;8;18;10;2;0.0;1011;9;32;17;10;0.6;1012;11;8;19;10;0.0;1019;7;69;15;8;3.2;1013;11
47;312;17;12;0.9;1014;6;92;10;8;15.6;1015;8;44;17;8;0.3;1014;4;28;21;12;0.0;1014;4;89;15;11;11.9;1014;8;13;12;3;0.1;1015;9;68;16;12;4.6;1014;5;16;17;11;0.2;1017;10;68;14;6;1.7;1013;4
38;313;17;12;0.0;1015;8;58;14;8;0.0;1014;12;49;17;9;0.0;1016;6;42;20;11;0.0;1016;4;49;15;6;0.1;1014;4;18;12;3;0.0;1011;8;96;13;10;0.6;1018;7;25;18;11;0.0;1018;12;42;15;5;0.0;1015;4
20;314;17;9;0.0;1017;10;72;13;9;1.6;1015;16;16;16;8;0.0;1018;7;8;20;9;0.0;1019;7;17;18;9;0.0;1016;10;40;10;3;0.2;1013;6;32;16;8;0.0;1018;11;6;18;9;0.0;1021;2;15;15;4;0.0;1018;9
27;315;15;9;0.0;1017;10;37;15;10;0.1;1014;20;10;14;6;0.0;1019;6;17;20;9;0.0;1019;8;30;18;10;0.0;1015;8;37;10;4;0.0;1010;9;8;14;8;0.0;1018;10;12;17;8;0.0;1022;6;30;15;4;0.0;1018;9
34;316;13;8;0.2;1012;13;46;14;10;0.1;1009;22;36;14;5;0.0;1013;3;34;18;10;0.0;1013;8;65;17;10;0.6;1008;5;37;13;4;0.0;1004;6;45;11;8;0.0;1014;12;90;15;11;1.2;1018;13;57;12;6;8.2;1010;8
41;317;15;7;0.0;1013;6;14;13;7;0.0;1013;5;45;14;5;0.0;1013;3;46;16;8;0.0;1012;6;100;12;10;3.9;1010;9;72;11;7;0.6;1013;5;98;10;6;0.0;1016;11;100;13;12;11.8;1015;18;87;13;8;8.9;1009;6
33;318;16;7;0.0;1016;5;43;12;6;0.0;1015;10;28;15;5;0.0;1017;4;48;17;9;0.2;1016;3;82;13;10;0.8;1015;3;16;13;5;0.0;1011;10;81;9;7;0.4;1020;12;87;12;9;17.1;1018;21;80;12;5;3.1;1014;5
23;319;13;7;0.0;1014;13;70;12;9;0.1;1011;26;34;12;5;0.0;1016;5;13;15;7;0.0;1016;8;56;15;8;0.0;1011;7;32;13;6;0.1;1004;9;43;7;4;0.0;1018;14;45;10;6;0.0;1021;11;18;13;3;0.0;1013;8
64;320;10;7;1.3;1011;13;72;10;7;1.6;1008;22;59;10;4;0.6;1013;6;47;13;7;2.9;1013;12;37;17;10;0.9;1007;9;80;9;5;4.3;1004;11;54;6;2;0.0;1015;16;67;10;5;0.2;1020;13;69;13;5;3.1;1010;11
89;321;10;7;0.3;1011;9;97;10;8;1.0;1010;12;99;9;7;2.2;1012;5;42;13;9;1.2;1013;9;38;16;9;0.7;1009;7;38;11;4;0.0;1007;10;99;6;4;5.3;1015;15;84;11;8;4.3;1017;12;70;11;6;0.7;1011;11
77;322;10;7;6.5;1011;14;90;8;8;16.5;1009;15;89;10;7;9.1;1013;8;36;13;7;2.7;1013;14;54;15;10;10.5;1007;15;95;7;4;13.4;1006;10;91;4;3;2.0;1018;17;66;10;7;0.3;1019;14;64;12;4;1.3;1010;15
88;323;10;7;4.4;1016;10;69;10;5;0.5;1017;8;68;11;4;0.5;1016;6;75;12;7;2.5;1015;6;59;13;9;5.0;1016;5;88;7;4;2.2;1019;9;95;5;2;0.5;1020;13;95;11;8;13.7;1015;9;65;8;3;6.6;1015;6
29;324;9;4;0.0;1024;12;53;8;3;0.0;1026;10;29;7;3;0.0;1023;15;75;9;6;2.0;1021;10;35;11;4;0.0;1025;3;47;9;2;0.0;1027;4;99;3;2;1.4;1026;7;90;8;8;51.2;1016;9;56;6;-1;0.5;1024;6
15;325;9;3;0.0;1026;4;23;8;3;0.0;1026;6;40;7;2;0.0;1025;10;25;8;4;0.0;1024;6;41;10;4;0.2;1025;3;10;7;1;0.0;1024;9;96;3;1;0.8;1027;3;97;8;5;8.6;1020;5;13;8;-2;0.0;1025;4
8;326;8;1;0.0;1028;4;10;6;1;0.0;1027;5;25;6;-1;0.0;1028;4;12;7;0;0.0;1027;5;17;9;1;0.0;1026;3;18;9;1;0.0;1023;9;92;4;2;1.3;1028;4;77;7;4;0.1;1026;6;13;9;-2;0.0;1026;3
25;327;8;2;0.0;1030;5;65;7;3;0.1;1029;9;15;6;-1;0.0;1030;4;17;8;1;0.0;1029;5;11;9;1;0.0;1028;3;3;10;3;0.0;1023;11;66;4;0;0.0;1032;6;74;6;2;0.0;1030;5;15;10;-2;0.0;1027;4
13;328;7;2;0.0;1029;7;53;6;2;1.0;1027;12;11;5;-1;0.0;1029;5;11;8;0;0.0;1028;4;67;6;3;0.3;1026;3;47;11;4;0.4;1023;9;32;2;0;0.0;1031;12;72;5;2;0.7;1030;15;4;9;-2;0.0;1025;4
49;329;7;5;0.6;1028;5;63;6;2;0.4;1028;4;73;3;-1;2.8;1028;5;31;8;-1;0.0;1028;5;48;7;3;0.0;1026;5;15;7;1;0.0;1025;11;86;2;-1;3.7;1028;6;27;5;2;0.0;1030;6;39;8;-2;0.0;1024;4
48;330;5;0;0.0;1025;5;23;5;1;0.0;1025;8;42;4;-1;0.0;1025;6;11;6;-1;0.0;1025;4;40;5;0;0.0;1024;4;25;6;-1;0.0;1019;12;95;1;-1;1.5;1028;6;10;4;-1;0.0;1028;6;49;5;-3;0.4;1022;4
28;331;5;0;0.0;1021;10;34;4;-1;0.0;1019;14;22;4;-2;0.0;1022;3;21;6;-2;0.0;1022;5;70;5;0;0.0;1018;3;24;6;0;0.0;1012;11;81;0;-3;0.2;1025;10;39;2;-1;0.0;1026;8;54;8;-2;0.5;1017;4
99;332;2;1;2.1;1020;11;90;3;0;0.4;1020;9;44;3;-2;0.0;1022;4;65;7;3;1.3;1021;5;69;6;1;0.0;1017;5;13;6;-1;0.0;1013;13;61;-2;-3;0.0;1027;15;43;1;-2;0.1;1025;9;55;12;1;0.0;1017;10
99;333;2;2;6.2;1020;13;86;3;2;0.6;1020;9;15;2;-2;0.0;1023;10;70;10;3;2.3;1019;3;89;7;4;0.3;1017;6;20;7;-1;0.0;1015;13;71;-1;-3;0.4;1029;13;70;2;-1;1.8;1025;14;57;13;3;1.0;1017;10
99;334;3;1;0.6;1020;11;88;4;1;0.9;1019;9;23;2;-5;0.0;1022;10;99;7;5;4.4;1019;3;99;5;4;3.3;1016;5;30;6;-2;0.0;1014;11;49;-5;-7;0.0;1028;10;92;1;-1;0.9;1024;15;88;12;5;2.3;1016;5
100;335;2;0;19.3;1015;20;99;2;1;10.0;1015;12;59;3;-4;1.3;1018;8;85;7;6;12.9;1016;10;100;6;4;21.5;1010;11;70;7;2;0.2;1009;15;40;-2;-7;0.0;1027;16;98;-1;-2;10.0;1026;23;74;13;5;6.0;1009;10
100;336;2;1;5.6;1015;14;96;3;1;5.6;1015;8;88;1;-2;5.9;1017;6;89;6;4;21.7;1015;8;100;4;3;1.9;1012;10;100;3;1;6.2;1012;8;24;-2;-5;0.1;1024;18;100;2;0;12.8;1022;25;93;11;6;4.9;1008;5
55;337;6;3;0.7;1021;11;93;4;1;1.4;1020;8;46;4;-2;0.0;1022;3;37;11;5;0.0;1021;7;100;5;3;2.3;1018;8;77;3;-1;1.1;1018;9;60;0;-3;0.0;1025;11;100;3;2;7.0;1026;27;73;10;4;0.6;1015;5
34;338;7;1;0.0;1022;9;49;7;3;0.0;1021;9;11;6;0;0.0;1023;3;18;10;3;0.0;1021;5;100;5;4;7.1;1019;5;56;5;1;0.0;1017;7;22;0;-2;0.0;1026;7;99;2;2;7.2;1025;20;71;9;4;2.3;1017;5
46;339;7;1;0.4;1020;8;60;5;1;0.1;1020;6;8;6;-1;0.0;1021;2;28;11;2;0.0;1021;6;99;6;4;3.9;1018;5;16;6;-1;0.0;1019;4;33;1;-3;0.1;1024;11;100;2;2;2.7;1025;14;83;11;7;11.2;1016;5
76;340;8;5;0.8;1019;7;100;6;3;3.3;1021;5;30;7;0;0.0;1019;5;57;9;3;1.9;1018;4;99;5;5;6.0;1018;10;78;5;1;0.7;1023;6;40;1;-3;0.0;1023;4;100;4;1;15.0;1022;21;100;7;5;15.9;1015;3
99;341;7;5;6.7;1017;6;60;5;1;1.0;1019;11;64;4;0;0.3;1018;12;92;7;5;6.5;1017;4;100;4;3;8.8;1018;7;34;5;-2;0.0;1023;8;78;0;-2;0.0;1022;4;100;4;3;23.0;1018;19;98;7;4;1.6;1015;5
89;342;5;3;6.2;1017;10;68;5;1;1.2;1019;13;88;3;1;4.0;1017;7;99;6;4;2.9;1016;5;100;5;2;5.1;1018;4;80;4;0;1.8;1021;10;88;2;0;0.6;1017;5;100;3;2;6.7;1016;10;97;4;1;2.2;1015;8
65;343;4;1;1.9;1021;14;20;4;-1;0.0;1025;15;43;3;0;0.3;1022;21;70;5;4;3.0;1016;12;64;4;1;3.2;1021;15;9;5;-2;0.0;1027;5;81;1;-1;0.3;1026;7;100;4;3;24.2;1014;20;97;2;0;5.1;1016;11
42;344;4;1;0.0;1024;12;21;3;-2;0.1;1026;8;66;3;-1;0.5;1023;13;90;3;2;2.2;1022;7;21;4;0;0.2;1025;5;60;2;-3;2.2;1025;13;55;-1;-2;0.0;1026;6;100;4;3;24.1;1020;10;89;1;-3;3.0;1022;8
26;345;5;1;0.0;1022;9;51;6;-1;0.9;1019;12;29;2;-1;0.0;1020;7;73;4;1;1.1;1022;5;19;5;0;0.0;1022;3;94;5;2;9.0;1018;22;70;2;-1;0.1;1016;11;15;3;1;0.0;1020;16;33;5;-5;0.2;1021;4
22;346;6;2;0.5;1020;14;30;4;1;0.2;1016;17;35;4;-2;0.0;1019;11;14;6;0;0.0;1022;5;5;7;0;0.0;1020;8;73;6;4;1.8;1011;24;62;2;0;1.3;1011;17;4;8;1;0.0;1021;8;11;7;-3;0.0;1021;7
32;347;7;1;0.1;1019;12;73;4;-1;0.0;1016;11;46;2;-2;0.0;1020;11;4;9;1;0.0;1023;10;20;11;2;0.0;1019;17;90;9;5;1.5;1012;17;76;3;1;0.1;1012;18;4;9;2;0.0;1025;6;9;7;-2;0.0;1023;11
84;348;7;4;0.4;1021;7;97;5;2;0.8;1020;8;72;3;-1;0.0;1022;7;21;10;2;0.0;1023;9;61;12;7;0.0;1021;15;96;8;6;9.5;1016;12;61;2;0;1.1;1019;10;19;8;2;0.0;1024;13;6;7;-2;0.0;1024;10
57;349;8;4;0.0;1021;8;99;6;4;1.1;1019;8;84;5;1;0.4;1022;7;27;10;3;0.0;1023;6;49;12;5;0.0;1020;12;66;9;7;0.4;1017;11;67;3;1;0.5;1019;10;14;9;3;0.0;1024;7;39;7;-2;0.0;1023;9
43;350;7;4;0.3;1016;8;100;6;3;3.1;1015;6;51;5;1;0.3;1017;6;52;11;4;3.4;1017;8;78;10;6;1.1;1014;6;67;6;2;0.7;1015;9;82;4;2;0.7;1015;9;49;9;3;0.0;1020;5;82;7;2;16.8;1016;9
54;351;7;4;2.0;1014;10;67;5;2;1.6;1014;9;87;6;2;3.8;1013;4;69;8;5;1.6;1014;8;77;8;4;8.7;1014;6;86;5;2;4.2;1013;14;79;3;1;4.1;1011;10;15;7;3;0.0;1014;13;78;8;-1;4.5;1013;5
49;352;8;3;0.3;1018;11;89;8;4;4.0;1015;11;74;4;1;0.3;1017;8;36;8;1;0.0;1019;5;31;9;2;0.1;1019;6;94;9;5;5.9;1016;19;88;4;1;0.8;1012;12;32;8;3;0.0;1017;7;38;7;-3;0.0;1019;4
45;353;11;6;2.9;1020;14;67;12;8;13.5;1017;21;98;6;3;4.4;1018;11;45;6;3;0.9;1023;10;23;12;4;0.0;1022;9;83;11;8;10.3;1017;27;96;9;5;8.7;1009;19;14;8;2;0.0;1021;17;21;9;-1;0.0;1023;6
48;354;9;5;3.0;1020;22;48;7;4;1.6;1019;24;40;7;3;0.7;1017;12;37;9;5;2.2;1021;8;49;11;5;1.1;1021;7;68;5;3;3.7;1023;26;67;5;4;3.2;1009;18;15;9;3;0.0;1019;13;12;9;1;0.0;1022;8
37;355;6;2;0.5;1026;24;43;6;3;0.1;1026;23;24;5;1;0.0;1022;12;35;5;1;3.9;1026;12;20;9;4;2.8;1029;8;78;4;3;1.0;1031;22;88;4;2;2.0;1014;18;40;8;5;0.9;1021;12;46;3;-3;4.3;1029;9
50;356;8;3;0.6;1024;20;86;8;4;2.0;1022;23;67;6;1;1.7;1020;17;50;5;0;2.4;1028;13;18;9;2;0.0;1028;13;88;7;4;0.5;1026;26;100;7;3;19.7;1008;22;38;5;1;0.0;1025;19;10;6;-3;0.0;1031;9
25;357;10;6;0.0;1022;19;25;11;7;0.0;1021;20;46;8;3;0.2;1018;12;10;9;3;0.0;1025;12;11;10;3;0.0;1026;11;57;9;6;0.4;1024;20;100;8;6;11.8;1008;21;18;10;4;0.0;1020;21;11;7;-2;0.0;1028;10
0;358;10;5;0.0;1021;11;21;9;4;0.0;1020;16;20;7;2;0.0;1019;10;10;10;3;0.0;1023;7;19;10;2;0.0;1024;12;57;8;1;3.7;1021;21;91;9;6;3.1;1010;21;35;12;6;0.0;1021;16;4;7;-1;0.0;1025;11
56;359;9;4;0.3;1022;17;48;7;3;0.5;1021;17;28;6;1;0.4;1019;5;36;9;2;0.1;1023;5;24;11;2;0.2;1023;7;69;6;3;2.6;1024;20;79;6;3;2.4;1013;17;8;10;4;0.0;1019;13;5;9;-2;0.0;1023;5
51;360;4;2;0.1;1022;21;34;2;-2;0.0;1024;18;30;3;-1;0.2;1020;6;77;6;3;0.4;1021;9;52;4;2;6.0;1025;6;72;3;0;2.6;1028;13;97;0;-2;7.4;1019;9;59;8;3;7.6;1017;17;91;1;-3;13.2;1022;11
25;361;2;-2;0.3;1016;10;62;-1;-4;0.6;1015;13;22;-1;-5;0.0;1017;8;36;2;-1;0.0;1015;9;63;3;-1;1.1;1014;10;84;0;-2;8.9;1007;20;87;-2;-3;0.7;1017;5;100;3;0;30.3;1013;14;34;-3;-11;0.2;1018;7
65;362;0;-2;1.7;1010;21;70;-3;-6;2.0;1015;22;73;-1;-5;0.1;1012;15;77;2;-1;8.1;1007;13;100;0;-4;25.7;1007;25;54;-3;-5;2.4;1018;18;84;-2;-6;0.7;1016;8;62;1;-5;3.2;1011;16;79;1;-9;18.8;1002;11
20;363;-3;-6;0.0;1022;20;57;-4;-8;0.4;1026;14;21;-3;-7;0.0;1021;19;74;-3;-5;2.5;1016;21;50;-6;-11;0.4;1025;11;72;-1;-7;2.0;1032;15;87;-6;-9;0.7;1023;10;100;2;-1;28.2;1007;17;91;-8;-15;6.6;1020;11
10;364;-5;-10;0.0;1032;10;40;-5;-9;0.0;1034;11;32;-6;-11;0.1;1031;12;17;-6;-11;0.0;1029;12;23;-6;-13;0.2;1033;9;88;-1;-5;6.1;1035;11;66;-7;-10;0.5;1031;8;63;-5;-12;4.6;1027;11;91;-8;-13;3.1;1028;13
16;365;-3;-9;0.0;1036;6;46;-7;-9;0.0;1035;6;18;-6;-13;0.0;1036;5;5;-6;-14;0.0;1035;8;21;-8;-14;0.0;1036;8;92;1;-2;0.9;1035;9;59;-5;-10;0.1;1033;11;9;-6;-13;0.0;1034;10;94;-11;-17;1.4;1032;11
