cloudcover;day;maxtemp;mintemp;precipMM;pressure;windspeed;cloudcover;maxtemp;mintemp;precipMM;pressure;windspeed;cloudcover;maxtemp;mintemp;precipMM;pressure;windspeed;cloudcover;maxtemp;mintemp;precipMM;pressure;windspeed;cloudcover;maxtemp;mintemp;precipMM;pressure;windspeed;cloudcover;maxtemp;mintemp;precipMM;pressure;windspeed;cloudcover;maxtemp;mintemp;precipMM;pressure;windspeed;cloudcover;maxtemp;mintemp;precipMM;pressure;windspeed;cloudcover;maxtemp;mintemp;precipMM;pressure;windspeed
5;244;36;27;0.0;1011;14;7;33;24;0.0;1010;10;5;35;26;0.0;1012;13;9;38;30;0.0;1013;16;1;35;23;0.0;1013;15;40;30;21;8.5;1011;13;15;35;25;0.0;1009;10;1;37;29;0.0;1016;13;4;31;12;0.0;1014;7
18;245;32;23;0.2;1011;22;45;23;18;0.2;1014;20;11;32;25;0.2;1011;13;12;36;29;0.0;1011;9;19;31;22;1.3;1013;13;34;25;14;0.0;1017;5;47;29;19;0.3;1010;13;0;39;27;0.0;1012;10;6;32;11;0.0;1013;3
18;246;32;22;1.2;1012;6;48;26;16;0.8;1014;11;35;27;17;6.0;1013;11;21;35;27;0.0;1012;9;13;30;19;0.0;1012;10;36;21;15;3.2;1015;8;37;26;17;0.0;1015;7;1;38;27;0.0;1011;12;16;31;10;0.2;1013;4
21;247;28;20;0.9;1013;15;32;25;17;1.9;1014;13;27;28;20;3.3;1012;11;16;34;25;2.1;1012;12;37;29;18;4.7;1013;9;39;20;13;0.1;1015;10;69;19;15;6.3;1013;11;7;38;26;0.0;1013;12;9;28;11;0.0;1014;8
79;248;20;18;5.3;1011;14;76;18;13;6.8;1013;9;83;23;17;2.4;1012;8;52;30;24;7.7;1011;17;69;25;17;8.4;1012;10;45;17;10;4.0;1016;15;80;22;15;1.0;1012;7;10;38;28;0.0;1011;12;45;22;12;7.6;1012;10
34;249;21;13;1.1;1016;28;62;17;14;0.9;1016;26;51;20;13;6.4;1013;14;48;23;17;8.0;1015;19;41;24;15;2.8;1018;9;58;16;8;1.5;1021;20;81;19;13;3.7;1009;13;8;32;28;0.0;1011;25;56;20;10;2.7;1017;7
23;250;19;13;0.0;1020;27;66;16;12;0.5;1021;22;36;18;12;5.4;1018;6;12;23;15;0.0;1021;13;21;23;14;0.0;1022;6;70;14;10;7.8;1024;14;99;14;10;7.4;1012;18;4;28;21;0.0;1017;12;43;19;8;0.1;1020;7
10;251;21;13;0.0;1021;17;47;19;12;0.2;1022;12;44;18;12;0.4;1020;5;16;23;14;0.0;1021;9;33;22;14;0.0;1023;7;25;20;11;0.0;1024;5;94;16;11;2.6;1017;13;9;27;20;0.0;1018;8;25;18;1;0.1;1021;6
11;252;22;14;0.0;1021;10;62;19;13;2.0;1022;10;54;20;14;1.0;1021;8;7;24;16;0.0;1020;5;14;23;16;0.0;1020;10;36;20;11;0.4;1022;9;49;20;12;0.7;1022;7;9;27;18;0.0;1020;15;15;20;-1;0.0;1019;6
32;253;22;15;0.0;1020;18;35;21;12;0.3;1022;13;47;22;12;1.5;1022;14;82;17;16;11.3;1019;14;41;20;12;0.2;1019;16;22;20;10;0.0;1022;15;33;21;12;0.0;1027;10;88;22;19;7.1;1021;24;93;11;5;8.6;1016;5
87;254;17;14;0.4;1021;6;81;21;15;0.2;1021;13;67;19;15;0.4;1022;10;87;22;15;1.7;1021;8;62;23;12;0.6;1020;6;16;22;9;0.0;1018;10;42;21;14;0.0;1027;14;77;22;19;0.6;1021;30;44;23;0;0.0;1019;4
31;255;26;17;0.0;1022;5;17;24;14;0.0;1020;13;72;20;12;4.2;1022;5;56;25;17;0.1;1022;5;7;27;18;0.0;1021;6;17;26;12;0.0;1017;10;88;17;14;0.5;1025;13;65;24;18;1.2;1022;11;33;24;1;0.0;1022;4
4;256;26;19;0.0;1019;14;12;25;16;0.0;1017;29;11;24;15;0.0;1021;6;3;28;18;0.0;1020;9;24;29;18;0.0;1018;9;34;27;15;0.0;1012;8;46;23;12;0.0;1023;10;44;27;19;0.0;1022;6;5;26;5;0.0;1019;5
24;257;30;18;0.2;1013;21;30;29;18;10.5;1009;36;21;26;14;0.0;1015;14;9;30;19;0.0;1016;17;27;31;18;2.2;1012;18;64;19;14;3.5;1007;13;40;25;13;0.0;1016;16;12;27;20;0.0;1021;13;10;26;8;0.2;1016;10
33;258;31;22;2.9;1012;13;45;25;19;0.2;1012;10;36;29;19;0.0;1014;14;18;33;22;0.0;1015;14;18;31;20;0.5;1012;17;43;18;14;1.0;1011;14;36;28;19;0.6;1013;12;5;28;19;0.0;1020;13;7;27;10;0.4;1015;10
14;259;32;22;0.0;1010;22;10;30;18;0.0;1006;24;13;29;19;0.2;1012;19;5;33;23;0.9;1014;16;21;32;21;0.0;1010;22;28;26;14;0.1;1003;14;27;30;20;0.9;1010;14;4;29;20;0.0;1019;13;6;29;11;0.1;1014;10
4;260;34;24;0.0;1008;27;3;32;20;0.0;1005;22;6;32;20;0.0;1009;23;4;37;25;0.0;1013;16;6;35;23;0.0;1010;20;46;23;13;6.1;1006;12;7;31;23;0.1;1006;13;4;33;22;0.0;1017;7;1;31;13;0.0;1014;10
3;261;34;23;0.5;1014;12;28;25;16;0.0;1017;10;3;32;21;0.0;1015;9;2;38;27;0.0;1015;10;7;32;18;0.5;1015;7;51;16;11;2.5;1018;9;14;27;18;0.5;1015;10;5;34;25;0.0;1018;10;3;34;15;0.0;1015;7
24;262;29;20;0.9;1015;18;33;24;16;0.0;1019;15;37;24;19;2.0;1016;17;3;36;27;0.0;1014;12;16;27;18;0.6;1017;15;25;21;11;0.3;1022;10;70;19;16;9.9;1019;8;3;32;24;0.0;1017;13;1;31;13;0.0;1015;6
59;263;23;17;9.9;1013;22;31;21;17;0.0;1018;20;76;20;17;15.4;1013;23;31;30;24;0.4;1011;13;62;19;16;1.5;1016;14;48;18;9;0.5;1023;10;58;17;13;10.0;1016;8;9;30;20;0.0;1011;10;81;17;12;12.3;1013;6
3;264;22;14;0.0;1016;17;33;18;11;0.0;1018;11;12;20;11;0.0;1015;14;48;25;18;0.2;1013;20;4;22;13;0.0;1017;13;29;20;9;0.0;1017;5;28;19;11;0.1;1015;9;17;29;23;0.0;1010;16;62;16;7;0.6;1014;7
13;265;24;15;0.0;1012;11;20;22;13;0.0;1011;16;13;21;11;0.0;1013;7;47;28;20;0.0;1011;9;3;24;14;0.0;1011;6;55;18;9;0.9;1008;12;7;20;11;0.0;1014;9;15;28;20;0.0;1013;16;8;25;2;0.0;1011;4
12;266;28;17;0.0;1009;13;26;22;14;0.0;1010;17;38;26;16;0.0;1010;7;15;30;20;0.0;1009;11;29;27;14;0.0;1008;13;74;14;9;6.5;1012;14;27;27;14;0.4;1011;9;39;29;22;2.1;1011;13;10;25;7;0.0;1009;6
38;267;28;15;4.3;1012;15;36;23;12;0.0;1017;19;45;22;18;2.4;1012;18;21;29;21;0.0;1010;10;78;17;14;1.1;1014;17;75;17;11;0.3;1020;8;37;28;18;2.9;1015;7;40;30;23;0.1;1011;8;41;23;8;6.9;1011;5
98;268;20;16;36.7;1013;12;79;21;15;0.9;1017;19;90;17;15;15.9;1013;21;48;24;20;0.0;1012;15;95;14;12;56.2;1016;9;52;19;9;0.0;1022;8;100;19;17;5.9;1014;10;16;30;22;0.0;1011;6;47;19;6;6.8;1014;5
95;269;17;16;3.5;1017;10;80;17;13;3.7;1021;16;95;14;13;13.2;1017;17;72;23;17;4.5;1015;10;81;16;13;6.8;1019;11;48;18;10;0.4;1024;10;100;16;12;17.3;1017;13;47;26;23;4.8;1013;11;83;17;9;0.8;1016;5
53;270;20;14;0.0;1023;10;11;18;11;0.0;1027;18;50;15;12;0.3;1023;26;87;18;14;0.4;1019;15;32;19;11;0.0;1024;22;13;17;7;0.0;1030;12;55;16;11;4.3;1024;12;77;25;21;15.4;1017;8;100;12;9;3.3;1020;5
22;271;18;12;0.0;1027;24;9;17;9;0.0;1031;20;18;15;10;0.0;1028;28;91;16;12;7.7;1023;10;56;18;11;0.0;1028;22;4;18;7;0.0;1034;13;40;15;9;0.1;1031;8;99;15;14;6.1;1023;22;95;11;7;3.2;1024;8
53;272;18;12;0.0;1028;29;6;17;10;0.0;1032;23;38;16;9;0.0;1030;26;80;16;14;2.0;1024;11;66;18;12;0.4;1028;17;1;17;8;0.0;1033;18;39;15;9;0.1;1034;10;66;18;13;11.6;1024;22;100;11;7;2.0;1024;5
4;273;17;10;0.0;1030;26;8;15;8;0.0;1033;21;15;14;8;0.0;1032;25;66;18;13;0.0;1027;13;58;17;8;0.1;1029;19;0;16;7;0.0;1032;18;22;15;8;0.0;1035;8;38;19;14;0.0;1027;14;100;10;5;2.3;1025;6
1;274;20;9;0.0;1030;11;2;17;7;0.0;1032;9;3;16;7;0.0;1031;16;13;21;12;0.0;1028;9;37;19;9;0.0;1029;15;2;17;7;0.0;1029;17;22;17;9;0.0;1033;4;65;21;14;0.0;1029;9;43;17;0;0.0;1027;5
2;275;22;12;0.0;1028;9;2;19;9;0.0;1027;14;17;20;10;0.0;1028;7;18;22;13;0.0;1028;6;18;21;10;0.0;1027;8;3;19;6;0.0;1023;12;74;18;8;0.0;1028;8;42;21;15;0.0;1029;8;19;20;2;0.0;1026;5
11;276;22;14;0.0;1023;13;13;21;12;0.0;1020;28;4;21;11;0.0;1024;10;5;24;15;0.0;1024;7;24;23;13;0.0;1022;10;22;21;9;0.0;1017;8;49;21;10;0.0;1022;6;4;24;15;0.0;1025;8;17;21;5;0.0;1023;7
19;277;24;16;0.0;1019;15;42;21;13;0.0;1017;14;14;22;12;0.0;1020;12;17;26;17;0.0;1021;8;42;23;14;3.1;1019;18;49;16;11;0.9;1018;6;9;22;12;0.0;1018;9;15;25;19;0.0;1022;3;30;21;7;0.0;1022;7
46;278;22;16;1.7;1016;9;50;22;14;0.0;1016;8;94;16;12;3.3;1016;6;43;24;16;10.0;1016;8;7;25;14;0.1;1017;5;36;20;9;0.0;1016;10;27;22;14;0.0;1015;6;37;26;18;3.2;1016;10;40;17;6;0.6;1018;6
19;279;23;16;0.0;1013;8;29;21;13;0.0;1013;12;36;21;12;0.0;1014;8;14;22;15;0.0;1013;5;62;20;14;1.3;1012;6;62;21;13;1.5;1009;12;67;20;12;0.3;1015;9;23;25;18;0.9;1012;9;70;20;2;0.0;1013;3
36;280;22;15;0.4;1012;12;65;20;14;0.4;1013;10;34;19;11;0.0;1014;15;21;22;15;0.6;1011;6;85;15;13;21.5;1012;11;88;17;14;6.1;1013;13;24;10;5;0.0;1022;15;38;22;17;0.4;1014;24;87;15;10;17.0;1010;5
87;281;18;13;0.2;1018;10;92;17;14;0.4;1017;9;68;15;8;1.8;1018;6;74;19;15;0.7;1018;7;100;15;13;10.6;1016;12;78;17;10;0.0;1020;9;37;11;4;0.0;1023;13;56;17;10;0.4;1022;24;90;17;11;5.1;1014;4
95;282;18;13;0.9;1020;8;87;14;10;1.5;1020;9;74;16;9;6.5;1020;10;71;17;14;3.8;1020;7;76;19;13;0.5;1019;6;16;19;8;0.0;1020;4;14;10;2;0.0;1026;9;69;15;11;3.5;1021;8;82;17;7;0.6;1018;4
78;283;16;11;0.2;1017;17;90;10;7;0.6;1019;18;48;13;5;0.1;1020;17;65;21;14;18.7;1016;9;86;13;11;10.7;1014;18;53;16;7;0.0;1018;12;6;8;0;0.0;1027;9;100;15;12;6.6;1020;23;100;11;7;35.5;1012;6
92;284;11;8;14.6;1010;29;85;9;5;0.0;1016;35;81;8;5;5.2;1014;26;81;15;12;13.5;1006;17;90;10;9;27.6;1009;25;39;13;5;0.0;1017;15;61;8;1;0.0;1024;14;100;13;11;12.3;1011;40;100;13;7;24.7;1003;6
91;285;11;8;7.4;1015;10;33;8;3;0.0;1018;25;100;6;5;20.7;1016;13;91;10;9;16.6;1015;14;18;14;5;0.0;1017;6;33;12;0;0.0;1019;12;88;5;3;5.1;1024;17;100;10;9;12.3;1015;19;55;14;5;3.2;1015;4
69;286;12;6;0.1;1020;9;32;12;2;0.0;1019;14;75;9;6;0.2;1021;8;28;16;7;0.0;1020;6;86;9;5;7.8;1017;5;41;14;3;7.2;1015;9;80;7;4;2.7;1023;14;82;14;9;0.5;1023;11;18;18;2;0.0;1018;6
81;287;13;9;7.7;1016;22;100;10;6;13.1;1017;14;73;13;6;0.6;1019;5;57;16;10;4.7;1017;10;100;15;10;23.1;1011;10;93;9;4;12.5;1016;5;22;9;3;0.2;1024;14;18;14;6;0.0;1024;14;63;18;6;1.0;1014;12
89;288;15;12;18.5;1015;22;98;12;9;17.9;1013;24;62;17;10;4.6;1018;7;31;24;13;0.1;1017;13;74;18;11;13.6;1010;4;99;6;3;14.0;1014;11;59;8;6;3.0;1025;20;40;17;10;0.0;1025;21;68;15;10;2.9;1014;10
94;289;17;12;1.4;1016;18;91;14;11;8.3;1016;22;85;14;9;11.7;1019;6;54;23;14;6.0;1019;13;34;19;9;0.3;1015;8;99;7;4;2.1;1018;8;66;12;8;1.9;1022;17;95;17;11;0.2;1025;21;55;17;10;3.2;1015;7
68;290;17;13;3.1;1018;9;57;12;7;0.0;1019;6;100;13;11;17.1;1018;7;82;18;14;9.6;1019;8;47;17;9;0.2;1018;5;73;11;3;3.4;1019;8;84;15;9;2.3;1019;10;84;17;14;1.4;1022;19;31;16;4;1.1;1018;5
56;291;16;10;0.0;1019;6;48;13;5;0.1;1019;5;69;14;8;0.1;1020;6;52;19;12;0.0;1019;5;84;16;9;0.1;1018;3;76;10;5;0.5;1019;5;71;14;10;1.9;1019;8;16;21;14;0.0;1020;6;31;16;2;0.0;1019;5
100;292;14;11;12.1;1017;13;61;14;8;0.6;1019;12;67;13;8;5.5;1017;11;83;14;12;33.9;1015;14;95;11;8;14.3;1016;13;64;11;5;0.2;1022;6;48;14;6;0.0;1020;5;29;22;15;0.0;1016;9;79;14;5;9.6;1014;6
61;293;12;7;6.8;1014;21;82;12;7;0.9;1018;18;92;9;6;33.7;1013;18;91;11;10;0.6;1015;15;49;14;6;0.0;1018;6;52;10;2;0.2;1022;5;100;8;4;8.8;1015;8;89;17;14;4.5;1013;12;86;9;3;2.9;1016;6
17;294;13;5;0.0;1018;14;81;12;6;0.4;1019;12;69;11;7;0.6;1017;4;34;12;6;0.0;1018;8;39;14;6;0.0;1019;4;90;11;3;0.1;1021;4;100;8;7;14.0;1013;15;30;18;10;1.6;1015;10;54;9;0;0.1;1018;5
14;295;14;7;0.0;1017;7;50;13;6;0.0;1018;9;63;12;6;0.6;1017;2;22;14;7;0.0;1016;11;16;14;6;0.0;1017;17;75;11;5;0.8;1019;11;90;10;6;3.7;1015;10;62;13;10;4.0;1015;13;85;7;0;0.7;1013;9
23;296;15;7;0.0;1021;13;40;15;9;0.2;1022;13;31;11;6;0.0;1020;3;7;15;6;0.0;1020;10;50;13;6;0.1;1022;4;61;13;9;0.6;1024;8;94;10;6;1.1;1016;14;58;15;10;1.4;1018;12;57;9;0;1.2;1019;8
6;297;15;10;0.0;1024;7;15;14;6;0.0;1023;7;3;14;5;0.0;1024;5;2;17;7;0.0;1023;12;4;17;6;0.0;1023;4;48;15;5;0.0;1020;10;83;9;6;0.2;1022;10;8;16;10;0.0;1022;9;42;14;2;0.1;1023;5
33;298;15;7;0.0;1023;10;39;15;6;0.0;1023;8;38;13;5;0.0;1023;7;21;16;7;0.0;1024;4;23;16;5;0.0;1023;2;60;15;8;0.0;1024;9;77;13;5;0.2;1021;10;12;17;11;0.0;1023;10;37;19;2;0.0;1023;5
6;299;15;9;0.0;1025;9;19;15;8;0.0;1025;10;53;13;5;0.1;1026;8;8;16;8;0.0;1024;5;19;18;8;0.0;1024;5;25;16;7;0.0;1022;11;30;11;7;0.4;1026;10;34;16;10;0.0;1023;12;21;15;1;0.0;1023;4
7;300;14;7;0.0;1024;13;16;14;7;0.0;1023;17;3;13;4;0.0;1025;8;6;17;9;0.0;1024;5;0;17;7;0.0;1022;3;3;15;5;0.0;1018;9;41;12;3;0.0;1027;4;35;14;10;0.0;1026;12;5;19;1;0.0;1021;4
4;301;15;7;0.0;1021;16;8;14;7;0.0;1019;27;6;13;4;0.0;1022;5;1;18;8;0.0;1022;6;34;17;5;0.0;1018;5;21;15;5;0.0;1013;8;13;11;3;0.0;1025;10;1;16;9;0.0;1026;5;3;18;3;0.0;1019;6
54;302;14;7;0.0;1020;12;68;13;7;0.1;1020;18;25;13;4;0.0;1021;4;17;17;7;0.0;1021;6;88;13;10;4.4;1018;9;28;13;7;0.0;1019;5;30;10;4;0.0;1024;13;5;14;8;0.0;1026;12;37;16;2;0.0;1018;5
30;303;15;8;0.0;1028;6;15;15;5;0.0;1028;5;14;15;5;0.0;1028;7;9;15;7;0.0;1028;3;6;13;7;0.0;1027;12;8;14;5;0.0;1026;9;15;13;5;0.0;1031;6;36;14;8;0.0;1030;15;25;12;1;0.0;1024;6
2;304;17;8;0.0;1036;6;1;14;6;0.0;1035;12;0;14;6;0.0;1036;5;0;15;6;0.0;1036;5;1;14;6;0.0;1034;17;2;15;5;0.0;1028;10;21;11;3;0.0;1040;10;0;11;6;0.0;1040;25;3;11;0;0.0;1030;8
3;305;16;8;0.0;1040;4;5;12;5;0.0;1038;17;10;13;3;0.0;1039;5;0;13;4;0.0;1040;4;0;11;3;0.0;1038;15;0;14;4;0.0;1031;9;14;12;3;0.0;1037;9;0;12;5;0.0;1041;12;2;11;-2;0.0;1034;7
20;306;13;3;0.0;1035;4;22;12;2;0.0;1033;11;28;11;2;0.0;1034;5;20;14;5;0.0;1034;4;6;12;4;0.0;1033;4;6;13;2;0.0;1028;7;9;11;4;0.0;1031;10;37;14;6;0.0;1033;17;7;15;-1;0.0;1033;4
21;307;13;5;0.0;1028;8;18;12;1;0.0;1026;11;3;11;3;0.0;1028;5;0;15;4;0.0;1029;3;10;16;3;0.0;1027;7;4;14;2;0.0;1023;6;15;14;4;0.0;1027;6;3;17;8;0.0;1028;5;16;18;-1;0.0;1027;3
19;308;13;4;0.0;1023;5;28;10;0;0.0;1023;3;2;12;2;0.0;1023;5;0;17;5;0.0;1023;4;5;17;6;0.0;1022;6;46;16;6;0.0;1023;6;56;12;3;0.0;1022;8;0;19;10;0.0;1023;4;6;19;0;0.0;1022;3
2;309;15;7;0.0;1022;8;28;14;2;0.0;1023;4;4;14;4;0.0;1021;7;0;14;5;0.0;1022;5;8;15;5;0.0;1022;3;19;17;6;0.0;1023;6;40;8;1;0.0;1024;6;0;20;11;0.0;1020;8;1;17;1;0.0;1021;3
5;310;15;8;0.0;1025;3;23;15;4;0.0;1025;4;6;12;3;0.0;1024;4;0;14;5;0.0;1025;5;7;18;5;0.0;1025;3;65;14;10;0.3;1025;9;32;8;0;0.0;1026;4;0;18;9;0.0;1023;6;0;14;0;0.0;1024;4
35;311;15;6;0.0;1027;9;68;14;8;1.6;1026;8;38;11;3;0.1;1026;6;23;13;5;0.0;1028;6;17;18;6;0.0;1028;5;93;17;14;2.1;1027;12;87;10;4;0.1;1025;6;4;15;8;0.0;1026;7;6;14;0;0.0;1028;3
35;312;18;8;0.0;1028;12;53;18;11;0.1;1028;10;38;11;5;0.0;1028;5;75;16;9;0.1;1029;8;12;21;9;0.0;1029;3;58;17;12;0.0;1029;8;69;14;12;2.0;1022;18;12;15;8;0.0;1026;9;40;16;0;0.0;1030;2
29;313;18;10;0.0;1024;13;46;18;9;0.7;1024;15;76;10;4;1.1;1023;4;34;18;9;0.2;1024;9;4;21;12;0.0;1025;6;68;15;12;0.5;1026;19;82;10;4;5.6;1019;13;38;18;10;0.2;1021;8;5;19;3;0.0;1026;5
56;314;18;14;0.0;1022;27;71;17;12;2.2;1023;22;72;14;6;0.8;1019;6;70;14;11;0.2;1023;10;18;20;10;0.0;1025;3;41;15;10;0.0;1027;17;100;13;11;7.2;1012;21;27;18;12;0.6;1018;12;23;18;3;0.0;1026;3
25;315;19;12;0.0;1023;21;77;16;12;0.5;1024;12;77;17;10;0.6;1021;5;50;18;10;0.0;1023;8;3;21;11;0.0;1025;4;47;15;11;0.0;1026;9;100;14;13;2.9;1016;19;28;22;13;0.8;1019;9;8;18;5;0.0;1025;4
11;316;18;12;0.0;1026;15;17;15;9;0.0;1027;9;38;15;8;0.0;1025;6;11;18;11;0.0;1026;7;9;21;10;0.0;1026;4;79;13;6;0.0;1028;8;84;13;10;0.5;1021;18;7;19;13;0.0;1024;10;3;19;4;0.0;1026;3
20;317;14;8;0.0;1028;9;25;13;7;0.0;1026;10;26;13;4;0.0;1027;9;5;17;8;0.0;1027;5;28;15;7;0.0;1027;5;43;14;6;0.9;1025;16;62;11;8;0.0;1025;10;4;17;13;0.0;1028;10;18;18;3;0.0;1027;5
22;318;12;8;0.0;1027;22;50;10;7;0.7;1027;22;39;12;6;0.1;1024;9;26;16;9;0.0;1027;12;43;14;7;0.0;1027;8;58;10;5;1.3;1029;21;98;10;7;3.4;1018;19;15;18;11;0.0;1022;10;56;10;3;0.0;1027;7
81;319;10;9;3.2;1018;25;91;12;7;21.2;1015;23;72;8;3;1.6;1015;22;55;13;7;0.8;1021;12;25;14;5;0.0;1020;10;92;11;7;3.8;1018;32;90;7;5;4.5;1009;12;38;14;8;0.0;1019;12;41;14;1;0.0;1021;6
43;320;16;13;0.2;1016;26;28;15;12;0.3;1015;21;79;10;5;1.1;1014;6;72;16;11;3.0;1016;14;7;19;8;0.0;1019;7;35;15;7;0.0;1018;17;91;8;5;0.4;1013;8;50;19;10;0.7;1013;20;4;17;3;0.0;1019;4
41;321;17;10;0.0;1018;8;60;12;7;3.7;1017;11;89;10;6;1.9;1017;9;32;18;9;0.0;1020;11;29;19;9;0.0;1019;8;99;13;9;1.8;1016;23;98;11;7;0.9;1013;13;38;14;7;0.0;1022;10;27;16;2;0.0;1020;7
34;322;19;13;0.3;1018;21;58;15;11;0.6;1016;22;53;15;8;0.3;1015;16;29;16;11;0.0;1020;10;13;17;10;0.0;1020;12;79;13;12;0.6;1017;31;99;13;9;6.0;1006;22;13;17;8;0.0;1017;16;15;14;3;0.0;1021;7
26;323;17;10;0.0;1020;15;67;13;8;3.6;1017;19;51;14;5;0.2;1017;19;28;17;9;0.0;1021;8;27;16;7;0.0;1021;9;100;13;9;4.3;1016;31;85;11;8;0.8;1010;17;25;17;10;0.0;1020;11;4;16;3;0.0;1022;7
69;324;15;11;2.2;1009;26;81;13;8;11.1;1006;22;61;13;8;4.2;1007;24;36;15;9;0.0;1013;15;67;17;8;0.1;1012;22;96;9;7;26.6;1005;15;90;9;5;5.8;1002;15;45;18;11;0.0;1013;18;57;11;2;0.0;1017;10
90;325;9;8;8.2;993;21;77;7;4;0.9;996;14;93;8;6;6.0;993;16;74;17;12;7.2;993;33;93;14;6;34.3;993;22;64;5;3;1.9;998;10;80;7;3;4.4;995;4;41;18;12;0.0;999;12;69;12;7;9.8;995;21
82;326;6;3;6.6;1000;17;93;6;2;0.3;1002;12;82;6;3;4.1;998;15;87;13;6;7.3;999;14;74;6;2;3.3;1002;11;73;2;0;1.1;1005;18;97;4;2;7.8;999;8;57;21;14;3.7;999;21;78;6;3;20.3;999;9
36;327;6;1;0.0;1021;13;41;5;-1;0.2;1020;14;80;5;2;1.4;1020;7;27;7;2;0.0;1021;9;73;6;2;1.0;1021;8;93;3;-1;1.2;1021;16;73;4;1;0.2;1019;6;44;14;11;2.8;1019;13;95;5;1;1.3;1019;5
24;328;6;1;0.0;1025;7;9;3;-2;0.0;1025;6;7;3;-1;0.0;1025;5;76;8;5;2.3;1024;15;83;5;2;1.1;1025;10;38;3;-2;0.0;1023;11;59;3;-1;0.0;1025;8;100;10;8;14.6;1022;20;100;3;-1;5.8;1022;6
12;329;5;0;0.0;1014;6;48;3;-2;0.0;1013;16;2;3;-2;0.0;1014;3;47;7;1;0.0;1013;6;51;4;1;0.0;1013;4;99;5;1;2.9;1009;13;16;2;0;0.0;1015;9;100;7;6;9.0;1012;25;75;3;-9;0.5;1011;4
8;330;5;0;0.0;1010;13;39;5;-1;0.1;1013;9;24;2;-2;0.0;1010;19;69;7;3;0.6;1007;14;65;5;2;0.2;1010;13;98;4;2;0.4;1016;9;84;3;-1;0.0;1014;7;82;9;6;22.2;1003;23;100;1;-2;2.5;1007;8
74;331;5;1;0.1;1015;12;35;3;0;0.0;1018;14;51;3;-1;0.0;1016;17;49;6;1;1.9;1013;10;67;5;1;0.1;1015;23;8;4;-2;0.0;1020;3;30;2;-1;0.0;1021;6;100;6;5;11.8;1012;33;100;0;-3;5.6;1010;8
79;332;3;1;6.2;1011;19;41;4;-1;0.6;1013;9;92;3;-1;4.1;1010;12;98;5;3;7.5;1010;14;45;5;0;0.0;1014;7;57;3;-3;3.7;1016;15;94;2;-1;0.7;1012;8;74;10;6;12.0;1008;24;87;2;-5;3.3;1013;3
41;333;5;1;0.5;1021;21;55;4;-1;2.6;1020;14;57;1;-2;0.7;1019;6;59;5;3;0.9;1022;14;29;8;2;0.0;1024;8;87;6;2;9.0;1018;30;85;3;1;0.4;1014;14;35;9;4;0.0;1017;15;42;3;-8;0.1;1025;4
82;334;10;6;2.1;1020;24;87;9;6;10.0;1017;27;67;7;2;1.0;1016;11;85;6;4;6.7;1023;17;32;10;3;0.0;1024;15;100;9;8;20.2;1019;41;96;6;2;3.5;1008;21;36;11;3;0.0;1020;19;56;2;-7;0.0;1026;7
81;335;11;9;2.7;1020;29;77;10;7;3.0;1019;28;34;9;4;0.9;1016;18;95;10;7;9.6;1021;20;36;11;8;0.0;1024;15;100;10;9;8.5;1023;36;97;4;3;7.4;1009;19;43;15;7;0.3;1018;28;84;3;-4;0.1;1026;7
54;336;11;6;0.3;1029;15;57;13;5;3.5;1028;12;57;5;1;0.8;1027;5;70;9;6;0.2;1029;11;15;14;5;0.0;1029;3;84;11;7;0.4;1030;11;96;4;2;0.5;1024;11;14;9;5;0.0;1026;12;26;7;-5;0.0;1029;3
12;337;13;5;0.0;1032;8;20;10;5;0.0;1032;4;60;4;1;0.2;1032;2;49;10;6;0.0;1032;5;4;13;5;0.0;1031;4;27;9;3;0.0;1030;7;100;8;3;0.6;1030;7;24;10;4;0.0;1031;4;9;9;-3;0.0;1031;4
49;338;9;3;0.0;1033;8;60;7;3;0.2;1032;12;77;6;1;0.1;1033;9;13;11;4;0.0;1034;6;25;13;3;0.0;1032;4;59;6;3;1.4;1031;13;59;6;4;0.2;1030;13;28;9;6;0.0;1036;8;5;8;-2;0.0;1032;5
17;339;9;3;0.0;1035;6;24;8;2;0.0;1035;6;83;6;0;0.0;1035;5;39;10;4;0.0;1036;4;26;10;3;0.0;1035;3;30;9;3;0.1;1033;10;50;8;4;0.2;1031;15;6;11;4;0.0;1035;6;26;9;-4;0.0;1035;3
11;340;10;2;0.0;1034;8;33;5;1;0.0;1031;8;80;6;3;0.0;1033;13;2;9;2;0.0;1034;3;2;11;4;0.0;1033;12;14;10;4;0.0;1029;13;26;8;6;0.0;1026;19;33;11;4;0.0;1033;16;1;9;-2;0.0;1034;7
2;341;9;4;0.0;1036;6;30;7;1;0.0;1036;4;58;6;1;0.0;1036;5;14;9;2;0.0;1036;4;11;11;4;0.0;1036;5;45;11;6;0.0;1034;8;91;8;5;0.2;1031;14;41;12;6;0.0;1033;9;10;8;-2;0.0;1036;3
17;342;7;1;0.0;1037;4;18;6;1;0.0;1036;6;29;8;2;0.0;1037;3;76;7;0;0.0;1037;3;18;9;2;0.0;1035;1;7;9;5;0.0;1033;6;69;7;2;0.0;1038;5;66;10;5;0.0;1037;11;10;8;-5;0.0;1034;3
64;343;6;2;0.0;1034;5;95;5;0;2.9;1034;6;64;5;0;0.0;1033;5;41;8;2;0.0;1034;4;44;6;0;0.0;1034;3;82;7;4;1.6;1036;10;54;4;0;0.0;1032;8;19;8;3;0.0;1035;10;15;7;-4;0.0;1032;3
65;344;7;3;1.2;1036;7;20;6;2;1.3;1037;8;82;6;2;2.1;1035;9;66;7;3;0.2;1035;6;40;9;4;0.1;1037;7;20;7;1;0.0;1037;10;85;6;1;1.0;1035;8;36;7;1;0.0;1033;9;98;3;-1;2.0;1034;6
9;345;7;4;0.0;1032;9;17;5;0;0.0;1030;9;58;5;1;0.0;1031;10;54;6;1;0.0;1033;5;4;7;1;0.0;1032;5;42;7;1;0.4;1029;15;40;4;0;0.4;1026;13;74;7;4;0.0;1031;9;55;4;-7;0.3;1032;3
43;346;8;2;0.0;1027;13;63;7;5;1.2;1025;13;49;5;0;0.2;1025;6;70;7;1;0.0;1028;6;15;8;0;0.0;1027;3;92;8;4;4.6;1025;18;98;5;2;7.5;1018;16;7;7;2;0.0;1025;15;7;6;-6;0.0;1028;4
28;347;7;3;0.0;1023;12;42;7;2;0.0;1021;12;68;5;1;0.9;1021;13;15;8;2;0.0;1024;5;11;9;2;0.0;1023;9;92;9;5;0.4;1022;15;100;6;2;6.0;1013;19;13;8;2;0.0;1024;7;11;6;-3;0.0;1024;7
32;348;6;1;0.0;1027;9;56;5;0;0.0;1027;5;57;4;-1;0.0;1027;5;16;6;0;0.0;1027;4;47;7;2;0.0;1026;4;57;8;3;0.0;1023;8;78;4;0;0.5;1025;10;16;8;3;0.0;1025;12;9;7;-3;0.0;1026;3
71;349;5;1;0.0;1029;5;80;3;0;0.1;1028;5;79;3;-1;0.1;1029;5;53;7;1;0.0;1029;4;39;8;1;0.0;1028;1;50;8;3;0.1;1026;8;94;3;0;0.9;1029;6;31;7;2;0.0;1030;10;13;7;-3;0.0;1027;2
22;350;8;0;0.0;1033;4;19;4;1;0.0;1032;5;37;5;-1;0.0;1032;4;41;4;0;0.0;1032;4;24;8;1;0.0;1032;3;80;8;4;0.8;1028;10;77;3;-1;0.0;1032;6;91;4;1;1.1;1032;14;32;5;-4;0.0;1031;4
35;351;4;1;0.5;1033;9;95;3;0;4.3;1030;10;51;2;-2;1.1;1032;13;1;5;-2;0.0;1034;3;44;6;0;0.0;1032;5;87;11;8;4.7;1027;12;71;4;1;1.1;1026;14;21;5;2;0.0;1034;10;12;6;-5;0.0;1032;4
84;352;5;1;0.1;1029;6;96;5;2;0.3;1027;6;100;1;-1;1.3;1028;9;78;6;0;0.0;1030;3;24;9;1;0.0;1028;3;74;11;7;2.0;1026;10;100;8;4;6.1;1021;13;46;6;0;0.0;1027;17;15;5;-4;0.0;1028;3
75;353;5;1;0.6;1030;3;51;8;2;0.0;1028;6;75;3;-2;1.2;1029;5;56;5;1;0.8;1030;4;11;10;2;0.0;1028;2;28;11;7;0.0;1025;8;92;8;6;0.6;1024;12;42;8;2;0.0;1028;6;58;5;-3;0.0;1028;3
51;354;5;1;0.0;1032;8;69;5;2;0.0;1029;10;87;3;-1;0.0;1031;8;31;7;4;0.2;1032;3;7;10;2;0.0;1029;5;11;10;5;0.0;1023;10;39;8;4;0.0;1026;12;11;10;4;0.0;1031;14;7;8;-3;0.0;1030;5
63;355;7;3;0.0;1030;9;87;5;3;0.9;1028;10;93;4;1;0.4;1029;13;9;9;3;0.0;1031;6;5;12;5;0.0;1030;15;55;9;7;5.5;1026;14;36;6;3;1.0;1023;15;2;12;5;0.0;1029;19;0;7;-1;0.0;1032;7
12;356;10;4;0.0;1032;9;37;11;5;0.1;1030;11;70;5;1;0.0;1031;6;14;8;2;0.0;1034;6;9;11;6;0.0;1033;9;50;11;7;0.4;1029;15;85;9;6;1.8;1022;19;1;11;4;0.0;1030;11;4;8;-2;0.0;1034;3
10;357;10;5;0.0;1031;7;18;7;4;0.0;1030;6;89;5;1;0.0;1031;8;5;12;3;0.0;1032;4;18;12;6;0.0;1031;10;52;11;6;0.3;1029;13;64;11;8;0.1;1024;16;6;13;6;0.0;1031;12;13;8;0;0.0;1032;6
7;358;8;3;0.0;1032;6;15;8;2;0.0;1031;6;22;7;3;0.0;1031;5;3;8;3;0.0;1032;6;6;11;5;0.0;1031;8;45;10;6;0.0;1028;12;54;8;5;0.0;1030;8;3;13;8;0.0;1031;15;1;10;0;0.0;1032;3
28;359;9;2;0.0;1034;5;35;6;2;0.0;1032;7;92;5;2;0.0;1033;8;57;8;4;0.1;1034;3;5;12;4;0.0;1034;7;57;11;6;0.2;1030;13;79;8;4;0.2;1028;13;5;11;5;0.0;1031;9;6;8;-6;0.0;1034;3
18;360;11;4;0.0;1034;8;48;9;4;0.0;1031;8;74;4;2;0.2;1032;10;49;9;2;0.0;1035;3;2;14;5;0.0;1033;4;28;12;7;0.0;1031;10;100;10;7;0.7;1024;19;6;11;5;0.0;1033;12;0;8;-2;0.0;1034;5
12;361;12;4;0.0;1032;5;10;9;2;0.0;1031;6;66;5;0;0.2;1032;5;4;12;3;0.0;1033;3;0;15;5;0.0;1032;3;23;11;6;0.0;1031;9;88;12;8;0.2;1025;16;6;14;6;0.0;1031;12;0;10;1;0.0;1032;4
7;362;11;4;0.0;1031;10;33;9;2;0.0;1031;6;47;5;0;0.0;1030;4;12;8;2;0.0;1031;4;21;12;3;0.0;1030;2;26;10;4;0.0;1030;7;89;9;5;1.6;1027;13;11;13;7;0.0;1028;12;9;9;1;0.0;1030;2
16;363;8;4;0.0;1032;10;42;5;1;0.0;1033;12;18;3;0;0.0;1033;21;20;5;1;0.0;1030;7;35;7;2;0.0;1031;9;11;9;2;0.0;1029;7;37;4;-1;0.3;1038;11;84;7;2;1.0;1030;27;14;7;-2;0.0;1029;4
0;364;2;-2;0.0;1037;17;18;3;-2;0.0;1037;13;0;-1;-4;0.0;1039;16;72;3;-1;1.7;1035;8;13;3;0;0.0;1035;13;23;5;0;0.0;1029;10;23;0;-3;0.0;1043;9;48;1;-1;0.0;1037;23;57;1;-3;0.4;1032;7
18;365;2;-4;0.0;1035;12;32;-1;-4;0.0;1032;20;0;-2;-6;0.0;1035;4;0;1;-2;0.0;1034;8;28;4;-2;0.0;1032;5;53;4;0;3.0;1025;12;0;-1;-6;0.0;1036;7;10;-1;-4;0.0;1036;12;54;0;-6;0.1;1031;5
