cloudcover;day;maxtemp;mintemp;precipMM;pressure;windspeed;cloudcover;maxtemp;mintemp;precipMM;pressure;windspeed;cloudcover;maxtemp;mintemp;precipMM;pressure;windspeed;cloudcover;maxtemp;mintemp;precipMM;pressure;windspeed;cloudcover;maxtemp;mintemp;precipMM;pressure;windspeed;cloudcover;maxtemp;mintemp;precipMM;pressure;windspeed;cloudcover;maxtemp;mintemp;precipMM;pressure;windspeed;cloudcover;maxtemp;mintemp;precipMM;pressure;windspeed;cloudcover;maxtemp;mintemp;precipMM;pressure;windspeed
4;244;32;25;0.0;1020;6;6;28;20;0.0;1021;7;6;29;17;0.0;1020;6;1;31;22;0.0;1020;7;11;33;22;0.0;1020;6;43;26;12;0.1;1022;8;5;23;12;0.0;1021;5;26;29;23;0.0;1021;12;13;27;8;0.1;1020;5
10;245;30;20;0.0;1019;10;24;26;19;0.0;1022;9;20;26;20;0.0;1019;13;6;32;24;0.0;1017;8;34;31;21;0.0;1020;10;19;26;12;0.0;1022;5;23;23;13;0.7;1019;8;23;31;24;0.0;1017;7;7;26;7;0.0;1019;5
22;246;31;22;0.0;1018;6;26;28;18;0.0;1019;6;21;27;18;0.0;1019;9;6;31;22;0.0;1017;12;23;31;21;0.0;1019;5;23;28;13;0.0;1018;7;17;22;12;0.0;1019;5;43;31;23;0.0;1017;5;11;25;7;0.0;1018;5
26;247;32;25;0.5;1015;9;32;30;20;0.1;1015;12;15;29;20;2.4;1016;12;8;33;24;0.0;1017;5;21;33;24;0.1;1016;6;56;25;13;3.6;1015;13;23;29;15;2.6;1013;11;17;33;24;0.0;1018;7;8;27;6;0.0;1018;4
54;248;22;17;11.0;1014;18;66;21;17;17.4;1015;19;84;17;15;24.1;1012;7;48;31;18;6.8;1013;14;80;18;16;40.9;1016;9;72;19;14;3.1;1020;16;92;20;16;26.0;1011;10;8;33;26;0.0;1013;12;61;20;10;16.4;1016;7
45;249;25;16;0.0;1018;11;74;21;15;0.8;1022;21;58;24;16;6.3;1018;16;67;26;17;0.9;1017;8;53;18;15;1.4;1019;15;37;24;14;0.0;1026;8;60;25;15;0.4;1022;10;34;32;23;0.0;1015;17;100;14;9;6.7;1016;7
7;250;30;20;0.1;1021;15;8;28;17;0.0;1023;11;6;29;18;0.0;1023;12;9;32;20;0.0;1020;5;33;27;17;0.0;1020;18;8;28;11;0.0;1021;10;6;23;12;0.0;1025;4;11;33;23;0.0;1021;17;98;18;10;6.0;1017;8
12;251;31;22;0.0;1016;7;7;28;20;0.0;1017;8;5;29;21;0.0;1018;6;27;32;22;0.0;1016;9;32;28;19;0.3;1016;12;13;28;15;0.0;1015;7;4;25;12;0.0;1018;4;18;32;25;0.0;1017;14;70;23;8;1.5;1014;5
6;252;32;24;0.0;1015;9;8;30;23;0.0;1017;4;8;30;21;0.0;1016;11;18;33;24;0.1;1014;6;14;30;20;0.0;1015;13;22;27;12;0.4;1017;6;6;29;14;0.0;1018;6;12;33;26;0.0;1015;13;39;23;7;4.0;1014;6
14;253;33;23;0.0;1016;7;7;30;22;0.0;1017;6;4;30;21;0.0;1017;8;34;33;24;0.0;1015;7;28;30;20;0.0;1016;14;29;30;13;0.0;1017;4;18;30;15;0.0;1018;5;11;34;27;0.0;1017;12;36;25;8;7.2;1014;5
16;254;33;25;0.0;1017;6;10;30;23;0.0;1018;6;4;29;21;0.0;1018;9;26;34;25;1.0;1017;6;21;30;21;0.1;1017;11;28;30;13;0.0;1017;4;14;30;15;0.0;1019;5;13;32;24;0.0;1018;12;17;26;7;3.0;1016;5
12;255;32;24;0.0;1018;8;9;31;24;0.0;1020;7;11;30;20;0.0;1019;9;15;33;24;0.0;1018;5;15;31;22;0.2;1018;8;4;30;14;0.0;1018;7;7;30;15;0.0;1021;5;12;32;25;0.0;1020;11;12;26;8;0.2;1018;5
18;256;32;24;0.4;1017;8;13;30;22;0.0;1018;9;13;29;21;0.2;1018;9;32;31;23;6.4;1017;6;17;32;22;0.3;1017;6;2;30;13;0.0;1016;8;11;25;13;0.0;1019;7;20;31;24;0.0;1018;9;8;25;8;1.2;1017;5
10;257;31;21;0.2;1015;9;19;29;21;0.0;1016;11;11;27;18;0.0;1016;14;15;29;22;2.3;1014;6;21;31;23;2.0;1015;4;2;29;13;0.0;1014;12;2;23;10;0.0;1019;8;48;32;25;0.0;1014;8;9;26;7;3.2;1015;3
13;258;31;20;0.0;1016;10;11;27;18;0.0;1016;14;10;26;16;0.0;1017;8;9;31;23;0.0;1016;5;9;30;22;0.0;1016;7;14;28;17;0.0;1012;12;0;21;8;0.0;1019;6;19;30;22;1.2;1017;13;11;26;7;0.4;1017;5
17;259;31;22;0.0;1014;13;21;27;19;0.0;1013;9;19;28;20;0.0;1015;9;10;32;23;0.0;1016;8;31;29;19;0.1;1015;14;43;23;15;1.6;1014;8;2;23;8;0.0;1015;5;9;32;23;0.0;1017;9;12;26;10;0.0;1017;7
34;260;27;22;9.4;1010;10;66;21;17;7.5;1010;13;42;28;19;3.7;1011;8;29;31;23;4.2;1011;10;27;26;20;16.8;1011;12;100;17;13;75.7;1012;20;43;23;10;0.1;1014;12;11;34;26;0.0;1012;8;30;23;11;0.2;1013;11
37;261;26;18;0.0;1011;11;66;23;16;0.0;1012;9;26;26;19;0.0;1011;7;28;29;22;1.2;1010;5;79;22;16;28.5;1012;5;92;17;14;8.9;1012;8;87;16;13;5.1;1015;12;19;34;27;0.0;1010;12;48;23;8;5.2;1012;6
39;262;26;18;6.7;1008;11;51;21;14;0.0;1012;16;48;21;16;0.1;1009;22;89;23;19;8.1;1006;6;75;20;15;34.0;1010;9;99;15;11;1.3;1017;9;21;19;7;0.0;1015;11;93;20;18;15.8;1007;26;80;19;11;17.1;1008;5
46;263;23;15;0.0;1012;13;15;18;12;0.0;1016;14;16;18;12;0.0;1012;24;82;16;14;16.4;1008;12;68;22;15;0.0;1014;8;16;18;6;0.0;1019;8;31;16;3;0.0;1016;9;91;17;13;16.4;1008;17;96;13;8;7.5;1012;6
64;264;20;14;0.1;1017;7;48;19;11;1.0;1019;8;27;17;9;0.3;1017;14;43;19;12;0.0;1016;9;39;19;13;0.0;1018;9;9;19;8;0.0;1020;8;57;16;4;0.8;1018;8;74;16;14;0.6;1015;8;45;17;1;0.0;1016;6
14;265;20;13;0.0;1021;10;12;19;11;0.0;1022;8;37;17;9;0.9;1020;11;34;19;11;0.2;1020;9;16;21;12;0.0;1021;6;12;18;5;0.0;1022;4;78;14;5;1.5;1020;9;53;18;12;2.1;1018;6;33;15;0;0.1;1020;4
14;266;22;13;0.0;1025;8;55;21;11;0.0;1024;4;31;20;12;0.0;1024;5;9;21;13;0.0;1025;6;8;22;13;0.0;1025;4;23;20;7;0.0;1025;6;75;18;9;0.5;1022;10;12;21;14;0.2;1024;9;4;20;0;0.0;1025;3
23;267;24;15;0.0;1025;8;19;23;13;0.0;1026;5;45;20;12;0.0;1025;4;19;22;15;0.0;1026;5;9;24;13;0.0;1026;2;2;20;6;0.0;1025;4;33;16;7;3.2;1024;9;13;23;16;0.0;1026;4;9;19;-1;0.0;1026;4
22;268;23;15;0.0;1022;9;11;22;14;0.0;1023;9;31;19;11;0.0;1023;13;31;24;16;0.0;1021;7;24;23;14;0.0;1022;3;37;23;6;0.0;1021;7;19;18;5;0.0;1024;6;73;22;15;7.5;1021;12;19;18;0;0.0;1022;4
28;269;23;15;0.0;1022;5;3;21;12;0.0;1023;5;12;19;10;0.0;1023;12;16;23;14;0.0;1021;6;25;23;13;0.0;1022;6;12;23;7;1.1;1022;5;12;16;8;0.0;1026;6;69;21;15;0.6;1022;9;24;16;-1;0.1;1021;4
25;270;24;14;0.0;1026;5;11;22;13;0.0;1026;4;20;21;12;0.0;1026;6;17;22;14;0.0;1025;5;17;23;13;0.0;1025;3;21;22;8;0.0;1026;4;6;16;4;0.0;1028;6;59;22;15;0.0;1025;6;13;18;-1;0.0;1025;4
11;271;25;17;0.0;1028;10;20;23;13;0.0;1027;10;18;21;13;0.0;1027;7;10;24;15;0.0;1028;4;5;25;14;0.0;1028;5;10;21;8;0.0;1028;11;37;19;3;0.0;1024;10;5;25;16;0.0;1028;8;10;20;-1;0.0;1029;3
8;272;26;16;0.0;1023;15;12;25;14;0.0;1022;10;24;23;13;0.0;1022;6;8;25;15;0.0;1025;8;22;25;13;0.0;1025;9;5;23;13;0.0;1022;12;56;22;15;0.1;1018;15;12;25;15;0.0;1023;11;7;25;1;0.0;1027;2
15;273;26;16;0.0;1018;11;17;25;15;0.0;1017;8;20;24;13;0.0;1019;13;21;26;17;0.0;1020;5;15;26;13;0.0;1019;13;36;23;13;0.0;1016;11;20;24;13;0.0;1015;13;4;27;20;0.0;1021;5;14;23;4;0.0;1021;7
10;274;25;15;0.0;1015;12;7;24;15;0.0;1013;9;20;24;14;0.0;1016;10;19;27;17;0.0;1017;6;5;25;14;0.0;1016;16;52;22;14;0.3;1012;13;22;23;12;0.9;1014;7;13;27;18;0.0;1018;6;22;22;4;0.0;1018;7
47;275;25;16;0.9;1015;10;71;20;15;0.7;1015;6;44;24;15;0.2;1015;9;25;28;16;0.0;1016;7;75;17;16;13.2;1015;6;46;17;12;2.3;1016;12;45;24;13;0.9;1014;7;4;30;21;0.0;1017;5;49;20;5;0.4;1017;8
68;276;20;14;0.7;1018;23;66;15;13;2.7;1021;14;100;15;14;30.2;1017;8;87;20;16;5.7;1018;10;72;14;13;6.2;1021;6;92;12;9;2.3;1024;15;98;17;15;16.5;1016;5;28;27;18;0.0;1016;9;83;18;8;3.2;1020;6
72;277;15;11;3.7;1018;23;64;12;11;14.1;1022;23;92;11;10;16.9;1016;17;83;16;12;5.0;1018;14;33;20;10;0.1;1022;13;65;13;8;0.3;1031;12;87;12;9;17.3;1018;19;5;23;16;0.0;1014;24;41;15;1;0.2;1021;5
32;278;12;6;0.2;1019;25;77;11;5;1.3;1022;23;77;8;5;5.9;1015;19;51;12;7;1.0;1018;18;16;14;5;0.0;1023;16;56;11;4;0.2;1030;12;100;6;3;13.1;1013;15;21;20;13;0.1;1013;15;56;7;1;2.2;1020;9
92;279;10;7;17.2;1012;21;71;10;8;3.6;1014;17;100;6;5;10.3;1012;10;73;14;7;0.6;1016;15;49;17;6;0.0;1016;9;93;11;8;0.6;1021;10;26;12;5;0.2;1015;10;18;17;9;0.0;1018;12;11;13;-3;0.0;1017;6
23;280;14;6;0.0;1017;5;44;11;3;0.0;1018;10;65;9;3;0.7;1017;8;44;16;8;1.6;1016;7;40;15;7;0.0;1017;10;67;13;7;1.1;1019;7;31;13;1;0.2;1017;6;55;20;13;5.2;1015;7;40;10;-1;3.2;1015;5
22;281;14;6;0.0;1019;9;63;13;4;1.1;1019;6;42;13;5;0.0;1018;5;24;13;6;0.1;1018;8;42;15;5;0.0;1019;4;73;12;7;1.7;1021;6;91;9;5;4.0;1017;7;88;15;12;5.2;1015;10;48;9;-4;0.0;1019;2
18;282;15;7;0.0;1022;10;75;14;7;0.4;1022;6;38;13;6;0.0;1021;4;17;16;8;0.0;1022;5;57;15;8;0.2;1022;9;79;12;3;1.5;1024;7;99;9;2;0.7;1019;8;11;17;9;0.0;1022;7;71;11;-3;3.0;1021;4
17;283;17;7;0.0;1021;8;36;13;6;0.2;1023;9;66;12;6;0.1;1022;6;46;18;9;1.2;1020;8;86;10;7;8.0;1021;11;32;13;2;0.1;1024;6;100;10;6;3.5;1020;10;55;20;12;2.1;1020;10;98;8;3;6.7;1018;5
88;284;13;8;2.8;1015;12;81;11;5;0.5;1017;14;62;10;6;1.4;1015;15;97;13;10;8.0;1012;8;96;9;6;3.0;1015;13;67;10;3;0.6;1020;7;100;9;7;3.7;1020;12;100;14;12;41.4;1012;18;100;8;2;4.4;1012;6
86;285;14;7;0.9;1011;13;90;12;7;0.4;1015;17;79;12;6;1.9;1012;20;93;10;9;16.8;1009;13;66;15;5;0.1;1015;7;53;11;2;0.3;1019;7;100;9;6;6.2;1020;19;75;18;14;2.8;1007;14;80;6;1;18.2;1013;6
38;286;15;8;0.0;1019;8;76;11;5;0.2;1019;13;67;8;4;0.2;1019;19;73;11;7;0.9;1019;10;18;16;4;0.0;1019;4;38;12;4;0.0;1016;17;59;8;1;0.4;1024;11;30;18;10;0.0;1015;21;10;11;-7;0.0;1020;3
31;287;13;5;0.0;1022;17;50;12;6;0.0;1019;23;15;12;2;0.0;1024;6;18;19;6;0.0;1022;9;48;19;7;0.0;1018;6;19;15;5;0.0;1010;15;16;10;2;0.0;1027;10;13;13;7;0.0;1026;12;28;19;2;0.0;1019;8
22;288;17;8;1.9;1018;13;39;17;10;0.0;1016;19;29;16;7;1.0;1019;5;33;22;11;0.0;1019;8;57;19;9;19.2;1015;4;65;15;9;0.3;1014;8;67;7;3;7.2;1025;18;33;13;8;0.0;1026;12;27;20;8;0.6;1017;10
71;289;19;12;4.3;1022;6;35;18;10;0.0;1023;10;96;10;7;9.8;1023;9;90;13;12;1.1;1022;4;30;20;9;0.0;1022;5;22;16;4;0.0;1022;7;57;8;5;1.8;1031;17;88;14;11;6.1;1025;23;83;14;7;4.3;1021;5
97;290;14;10;0.1;1028;11;77;13;7;0.3;1027;13;100;9;7;2.2;1029;7;61;16;11;5.4;1030;5;29;20;10;0.0;1025;5;55;18;9;0.2;1023;6;18;9;3;0.0;1033;16;69;11;7;4.7;1034;24;49;17;3;0.0;1025;4
76;291;13;9;1.0;1026;12;100;11;7;2.1;1025;16;95;10;7;1.2;1027;6;52;16;7;0.0;1027;5;86;14;9;1.1;1023;8;92;14;8;1.6;1023;8;79;9;5;0.4;1028;12;20;12;5;0.0;1032;13;63;17;6;2.5;1023;5
96;292;13;7;0.1;1022;9;98;11;7;5.3;1021;9;71;12;7;0.0;1022;7;59;16;10;0.0;1023;3;59;16;6;0.0;1020;4;79;10;7;1.6;1019;17;89;11;5;0.1;1022;9;66;13;6;0.1;1026;10;78;14;6;9.7;1020;4
93;293;12;8;11.3;1017;11;86;8;4;11.5;1018;7;97;11;5;4.6;1019;6;32;18;7;0.4;1019;10;100;11;9;12.3;1015;9;99;10;5;16.7;1015;13;100;9;6;4.4;1022;13;59;15;7;0.0;1024;12;64;14;5;0.0;1016;9
100;294;11;-2;6.0;1015;5;72;11;4;0.1;1016;2;100;10;8;23.9;1015;6;66;17;10;2.6;1016;9;90;25;7;7.9;1014;10;86;9;4;3.0;1015;8;100;8;6;16.8;1019;15;74;16;10;0.1;1022;15;66;15;7;2.9;1013;8
10;295;14;6;0.0;1017;10;10;11;2;0.0;1017;7;92;11;8;7.5;1016;5;88;12;9;22.3;1017;7;26;14;5;0.0;1017;4;81;8;2;2.7;1015;10;100;8;6;16.5;1017;6;93;14;11;0.9;1018;15;90;13;6;9.7;1016;5
23;296;14;6;0.0;1020;10;39;13;4;0.0;1019;15;53;12;4;0.0;1022;4;49;18;9;0.0;1021;6;58;16;3;0.0;1019;4;56;11;2;0.1;1015;8;54;12;0;0.0;1023;10;86;18;12;0.2;1023;11;21;15;1;0.0;1019;5
80;297;17;9;0.0;1022;10;71;15;8;0.0;1020;14;85;10;6;0.3;1024;8;11;21;11;0.0;1025;9;37;22;11;0.0;1021;13;67;16;9;4.2;1016;11;97;11;8;1.3;1024;13;90;14;12;1.7;1029;15;34;18;4;0.0;1023;6
62;298;19;12;0.2;1021;12;98;16;11;0.9;1021;7;100;13;10;1.6;1022;11;21;22;12;0.0;1024;9;31;23;13;1.2;1021;14;82;13;13;7.9;1022;9;94;16;10;2.7;1020;13;60;15;11;0.0;1030;12;6;20;7;0.0;1024;8
98;299;14;11;10.6;1024;7;48;12;8;0.0;1027;13;71;10;8;5.6;1025;20;73;13;13;5.0;1022;10;40;17;14;17.8;1024;12;84;13;6;0.0;1028;5;94;7;5;0.6;1028;9;84;11;9;15.3;1022;10;78;12;9;2.1;1022;7
43;300;12;8;0.1;1030;4;43;12;4;0.0;1032;7;22;9;3;0.0;1031;16;72;10;6;0.0;1029;6;64;13;7;0.0;1030;11;25;13;5;0.0;1033;5;80;8;4;0.4;1033;3;46;12;8;0.0;1029;18;97;9;4;2.0;1027;8
6;301;13;7;0.0;1034;6;54;14;3;0.1;1033;6;28;10;1;0.0;1033;8;35;13;5;0.0;1034;3;20;13;6;0.0;1033;7;50;13;5;0.0;1034;8;59;8;2;1.1;1030;14;25;10;6;0.0;1034;12;58;8;0;0.2;1031;7
55;302;15;9;0.5;1028;19;67;12;9;0.2;1029;15;68;9;4;0.4;1026;5;64;10;5;0.2;1028;11;40;15;5;0.0;1029;4;72;13;9;0.3;1034;9;70;8;7;6.1;1020;19;21;13;5;0.0;1024;17;36;12;-2;0.0;1029;5
44;303;12;8;0.4;1026;18;46;10;7;0.0;1027;19;43;10;2;0.9;1023;9;47;12;5;0.0;1024;14;77;14;8;0.0;1028;7;43;12;4;0.0;1031;5;92;7;4;2.1;1019;17;31;15;8;0.1;1020;7;77;9;2;0.6;1027;5
6;304;11;4;0.0;1027;14;28;10;3;0.0;1029;8;28;9;2;0.0;1026;9;17;12;5;0.0;1026;8;33;13;4;0.0;1029;5;16;13;3;0.0;1029;5;98;8;6;4.5;1023;15;25;13;6;0.0;1023;6;46;7;-1;0.4;1027;6
45;305;12;5;0.0;1024;8;61;13;4;0.0;1022;7;58;10;3;0.2;1023;9;28;11;4;0.0;1025;7;7;15;3;0.0;1024;6;9;13;4;0.0;1022;7;86;7;3;7.9;1020;10;33;12;6;0.1;1024;6;8;12;-3;0.0;1025;3
29;306;15;6;0.0;1015;17;54;9;5;0.8;1015;12;62;10;5;0.8;1013;9;41;15;6;8.1;1017;12;50;18;7;0.3;1016;15;44;9;7;1.3;1019;14;96;8;5;6.6;1007;17;21;14;6;0.0;1018;13;17;12;-1;0.0;1019;10
24;307;9;6;0.0;1020;15;41;8;5;0.7;1021;14;37;7;1;0.3;1018;7;63;9;8;5.9;1020;9;75;9;7;16.2;1021;5;75;8;3;0.1;1023;6;97;5;2;1.0;1013;19;77;15;11;1.8;1016;8;98;4;0;22.1;1020;7
30;308;9;1;0.0;1024;8;64;7;-1;0.0;1021;13;61;5;0;0.0;1024;8;19;9;1;0.0;1024;4;10;10;1;0.0;1022;5;48;9;0;0.0;1017;9;73;5;2;0.0;1021;10;53;11;8;0.5;1024;8;30;9;-6;0.2;1022;6
80;309;9;2;4.8;1013;15;73;8;0;0.4;1009;22;78;5;0;4.7;1015;12;47;14;3;0.3;1017;13;79;17;4;0.3;1011;15;85;9;6;4.2;1004;14;63;7;2;0.2;1013;13;14;13;5;0.0;1021;3;69;10;0;0.9;1017;11
86;310;17;13;9.9;999;21;93;10;7;5.9;1000;11;100;12;7;17.4;1000;15;60;19;12;4.9;1006;28;82;18;15;13.4;998;23;93;6;4;0.7;1003;9;97;9;7;4.6;1000;10;40;14;8;0.0;1012;6;43;14;7;0.1;1007;23
46;311;10;6;3.1;1006;17;49;8;2;1.3;1007;10;90;8;6;10.0;1004;12;63;15;11;3.9;1006;17;59;10;6;1.7;1006;13;51;6;-1;0.0;1008;10;99;6;5;5.2;1003;10;25;20;12;0.0;1008;10;58;12;6;3.7;1006;12
61;312;8;5;1.2;1009;10;52;5;0;0.0;1011;5;51;7;2;0.1;1009;11;82;11;8;6.1;1007;9;100;6;4;16.5;1008;13;49;6;-1;0.5;1011;8;75;6;3;0.1;1012;6;83;14;10;9.5;1006;21;95;11;7;21.0;1005;4
24;313;8;4;0.6;1009;14;14;5;-1;0.0;1010;7;53;6;2;1.1;1007;11;88;8;4;9.6;1007;11;34;9;1;0.2;1010;6;75;6;-1;1.7;1007;12;99;3;2;8.8;1008;9;84;10;8;10.1;1003;16;92;3;-4;23.2;1007;7
48;314;7;1;0.1;1012;9;92;7;1;2.9;1009;12;72;5;2;0.0;1012;8;51;7;1;0.0;1013;5;64;10;3;1.2;1012;6;99;5;2;8.5;1007;17;81;4;0;0.0;1010;8;47;11;7;1.8;1011;12;58;5;-6;0.2;1013;4
38;315;7;2;0.0;1015;12;73;6;0;0.7;1015;11;83;5;0;0.2;1017;9;16;12;3;0.0;1017;9;79;12;3;25.2;1012;13;98;5;2;8.4;1014;11;100;4;2;2.1;1016;5;30;12;5;0.1;1019;5;66;7;-3;0.1;1015;8
92;316;7;5;10.1;1015;22;72;4;-1;2.3;1022;23;92;5;2;2.9;1017;25;90;8;6;22.4;1011;13;92;5;4;27.6;1015;26;55;3;0;0.5;1026;5;88;2;-1;0.2;1025;12;69;14;6;2.7;1015;17;78;8;2;14.0;1010;8
31;317;5;0;0.0;1024;17;45;3;-3;0.0;1028;14;79;1;-2;1.6;1022;29;92;4;2;6.7;1021;19;83;5;1;0.2;1027;4;43;4;-2;0.0;1028;10;96;2;-2;0.3;1025;15;24;10;6;0.5;1013;37;52;2;-4;0.8;1025;6
49;318;6;-1;0.0;1033;6;10;4;-2;0.0;1035;11;86;2;-2;1.0;1033;13;64;4;1;0.0;1032;8;42;4;0;0.0;1033;8;15;4;-3;0.0;1034;8;93;3;-1;0.2;1033;8;22;8;3;0.0;1028;8;28;2;-9;0.0;1031;5
18;319;6;2;0.0;1034;5;42;5;-3;0.3;1032;9;23;4;-3;0.0;1033;9;22;5;0;0.0;1033;4;11;5;0;0.0;1033;4;78;5;-1;0.8;1030;10;44;3;-1;0.0;1030;11;71;6;3;0.0;1033;6;12;3;-9;0.0;1033;4
97;320;3;1;1.1;1026;11;100;2;-1;6.8;1023;10;98;1;0;1.8;1025;15;57;5;1;0.0;1028;4;38;7;-1;0.0;1025;5;100;8;5;15.9;1021;13;100;3;2;3.7;1020;14;21;7;0;0.0;1027;12;23;7;-8;0.0;1027;4
71;321;6;2;1.8;1021;9;100;3;1;7.0;1017;11;97;2;0;4.9;1021;13;67;8;3;0.0;1022;4;34;11;3;0.0;1020;11;91;11;8;0.5;1012;15;99;4;2;1.6;1015;15;24;9;1;0.0;1024;5;41;9;-2;0.6;1022;8
40;322;12;2;0.0;1018;14;95;10;3;0.8;1013;13;77;4;0;0.5;1019;10;11;13;4;0.0;1022;6;62;12;7;0.3;1017;12;82;12;9;8.4;1006;21;48;9;3;0.0;1014;17;7;12;4;0.0;1025;6;18;10;-1;0.0;1022;9
72;323;11;7;0.9;1016;14;100;13;9;21.6;1012;19;68;10;4;0.2;1017;11;7;16;7;0.0;1020;10;62;17;9;4.4;1013;14;84;8;6;3.1;1012;13;60;12;7;0.1;1014;16;15;13;5;0.0;1026;13;70;11;2;0.0;1019;10
58;324;13;9;6.6;1018;11;76;11;6;0.8;1015;17;80;8;5;5.3;1020;10;12;15;6;0.0;1022;7;62;18;9;2.2;1016;9;18;8;2;0.0;1009;15;65;9;6;3.6;1018;13;94;11;9;0.1;1026;12;63;13;5;0.1;1019;8
23;325;12;6;0.0;1021;13;79;12;9;0.2;1015;39;16;11;4;0.0;1022;8;7;15;5;0.0;1024;5;49;17;10;0.0;1018;10;35;12;5;0.0;1007;13;25;10;6;0.0;1022;16;85;10;7;0.0;1029;11;18;14;3;0.0;1020;7
14;326;11;5;0.0;1022;13;66;12;8;0.0;1017;32;7;10;3;0.0;1023;7;3;14;4;0.0;1025;3;40;17;10;0.0;1019;10;37;13;7;0.0;1011;8;24;8;4;0.0;1024;15;78;7;5;0.0;1030;10;9;14;3;0.0;1022;6
7;327;9;4;0.0;1024;11;81;11;6;0.2;1022;15;2;9;2;0.0;1025;6;0;12;3;0.0;1026;3;22;18;10;0.0;1022;9;38;13;6;0.0;1018;8;12;8;3;0.0;1024;10;56;9;6;0.0;1030;9;3;14;3;0.0;1023;6
22;328;9;4;0.0;1023;10;97;8;7;1.2;1021;9;16;9;1;0.0;1023;4;4;13;3;0.0;1024;2;46;18;10;0.0;1020;9;27;10;4;0.0;1019;14;54;9;2;0.1;1022;6;20;10;3;0.0;1026;7;9;13;2;0.0;1022;6
56;329;10;6;0.0;1020;8;99;10;6;0.8;1021;11;72;8;4;0.2;1021;7;20;13;4;0.0;1019;4;86;14;10;0.6;1018;6;52;11;5;0.0;1019;15;37;6;1;0.2;1023;5;13;11;3;0.0;1021;6;59;10;2;2.2;1019;5
29;330;10;4;0.0;1019;6;86;11;4;0.3;1018;7;23;8;1;0.0;1019;7;23;14;5;0.0;1019;5;68;10;7;0.3;1017;7;62;8;4;0.0;1019;6;20;4;1;0.0;1018;10;16;8;2;0.0;1022;9;78;10;4;3.4;1017;5
39;331;10;5;0.2;1013;18;63;7;3;0.1;1014;17;61;5;0;2.7;1010;6;87;8;7;11.8;1013;13;96;9;7;5.4;1014;5;62;7;4;0.3;1020;10;83;3;0;1.3;1007;16;21;10;2;0.0;1012;19;79;10;2;0.2;1014;5
15;332;4;1;0.0;1020;21;46;3;0;0.0;1023;19;54;3;-1;1.4;1017;15;22;5;1;0.1;1018;13;43;5;2;2.2;1021;17;9;2;-1;0.0;1029;10;83;1;-3;1.8;1015;17;76;9;5;0.9;1013;15;97;4;-3;2.4;1017;11
26;333;3;-2;0.0;1030;13;16;3;-2;0.0;1033;10;47;3;-3;0.0;1029;12;13;3;0;0.0;1027;16;8;4;-1;0.0;1031;17;3;3;-3;0.0;1035;6;65;1;-1;2.4;1025;15;84;4;0;1.0;1024;17;76;-3;-6;2.5;1027;13
49;334;4;-2;0.0;1030;13;56;4;-4;1.9;1030;9;68;2;-2;0.1;1027;5;25;4;-2;0.0;1030;9;22;4;-1;0.0;1032;7;41;4;-4;0.0;1034;9;98;0;-3;1.5;1022;15;19;3;-1;0.0;1028;10;21;-1;-10;0.0;1031;5
80;335;5;0;0.2;1020;28;100;4;1;7.3;1019;19;77;2;-2;0.6;1015;6;98;3;0;3.2;1021;13;58;6;-1;0.0;1023;4;98;4;1;0.1;1028;18;100;2;1;6.6;1009;10;44;4;-2;0.0;1018;14;53;3;-9;0.0;1024;5
32;336;7;5;0.7;1012;33;38;6;3;2.5;1014;28;34;3;-1;0.7;1007;18;64;6;2;9.5;1011;21;40;9;0;0.0;1016;7;67;4;3;2.0;1023;16;100;2;-1;11.8;1003;16;40;9;1;0.0;1006;30;33;5;-5;0.3;1017;7
5;337;5;0;0.0;1025;15;12;4;-2;0.0;1026;6;22;3;-2;0.0;1023;9;12;4;-1;0.0;1024;8;35;5;-1;0.0;1026;4;1;4;-1;0.0;1026;8;96;1;-2;2.9;1018;17;2;6;0;0.0;1021;12;35;3;-7;0.1;1025;3
15;338;5;-2;0.0;1031;6;10;3;-3;0.0;1031;3;12;3;-5;0.0;1031;2;11;4;-1;0.0;1031;4;37;6;-2;0.0;1030;6;44;4;-3;0.0;1029;8;92;-1;-3;1.7;1029;10;6;6;0;0.0;1031;8;9;5;-6;0.0;1029;5
18;339;4;-3;0.0;1033;6;12;2;-3;0.0;1031;8;24;1;-5;0.0;1032;8;27;5;-1;0.0;1033;6;44;5;0;0.0;1031;4;1;3;-3;0.0;1030;6;25;-1;-5;0.0;1029;13;13;6;0;0.0;1035;8;8;6;-5;0.0;1030;6
11;340;2;-2;0.0;1030;12;23;2;-5;0.0;1031;6;20;1;-5;0.0;1029;4;20;4;-1;0.0;1029;8;4;9;1;0.0;1030;3;13;4;-5;0.0;1032;3;83;1;-3;2.9;1026;13;5;5;-1;0.0;1026;14;49;7;-4;0.0;1029;5
16;341;5;-4;0.0;1039;6;45;2;-4;0.0;1038;7;14;3;-4;0.0;1038;9;8;3;-2;0.0;1038;5;4;7;-1;0.0;1038;3;25;2;-4;0.0;1035;8;68;0;-10;0.1;1036;8;60;4;0;0.1;1037;8;16;2;-5;0.0;1036;5
27;342;3;-4;0.0;1037;9;37;1;-3;0.0;1034;6;50;0;-3;0.0;1035;12;19;3;-3;0.0;1038;4;17;5;-2;0.0;1036;5;30;6;-1;0.0;1034;8;95;3;-1;1.8;1024;21;8;5;-1;0.0;1036;18;7;6;-5;0.0;1037;5
24;343;6;-1;0.0;1030;13;53;5;-2;0.0;1029;6;47;0;-3;0.7;1028;6;38;4;-2;0.0;1031;8;6;10;1;0.0;1031;5;52;6;-1;0.0;1032;9;98;6;5;1.4;1020;18;29;8;1;0.0;1025;13;11;8;-3;0.0;1031;5
18;344;8;1;0.0;1026;12;51;7;2;0.0;1025;7;53;2;-4;0.0;1025;6;53;4;1;0.0;1027;8;1;10;1;0.0;1027;3;16;8;1;0.0;1027;8;100;9;6;6.6;1016;20;15;8;2;0.0;1022;11;0;9;-1;0.0;1027;5
20;345;10;3;0.0;1018;15;46;8;1;0.7;1017;13;70;3;-1;0.2;1015;9;22;7;1;0.0;1019;7;13;8;1;0.0;1020;8;83;6;3;1.9;1022;19;100;8;6;12.9;1008;16;30;11;4;0.0;1016;12;9;7;-1;0.0;1021;7
44;346;8;4;0.0;1018;25;66;8;4;2.3;1020;18;57;4;0;1.4;1016;14;68;6;2;2.2;1017;14;56;9;4;3.7;1021;6;90;6;5;2.2;1026;14;79;5;-2;4.0;1015;17;49;9;4;0.4;1012;9;63;3;-5;2.9;1020;5
23;347;3;-2;0.0;1032;8;45;1;-3;0.0;1031;6;41;-1;-5;0.0;1031;11;13;2;-1;0.0;1030;15;41;6;0;0.0;1031;5;46;6;1;0.4;1028;7;18;-1;-3;0.0;1029;9;50;1;-1;6.7;1027;22;30;1;-5;1.1;1030;8
64;348;2;-3;0.1;1027;9;81;1;-3;0.3;1026;5;48;-3;-6;0.4;1027;7;78;3;-4;0.4;1028;5;30;7;-1;0.1;1027;3;82;6;3;0.3;1026;4;94;1;-2;3.6;1021;14;23;2;-2;0.0;1027;17;25;4;-7;0.0;1028;6
21;349;4;-3;0.0;1030;5;20;3;-2;0.0;1031;9;62;1;-4;0.4;1029;7;66;2;-2;0.5;1029;6;56;6;2;0.3;1030;2;31;6;1;0.0;1029;8;81;2;-2;0.8;1030;8;45;3;-1;0.1;1025;9;66;2;-5;0.5;1028;5
10;350;2;-1;0.0;1037;3;24;1;-4;0.0;1036;7;17;1;-6;0.0;1037;7;10;1;-4;0.0;1036;4;6;4;-1;0.0;1036;7;5;4;-2;0.0;1032;8;21;0;-1;0.0;1037;5;55;3;-1;0.2;1037;11;40;1;-7;0.0;1034;5
10;351;2;-4;0.0;1039;8;18;0;-6;0.0;1038;4;60;-2;-7;0.0;1038;5;38;0;-6;0.0;1040;3;31;5;-2;0.0;1039;5;27;3;-3;0.0;1038;3;31;1;-3;0.0;1035;6;45;1;-3;0.0;1038;16;10;3;-8;0.0;1039;5
41;352;-1;-5;0.0;1035;5;85;1;-4;3.2;1034;4;79;-3;-8;0.1;1035;4;7;-1;-7;0.0;1035;3;40;5;-3;0.0;1034;3;68;2;-2;0.1;1036;4;77;-1;-3;0.3;1033;6;21;3;-2;0.0;1034;4;11;3;-7;0.0;1034;3
21;353;1;-6;0.0;1036;3;47;1;-3;0.1;1034;7;27;1;-7;0.0;1035;3;7;-1;-7;0.0;1036;5;27;2;-3;0.0;1034;5;25;4;-2;0.4;1029;10;91;1;-1;0.3;1033;9;3;4;-2;0.0;1034;5;32;4;-7;0.0;1033;4
7;354;0;-6;0.0;1035;3;35;-1;-7;0.0;1032;8;24;-1;-8;0.0;1034;2;10;-1;-8;0.0;1034;7;0;3;-3;0.0;1033;4;1;3;-3;0.0;1025;10;95;2;0;0.6;1033;7;65;3;-3;0.0;1032;11;2;5;-6;0.0;1031;5
8;355;-1;-6;0.0;1036;5;25;-2;-7;0.0;1034;7;5;-2;-6;0.0;1035;5;19;2;-6;0.0;1036;4;38;1;-6;0.0;1034;2;2;4;-3;0.0;1030;6;26;2;0;0.0;1033;9;78;2;-1;0.0;1037;8;40;3;-5;0.0;1031;6
2;356;2;-6;0.0;1037;4;35;-3;-7;0.0;1035;4;16;-2;-9;0.0;1035;4;5;1;-6;0.0;1036;5;12;1;-6;0.0;1035;3;17;4;-3;0.1;1032;8;12;2;-1;0.0;1033;9;35;4;-2;0.0;1035;7;4;5;-5;0.0;1033;6
8;357;1;-7;0.0;1036;7;15;0;-8;0.0;1035;3;8;-2;-9;0.0;1035;3;3;-1;-7;0.0;1036;5;11;3;-6;0.0;1035;4;79;4;1;1.0;1036;6;62;1;-2;0.3;1032;10;4;6;-1;0.0;1032;4;5;4;-4;0.0;1034;5
20;358;0;-8;0.0;1033;6;59;-2;-6;0.6;1030;7;39;-4;-7;0.2;1031;8;12;-3;-9;0.0;1033;3;9;3;-4;0.0;1031;3;85;5;1;2.4;1031;15;61;2;0;2.5;1026;13;23;3;0;0.0;1030;10;5;6;-5;0.0;1031;3
95;359;6;1;2.3;1025;17;94;6;3;4.6;1024;17;93;-1;-6;0.9;1023;6;97;-1;-5;5.0;1027;9;48;5;-2;0.0;1028;6;100;7;5;3.5;1029;24;100;2;0;6.7;1017;12;31;2;-3;0.1;1022;11;36;5;-5;0.0;1028;5
42;360;9;4;0.1;1025;20;62;8;4;0.9;1025;14;98;1;-3;1.1;1023;5;100;2;1;5.4;1026;10;22;9;1;0.0;1027;4;83;9;7;1.6;1029;20;100;5;4;4.7;1017;14;56;5;-2;0.2;1025;6;75;3;-4;0.7;1029;5
39;361;6;2;0.1;1028;30;71;5;2;2.8;1029;22;47;4;-3;0.4;1023;11;53;3;2;1.2;1028;16;46;8;3;1.5;1032;7;81;4;2;0.6;1040;22;94;4;2;4.4;1015;23;43;5;1;0.2;1023;11;39;3;-8;3.0;1032;7
2;362;5;1;0.0;1031;20;9;4;0;0.0;1034;15;38;2;-2;0.0;1028;19;71;2;0;1.2;1027;19;68;4;1;6.7;1034;9;83;5;3;0.6;1044;14;100;2;0;3.0;1026;18;78;3;0;2.1;1021;10;89;0;-6;5.2;1032;16
10;363;4;-1;0.0;1038;14;8;2;-1;0.0;1042;10;59;-1;-3;0.6;1038;19;5;2;-1;0.0;1034;20;0;4;-1;0.0;1040;15;9;6;0;0.0;1042;8;75;1;-1;0.5;1039;8;55;3;-1;0.0;1029;16;100;-3;-5;4.9;1035;15
8;364;3;-3;0.0;1039;7;10;2;-4;0.0;1039;2;11;0;-6;0.0;1039;9;9;1;-3;0.0;1037;12;4;4;-2;0.0;1040;5;0;7;0;0.0;1039;4;53;1;-1;0.0;1037;9;82;2;-1;0.4;1034;8;62;-4;-11;1.0;1038;10
25;365;2;-4;0.0;1034;6;9;2;-5;0.0;1033;3;22;-1;-6;0.0;1033;4;32;0;-5;0.0;1034;4;26;5;-3;0.0;1034;5;1;5;-2;0.0;1034;6;4;2;-2;0.0;1029;12;22;2;-1;0.0;1031;9;19;-1;-14;0.0;1035;3
