cloudcover;day;maxtemp;mintemp;precipMM;pressure;windspeed;cloudcover;maxtemp;mintemp;precipMM;pressure;windspeed;cloudcover;maxtemp;mintemp;precipMM;pressure;windspeed;cloudcover;maxtemp;mintemp;precipMM;pressure;windspeed;cloudcover;maxtemp;mintemp;precipMM;pressure;windspeed;cloudcover;maxtemp;mintemp;precipMM;pressure;windspeed;cloudcover;maxtemp;mintemp;precipMM;pressure;windspeed;cloudcover;maxtemp;mintemp;precipMM;pressure;windspeed;cloudcover;maxtemp;mintemp;precipMM;pressure;windspeed
15;244;33;24;2.3;1011;11;66;26;19;13.8;1015;17;6;29;19;0.0;1012;4;3;33;22;0.5;1011;8;23;28;22;3.2;1013;6;87;16;14;13.0;1020;7;8;26;20;2.9;1013;9;0;32;23;0.0;1013;5;2;29;20;0.3;1014;8
37;245;26;16;4.9;1011;12;30;17;12;0.1;1015;15;55;21;18;0.5;1011;12;32;30;21;10.0;1010;9;88;19;15;13.1;1012;9;54;18;11;0.3;1019;5;73;16;16;1.0;1012;14;0;35;25;0.0;1011;6;18;27;18;5.3;1012;9
94;246;17;16;7.8;1009;12;82;15;12;2.4;1013;16;94;14;12;18.5;1009;19;74;22;17;13.0;1007;12;60;19;14;2.5;1012;9;14;19;11;0.0;1018;5;81;13;12;13.1;1011;13;11;34;24;1.3;1007;18;64;16;13;22.7;1010;6
23;247;22;14;6.1;1015;18;29;20;11;0.1;1016;10;60;18;12;20.4;1013;9;66;19;13;2.3;1015;13;0;24;13;0.0;1018;5;12;20;11;0.0;1018;5;87;15;12;0.0;1011;18;4;24;17;0.3;1012;24;28;20;10;0.2;1018;5
12;248;23;16;0.0;1018;13;15;22;13;0.0;1019;11;50;16;12;1.5;1017;4;17;22;14;0.0;1019;7;1;27;15;0.0;1020;3;46;22;13;0.0;1020;6;100;14;12;13.1;1013;20;38;25;18;0.0;1017;5;11;20;13;0.0;1020;4
13;249;25;17;0.0;1014;15;42;23;14;1.4;1014;11;46;21;14;0.0;1013;5;38;25;17;0.0;1015;10;12;28;16;0.0;1017;6;51;21;17;0.0;1017;18;100;15;13;1.6;1011;9;2;26;17;0.0;1014;10;0;23;13;0.0;1018;5
33;250;17;16;0.0;1015;16;22;20;13;0.0;1015;17;27;20;14;0.0;1013;5;47;24;18;0.0;1015;10;80;17;15;2.3;1017;8;25;19;11;0.0;1017;11;81;15;14;2.7;1008;23;0;29;20;0.0;1014;9;37;24;15;1.2;1016;5
3;251;24;16;0.0;1015;6;0;23;11;0.0;1014;12;0;19;11;0.0;1015;6;39;25;15;0.0;1015;9;61;23;14;0.0;1015;4;38;20;11;0.0;1011;12;45;20;13;0.0;1012;19;11;31;22;0.0;1014;7;74;20;14;2.0;1015;5
21;252;28;17;0.0;1007;13;3;26;13;0.0;1005;22;19;23;13;0.0;1009;9;32;25;19;0.0;1009;9;6;26;14;0.0;1007;8;53;16;14;2.0;1003;12;0;23;14;0.0;1008;17;29;32;21;0.0;1012;15;73;16;14;9.6;1010;6
20;253;29;19;0.0;1006;12;52;24;15;2.0;1005;11;23;25;16;0.0;1008;10;12;29;20;0.0;1009;12;46;25;17;9.3;1006;6;62;18;12;0.0;1006;8;22;26;19;0.0;1006;16;2;30;21;0.0;1011;8;14;24;14;0.0;1009;11
27;254;31;22;0.0;1004;10;88;21;15;5.4;1005;8;13;26;17;0.0;1006;8;6;33;22;0.0;1005;13;51;23;18;9.0;1003;5;24;17;11;0.0;1005;15;24;27;18;0.0;1006;17;0;34;23;0.0;1009;12;19;27;16;2.2;1005;9
53;255;22;17;1.6;1006;22;67;17;13;2.1;1009;12;53;22;13;6.8;1005;9;45;24;19;1.0;1006;9;94;17;15;6.3;1009;7;41;16;11;0.0;1011;15;77;20;16;3.0;1005;16;4;31;23;0.0;1005;17;46;22;14;0.0;1009;7
16;256;23;14;0.0;1016;17;30;21;10;0.0;1014;14;48;20;14;0.0;1014;13;26;23;15;0.0;1017;9;17;24;13;2.1;1018;8;73;17;11;10.7;1009;19;25;19;13;1.7;1009;21;4;30;22;0.0;1015;19;35;22;12;1.0;1019;6
21;257;26;17;0.0;1011;24;30;23;14;1.3;1008;18;12;23;14;0.0;1010;17;0;28;17;0.0;1014;10;5;26;16;0.0;1012;15;87;12;10;14.8;1008;17;64;22;16;5.8;1005;25;0;30;21;0.0;1015;5;0;24;13;0.0;1016;9
47;258;20;14;0.0;1016;13;33;17;10;0.0;1015;12;17;19;11;1.8;1015;8;11;24;16;0.0;1015;12;67;18;12;8.1;1016;8;39;17;9;0.0;1014;11;49;15;12;6.4;1013;20;0;33;24;0.0;1013;6;0;26;11;0.0;1016;5
33;259;27;16;3.5;1012;10;79;16;10;5.7;1013;9;39;23;13;0.0;1013;4;0;31;18;0.0;1013;12;44;24;12;8.3;1011;5;66;13;10;2.2;1013;5;72;16;12;8.8;1015;10;0;34;21;0.0;1015;12;0;26;15;0.0;1013;11
66;260;21;17;9.3;1011;11;91;15;11;7.6;1013;8;64;19;15;14.2;1010;6;25;31;21;7.0;1012;9;44;21;16;23.0;1012;6;40;17;8;0.0;1014;4;89;16;13;23.0;1010;5;0;35;22;0.0;1013;10;11;24;17;0.0;1013;15
21;261;21;13;0.0;1016;7;9;18;9;0.0;1016;7;36;17;11;0.0;1016;6;0;23;15;1.1;1016;9;69;22;12;4.6;1016;4;42;15;8;2.3;1017;6;24;17;12;12.3;1011;28;0;32;24;0.0;1013;9;20;25;13;0.0;1016;3
83;262;15;14;5.4;1012;12;98;15;10;2.0;1015;10;66;15;11;1.1;1013;12;17;27;15;1.2;1010;10;90;12;9;61.0;1012;12;31;15;8;0.0;1018;5;49;17;12;0.0;1017;12;15;30;20;3.8;1011;22;22;19;12;0.0;1011;10
65;263;18;13;0.0;1011;9;89;12;10;39.9;1016;20;62;19;12;0.0;1011;10;44;22;15;2.5;1010;12;76;13;10;0.0;1015;5;50;16;7;0.0;1022;7;100;16;11;14.5;1014;16;48;25;18;17.7;1007;18;86;10;9;9.1;1013;6
83;264;12;11;19.6;1013;25;60;14;10;0.0;1018;18;91;11;11;25.2;1011;15;99;13;12;32.2;1012;15;18;20;9;0.0;1019;7;7;18;8;0.0;1022;3;100;13;11;34.0;1012;17;16;22;15;1.9;1010;24;71;11;7;2.1;1017;7
33;265;18;12;0.0;1018;15;39;17;10;0.0;1020;9;59;16;10;0.0;1017;8;79;17;11;12.3;1017;11;8;21;11;0.0;1021;4;20;19;10;0.0;1021;4;100;14;12;4.7;1016;11;25;21;13;0.0;1014;20;27;15;7;0.0;1021;7
37;266;16;12;0.0;1019;17;68;12;9;5.0;1021;11;88;11;9;14.0;1017;6;30;19;11;0.0;1019;12;17;23;12;4.2;1021;3;5;20;10;0.0;1022;4;83;17;14;5.3;1017;18;38;21;15;0.0;1017;13;14;20;9;0.0;1021;5
53;267;19;12;0.0;1021;3;80;16;11;3.5;1021;3;79;16;10;0.0;1021;3;65;17;13;0.0;1020;7;85;19;13;8.8;1020;5;27;18;10;0.0;1022;5;86;13;12;11.8;1022;15;3;23;16;0.0;1019;8;65;20;10;10.1;1020;5
50;268;19;13;0.0;1022;9;66;17;11;1.1;1022;6;43;17;11;0.0;1023;5;49;22;12;0.0;1021;8;75;18;12;0.0;1021;8;37;19;10;0.0;1020;4;59;17;12;1.6;1025;17;71;24;16;0.0;1021;14;97;14;10;0.0;1019;5
47;269;22;14;0.0;1024;12;45;21;11;0.0;1025;8;24;21;13;0.0;1025;8;36;23;14;0.0;1022;10;77;19;13;1.1;1023;8;14;19;10;0.0;1022;5;40;20;12;0.0;1029;18;67;22;18;0.0;1022;27;80;15;10;0.0;1021;5
8;270;22;15;0.0;1026;10;22;21;12;0.0;1026;10;8;19;12;0.0;1028;5;41;21;15;0.0;1026;6;47;20;13;0.0;1025;9;26;20;11;0.0;1023;5;78;17;10;0.0;1033;22;28;19;14;0.0;1028;25;86;15;11;1.1;1023;6
39;271;20;15;0.0;1029;5;10;19;11;0.0;1028;10;0;19;10;0.0;1030;4;24;20;12;0.0;1029;6;19;20;12;0.0;1028;8;22;21;12;0.0;1025;7;10;16;9;0.0;1034;18;33;18;12;0.0;1031;21;100;12;10;0.0;1026;5
0;272;20;14;0.0;1028;6;0;18;10;0.0;1027;10;0;15;8;0.0;1029;6;18;18;11;0.0;1028;6;0;19;11;0.0;1026;7;57;21;12;0.0;1024;7;29;15;7;0.0;1032;19;5;17;11;0.0;1029;21;48;15;7;0.0;1024;6
7;273;20;12;0.0;1025;7;0;16;9;0.0;1024;14;0;15;9;0.0;1026;4;0;18;9;0.0;1025;5;0;18;10;0.0;1023;6;54;21;12;2.9;1018;10;48;15;6;0.0;1028;16;19;16;11;0.0;1026;19;3;17;6;0.0;1022;5
8;274;21;11;0.0;1025;6;0;16;7;0.0;1024;14;0;16;9;0.0;1025;4;0;18;9;0.0;1025;5;0;19;10;0.0;1023;5;61;16;11;7.4;1022;9;0;14;5;0.0;1028;15;28;17;10;0.0;1026;15;2;19;7;0.0;1022;4
0;275;20;12;0.0;1025;8;4;16;7;0.0;1023;15;0;16;9;0.0;1025;7;0;19;10;0.0;1026;4;0;20;10;0.0;1024;4;55;18;9;1.2;1019;13;7;15;5;0.0;1025;15;0;19;9;0.0;1028;8;0;21;8;0.0;1024;3
52;276;19;11;2.9;1019;15;77;13;9;3.7;1018;15;58;13;8;0.0;1019;10;15;23;11;0.0;1021;13;54;21;10;9.8;1020;9;61;15;11;19.0;1019;14;84;10;9;18.4;1016;20;0;20;12;0.0;1025;6;11;20;9;0.0;1022;8
18;277;18;11;0.0;1024;14;30;16;8;0.0;1023;10;33;16;10;0.0;1022;12;23;19;12;0.0;1024;9;33;20;13;0.0;1025;6;37;15;8;0.0;1024;13;79;14;10;1.5;1018;20;19;22;13;0.0;1022;7;24;21;10;1.0;1025;4
20;278;21;14;0.0;1013;17;52;21;11;0.0;1011;18;63;15;10;0.0;1011;18;0;22;12;0.0;1016;12;0;23;13;0.0;1016;14;51;17;10;7.5;1014;22;93;12;10;11.2;1003;31;10;22;13;0.0;1016;11;29;21;10;0.0;1018;9
38;279;15;12;0.0;1013;23;62;12;8;1.6;1013;17;37;14;8;1.1;1010;7;72;13;12;0.0;1012;12;52;12;10;13.9;1014;7;72;11;6;1.3;1019;17;92;12;9;8.4;1004;29;27;24;17;2.3;1008;17;95;11;6;23.3;1014;7
3;280;16;10;0.0;1017;16;35;14;7;0.0;1018;13;42;12;7;0.0;1016;5;41;15;9;0.0;1015;10;20;17;8;0.0;1019;6;89;12;7;2.6;1021;18;85;10;7;0.0;1014;15;93;10;9;61.3;1013;23;95;6;4;19.3;1017;9
56;281;15;9;0.0;1015;18;88;14;8;4.6;1014;17;41;11;6;0.0;1012;5;47;17;8;0.0;1014;9;25;18;8;0.0;1016;5;95;13;9;8.4;1017;17;70;10;7;0.0;1009;19;81;12;9;38.7;1011;16;29;15;4;0.0;1018;4
19;282;15;9;0.0;1018;16;36;13;5;0.0;1018;10;24;11;7;1.9;1016;6;23;17;9;0.0;1017;10;56;15;10;0.0;1019;5;67;13;6;1.0;1020;7;63;9;5;0.0;1012;24;30;17;10;0.0;1015;8;6;18;7;0.0;1019;3
68;283;17;10;0.0;1020;12;77;13;7;1.2;1019;10;51;12;5;0.0;1019;8;15;13;9;0.0;1021;7;44;17;10;0.0;1021;4;84;13;10;1.8;1019;14;47;12;7;0.0;1014;24;0;17;12;0.0;1020;6;11;18;7;0.0;1021;5
52;284;20;13;0.0;1022;10;54;18;10;0.0;1020;10;53;14;8;0.0;1021;8;0;19;9;0.0;1024;6;16;20;10;0.0;1023;4;56;16;10;0.0;1020;10;100;13;11;5.1;1015;23;0;19;12;0.0;1023;6;7;19;8;0.0;1023;3
9;285;21;13;0.0;1022;10;16;20;10;0.0;1021;12;19;18;9;0.0;1021;8;0;22;11;0.0;1023;7;0;23;11;0.0;1024;6;45;15;11;0.0;1023;14;61;16;11;0.0;1016;21;10;21;13;0.0;1023;11;0;21;10;0.0;1024;4
0;286;19;13;0.0;1025;18;15;17;9;0.0;1026;12;32;17;11;0.0;1023;5;3;21;13;0.0;1024;11;0;22;12;0.0;1026;2;36;18;10;0.0;1027;8;75;11;10;0.0;1019;28;3;22;14;0.0;1021;8;0;21;11;0.0;1026;4
4;287;20;12;0.0;1027;10;3;19;10;0.0;1028;6;10;16;10;0.0;1027;5;0;19;11;0.0;1027;4;3;22;12;0.0;1028;2;5;20;10;0.0;1029;4;78;16;7;0.0;1023;21;25;19;14;0.0;1024;4;0;19;10;0.0;1028;4
0;288;23;14;0.0;1028;6;0;20;12;0.0;1028;3;5;17;10;0.0;1028;4;0;20;11;0.0;1029;4;0;24;12;0.0;1029;3;0;21;11;0.0;1027;7;84;15;15;0.0;1025;20;13;22;14;0.0;1026;10;0;24;10;0.0;1029;4
0;289;25;18;0.0;1028;4;0;20;12;0.0;1027;5;0;19;11;0.0;1028;5;0;23;12;0.0;1028;4;0;25;13;0.0;1027;3;0;23;12;0.0;1026;5;14;20;11;0.0;1025;14;0;23;17;0.0;1028;6;0;26;12;0.0;1028;4
0;290;26;18;0.0;1025;4;0;21;11;0.0;1025;5;3;19;10;0.0;1026;4;0;25;14;0.0;1026;5;30;23;13;0.0;1025;3;6;22;12;0.0;1023;5;0;20;12;0.0;1023;13;0;26;16;0.0;1026;8;4;25;12;0.0;1025;4
30;291;23;14;0.0;1018;7;25;19;11;0.0;1017;10;27;19;11;0.0;1019;5;33;27;15;0.0;1020;6;28;22;12;0.0;1018;7;50;21;10;0.0;1016;4;23;21;12;0.0;1017;12;0;27;19;0.0;1021;3;0;23;13;0.0;1020;6
0;292;24;16;0.0;1016;5;0;17;8;0.0;1016;3;4;19;11;0.0;1016;4;0;24;15;0.0;1017;5;0;22;11;0.0;1017;6;8;20;10;0.0;1015;7;3;18;12;0.0;1016;7;62;25;17;0.0;1017;6;0;22;12;0.0;1018;6
0;293;21;15;0.0;1018;4;9;17;9;0.0;1018;4;0;18;11;0.0;1018;5;0;23;13;0.0;1018;5;0;21;11;0.0;1019;7;46;19;9;0.0;1016;9;38;17;9;0.0;1018;9;6;25;16;0.0;1017;8;0;21;10;0.0;1020;6
45;294;18;12;0.0;1018;6;62;15;9;0.0;1017;5;40;13;9;1.5;1017;3;19;21;13;0.0;1017;8;9;20;11;0.0;1019;6;61;19;10;1.1;1016;9;50;13;9;0.0;1015;9;10;24;17;0.0;1016;7;6;21;10;0.0;1020;5
82;295;18;11;11.6;1015;8;78;11;8;3.0;1016;6;53;14;7;6.3;1015;6;54;20;13;0.0;1014;6;62;16;12;24.0;1014;10;84;10;9;4.5;1018;15;99;11;8;0.0;1016;15;13;20;15;0.0;1015;10;30;19;9;1.3;1014;6
94;296;10;9;56.9;1008;23;89;11;7;5.0;1015;19;94;8;8;40.3;1009;17;86;14;11;8.6;1006;14;94;12;9;4.3;1013;10;95;9;6;0.0;1021;15;100;8;8;11.9;1014;14;90;16;13;17.3;1009;19;100;6;5;23.6;1008;9
8;297;15;10;0.0;1018;19;42;12;6;0.0;1024;14;50;8;6;0.0;1019;27;96;13;10;6.0;1012;23;9;16;9;0.0;1020;20;91;13;9;0.0;1026;9;90;6;4;1.6;1025;12;94;16;11;85.1;1009;38;100;5;5;41.2;1013;17
13;298;15;8;0.0;1026;6;61;15;7;0.0;1025;7;24;12;3;0.0;1025;8;24;15;8;1.0;1025;7;0;16;7;0.0;1026;5;67;17;11;0.0;1024;9;78;7;2;5.3;1024;15;51;12;8;0.0;1025;17;78;9;5;3.2;1025;7
10;299;18;11;0.0;1024;8;68;17;9;0.2;1024;6;76;13;6;0.0;1024;5;5;16;7;0.0;1026;8;0;19;11;0.0;1025;3;33;17;9;0.0;1025;6;95;11;9;2.5;1019;22;3;15;8;0.0;1024;14;0;18;7;0.0;1026;4
32;300;14;12;3.0;1016;17;76;11;10;7.5;1017;16;82;10;8;10.7;1014;5;40;19;9;6.9;1015;14;31;18;11;5.0;1018;7;65;12;11;2.9;1024;16;84;11;9;6.9;1011;19;23;17;10;0.0;1014;7;31;18;8;2.5;1018;9
44;301;12;9;0.0;1015;24;82;10;7;0.7;1016;22;58;9;5;1.0;1012;9;67;12;8;0.6;1014;11;23;13;7;0.0;1019;5;84;9;6;2.7;1023;21;91;8;5;5.2;1007;25;85;12;11;14.1;1009;9;85;6;5;10.4;1019;10
70;302;11;9;10.3;1000;32;74;10;8;17.2;999;36;49;10;7;4.4;995;27;70;10;8;14.3;1003;23;38;16;10;1.4;1007;14;73;12;9;16.8;1011;32;96;9;7;26.4;985;39;32;14;8;0.4;1001;26;24;12;3;4.3;1010;11
36;303;10;6;0.2;1014;26;41;8;4;0.6;1016;24;19;7;2;0.2;1010;16;27;10;5;0.0;1014;26;24;13;7;0.0;1019;4;67;8;3;0.5;1024;14;83;5;3;3.5;1002;40;4;12;9;0.0;1008;32;13;7;2;2.4;1019;5
59;304;8;4;0.0;1024;15;70;8;2;0.2;1024;13;41;6;-1;0.0;1022;8;17;10;2;0.1;1024;15;10;12;6;0.0;1026;4;52;9;2;0.1;1028;6;53;5;0;0.3;1017;27;0;10;5;0.0;1021;16;13;8;0;0.0;1027;4
41;305;11;5;0.0;1024;12;63;10;2;0.0;1024;8;50;6;1;0.1;1023;6;44;11;4;0.0;1026;8;19;13;5;0.0;1025;3;58;11;5;0.4;1024;7;95;8;5;3.2;1017;24;0;11;4;0.0;1025;12;0;14;2;0.0;1026;3
49;306;14;7;0.0;1017;10;64;13;5;0.0;1016;10;78;9;2;2.6;1016;10;33;14;5;0.0;1020;9;34;16;7;0.0;1019;10;62;14;7;0.6;1016;14;100;9;9;21.0;1009;24;7;13;6;0.0;1019;15;21;15;3;0.0;1021;7
16;307;14;8;0.0;1017;10;20;12;5;0.0;1018;8;66;10;5;2.8;1017;4;40;14;8;0.0;1017;10;49;13;9;0.0;1018;5;36;12;5;0.1;1018;6;87;9;8;2.6;1014;15;62;11;8;3.5;1014;11;50;13;5;2.3;1019;5
2;308;13;9;0.0;1021;9;32;12;4;0.0;1018;17;18;11;4;0.0;1021;8;4;13;5;0.0;1022;7;18;15;6;0.0;1019;4;35;13;5;0.0;1013;9;32;11;5;0.4;1019;13;40;14;10;2.2;1022;5;30;14;2;0.0;1020;5
31;309;13;6;0.0;1016;13;55;11;6;0.2;1012;24;30;10;3;0.0;1018;9;2;16;6;0.0;1018;9;25;17;9;0.0;1013;6;74;11;6;4.1;1009;12;31;11;5;0.0;1015;21;5;16;9;0.0;1022;4;54;14;3;0.0;1017;8
19;310;13;7;0.0;1016;13;73;11;5;0.1;1017;10;15;12;4;0.0;1018;5;9;16;6;0.0;1016;7;100;8;7;41.6;1012;13;84;8;4;0.3;1021;10;9;13;5;0.0;1018;9;81;13;9;0.1;1020;11;71;13;5;0.5;1013;9
26;311;12;7;0.0;1019;15;27;12;5;0.0;1021;12;45;10;4;0.0;1022;10;13;16;6;0.0;1019;7;83;8;7;36.4;1016;13;79;9;6;0.0;1020;12;51;9;6;0.0;1025;13;18;12;7;0.0;1024;15;76;14;7;11.3;1014;8
100;312;9;7;2.5;1018;13;89;7;5;4.4;1019;8;37;10;3;0.0;1020;6;68;13;9;5.3;1018;9;82;11;7;8.4;1016;4;79;9;5;0.1;1017;6;42;7;2;0.0;1025;21;85;12;6;0.7;1023;21;73;12;6;9.6;1015;5
88;313;12;8;0.0;1022;4;90;9;5;0.2;1022;4;95;8;6;2.3;1022;4;89;11;9;6.0;1022;4;68;12;6;0.0;1022;3;89;9;6;0.4;1023;6;56;9;3;0.0;1022;12;100;12;10;8.7;1021;12;47;12;5;0.2;1021;3
11;314;12;7;0.0;1021;10;80;10;5;1.0;1019;14;56;8;5;0.0;1019;9;61;12;6;0.0;1021;4;72;12;8;0.0;1021;4;97;6;5;3.3;1020;18;89;8;5;0.8;1016;16;58;14;10;0.7;1020;7;59;12;6;0.2;1021;3
64;315;11;7;0.7;1014;13;72;9;4;3.7;1012;19;46;9;4;0.6;1012;17;37;13;6;0.0;1016;6;36;13;6;0.0;1015;4;84;7;3;9.8;1012;18;80;6;5;5.8;1007;25;14;15;8;0.0;1016;9;54;13;4;0.1;1015;4
86;316;11;7;2.5;1006;14;88;7;3;7.0;1004;12;69;8;2;5.4;1006;10;79;14;7;0.2;1009;12;79;14;8;0.1;1006;9;81;5;3;14.8;1004;10;70;6;4;0.5;1005;18;48;15;9;0.0;1012;9;77;11;6;0.4;1009;9
89;317;8;7;14.1;1003;19;73;6;4;4.5;1008;18;95;8;5;13.9;1004;14;82;15;11;21.7;1002;14;85;7;6;27.2;1005;20;65;6;2;0.2;1015;10;100;7;4;8.5;1005;18;36;21;11;0.1;1006;14;76;12;9;9.8;1002;10
46;318;8;4;0.0;1020;11;13;6;0;0.0;1023;10;40;5;2;0.1;1020;18;94;9;8;3.5;1016;9;52;6;5;0.0;1020;18;36;6;0;0.0;1026;5;55;5;2;0.3;1021;13;40;14;12;0.0;1014;18;100;2;0;40.7;1016;8
27;319;10;2;0.0;1027;6;12;6;0;0.0;1028;5;4;7;0;0.0;1027;9;77;11;5;0.5;1025;7;69;5;3;0.1;1026;9;35;7;0;0.0;1028;4;72;4;0;0.2;1027;12;95;9;7;2.9;1026;18;100;3;1;14.4;1023;6
63;320;8;5;0.0;1026;5;44;7;1;0.0;1026;5;26;7;1;0.0;1026;8;69;12;5;1.6;1024;5;97;5;4;0.1;1025;6;8;8;0;0.0;1026;4;59;7;3;0.1;1028;8;88;8;6;0.0;1027;14;100;7;2;3.5;1022;5
80;321;9;5;0.1;1023;6;62;6;1;0.3;1024;7;75;6;2;7.4;1022;4;61;11;6;1.9;1022;5;96;6;5;0.6;1022;7;66;4;1;0.1;1027;4;61;5;0;0.0;1023;8;100;7;5;5.3;1023;16;100;5;3;2.1;1019;5
64;322;8;5;3.5;1019;8;63;6;1;0.1;1020;10;96;6;4;8.2;1018;8;73;10;5;0.5;1018;6;61;8;5;0.2;1020;4;88;5;2;0.5;1022;13;81;5;2;1.0;1017;10;96;8;7;4.1;1017;8;100;5;3;0.9;1018;5
58;323;8;4;6.3;1015;15;95;6;3;2.0;1013;15;50;6;1;0.2;1012;6;67;8;3;1.1;1015;6;62;7;3;0.4;1016;3;95;6;3;4.3;1018;21;89;4;1;0.8;1008;20;70;11;6;0.0;1012;12;86;6;2;3.6;1015;5
47;324;8;4;0.0;1017;21;76;6;2;2.4;1017;19;57;5;0;0.5;1014;3;59;8;3;2.7;1018;14;34;10;2;0.0;1021;5;97;4;3;3.1;1021;18;90;3;2;5.1;1009;22;63;9;6;6.3;1013;9;60;4;-2;3.3;1021;6
98;325;6;4;3.6;1017;10;100;5;2;7.7;1015;9;84;3;0;0.4;1016;6;88;7;2;1.3;1018;11;61;11;4;0.2;1018;9;88;8;6;3.4;1016;18;69;3;-2;0.1;1014;11;33;9;3;0.0;1018;9;28;8;-1;0.0;1021;8
48;326;12;7;1.8;1016;10;46;11;4;4.6;1014;7;100;5;1;0.3;1015;4;56;11;6;0.3;1017;11;11;14;6;0.0;1018;12;13;10;3;0.0;1014;9;76;4;-1;3.4;1015;12;52;10;4;0.1;1017;5;31;11;1;0.0;1021;8
60;327;9;5;0.0;1018;7;48;8;3;0.2;1016;6;95;6;3;0.5;1019;6;32;13;6;0.0;1020;8;23;14;7;0.0;1018;11;24;13;4;0.0;1013;12;35;8;2;0.3;1017;15;22;10;4;0.2;1021;8;13;12;2;0.0;1021;6
60;328;11;6;0.0;1020;5;56;8;4;0.1;1019;5;91;8;4;0.4;1020;5;43;12;6;0.0;1021;7;21;15;7;0.0;1020;6;62;14;8;4.8;1014;12;20;8;2;0.0;1017;17;14;11;4;0.0;1022;5;9;12;3;0.0;1022;5
68;329;10;5;1.6;1015;12;92;10;5;1.5;1012;17;97;7;5;1.6;1016;10;27;14;6;0.0;1018;9;61;15;7;1.1;1014;9;87;9;7;12.6;1011;12;70;11;6;0.3;1013;22;22;11;4;0.0;1022;5;39;10;2;0.2;1018;8
80;330;7;7;10.5;1016;19;76;5;3;0.8;1020;14;96;5;4;30.6;1016;17;86;10;7;10.1;1014;9;73;8;7;26.4;1018;16;90;2;0;1.4;1024;15;96;5;4;2.9;1016;18;30;11;5;0.1;1016;4;93;8;2;27.0;1014;9
12;331;6;2;0.0;1022;17;41;5;-1;0.0;1024;9;58;4;1;1.3;1021;15;81;6;4;3.9;1019;19;7;7;2;0.0;1025;4;98;4;1;3.1;1023;18;85;3;0;0.1;1021;10;95;8;6;21.4;1014;10;100;-1;-3;10.9;1021;10
12;332;6;2;0.0;1017;8;66;4;-1;0.2;1014;11;9;3;0;0.0;1017;6;20;5;0;0.0;1017;7;24;7;1;0.0;1017;5;100;6;5;13.7;1009;15;25;4;-1;0.0;1015;17;100;6;5;39.2;1012;14;17;5;-6;0.5;1019;4
95;333;3;2;6.3;1011;11;100;1;0;1.8;1009;10;67;1;-1;0.2;1013;8;38;8;0;0.0;1013;6;92;5;3;14.4;1008;6;81;5;0;1.2;1007;5;79;3;0;1.8;1010;13;31;7;2;1.4;1016;9;43;6;-4;0.1;1012;11
87;334;2;1;23.8;1002;14;95;1;0;7.8;1004;10;90;0;-1;9.8;1003;6;91;8;5;15.3;1005;15;96;5;4;29.3;1002;5;84;2;-1;0.6;1007;9;99;2;0;10.0;1003;19;59;8;2;0.1;1010;9;81;7;5;24.8;1002;8
9;335;5;0;0.0;1014;9;20;3;-2;0.1;1015;5;57;1;-1;0.2;1014;4;69;6;3;0.2;1013;9;58;6;3;0.6;1013;7;80;3;-2;0.4;1014;5;92;3;1;0.7;1011;22;90;9;9;5.4;1010;9;100;4;1;5.0;1011;6
42;336;4;-1;0.0;1020;10;14;1;-3;0.0;1024;12;48;0;-2;0.0;1021;20;90;5;2;0.9;1017;10;33;4;0;0.0;1020;11;12;3;-1;0.0;1025;6;94;2;-1;0.4;1024;8;100;6;5;23.4;1015;22;100;-1;-2;20.3;1017;8
75;337;1;0;1.9;1020;15;51;1;-2;0.1;1023;14;84;1;0;7.5;1019;16;100;1;1;17.8;1019;10;73;3;0;0.1;1022;9;56;0;-4;1.8;1027;9;95;2;-1;2.2;1023;8;88;5;4;6.0;1017;21;99;-1;-4;26.8;1020;5
80;338;3;-1;0.6;1023;19;76;3;-2;0.6;1023;14;65;0;-3;0.8;1021;5;99;2;-1;1.5;1025;12;43;4;-1;0.0;1027;6;100;2;-1;2.7;1029;19;83;1;-3;4.2;1016;21;42;5;2;0.1;1021;17;50;3;-7;1.9;1026;3
42;339;3;-1;0.4;1029;19;68;4;-3;4.5;1029;12;46;2;-3;0.2;1027;5;84;1;-1;2.5;1029;9;53;6;0;0.1;1032;5;96;2;2;1.2;1036;15;96;1;0;2.8;1021;22;45;6;1;0.1;1025;7;76;0;-3;2.7;1032;7
62;340;6;4;0.0;1029;23;74;4;2;0.2;1030;14;63;3;-1;0.6;1026;4;65;5;1;1.7;1030;10;10;7;2;0.0;1032;3;88;3;1;0.2;1034;12;100;6;5;13.7;1018;33;34;6;1;0.0;1026;14;19;7;-2;0.3;1033;5
13;341;7;1;0.0;1026;12;18;3;-1;0.0;1025;9;73;1;-1;0.4;1025;7;13;6;0;0.0;1028;8;5;9;2;0.0;1027;7;14;6;-1;0.0;1023;11;86;5;4;3.1;1018;27;14;8;2;0.0;1025;12;3;9;-1;0.0;1030;6
88;342;9;3;5.8;1014;11;78;3;0;1.1;1012;8;95;1;0;2.4;1014;11;57;10;2;0.0;1019;15;63;11;7;12.6;1014;16;90;5;2;7.8;1011;20;52;6;2;0.8;1009;24;1;9;2;0.0;1020;14;47;5;-2;0.0;1021;11
80;343;3;2;1.4;1008;22;92;2;-1;0.3;1011;13;96;1;-1;37.1;1007;13;95;10;4;23.7;1006;21;67;3;3;24.5;1012;10;95;0;0;1.8;1015;22;94;2;1;4.3;1007;9;19;10;4;0.0;1010;6;81;5;-4;36.5;1008;12
32;344;3;0;0.7;1010;22;70;2;-3;0.7;1005;20;40;0;-3;0.4;1010;14;47;2;-2;5.0;1014;17;30;7;0;0.0;1011;13;63;-1;-3;9.8;999;18;76;2;-1;0.2;1005;20;60;6;4;9.2;1011;21;23;0;-9;1.8;1017;9
66;345;13;5;8.2;1003;31;65;13;4;0.5;994;33;95;3;1;4.7;1004;19;53;9;4;10.6;1011;24;50;14;9;0.0;1001;19;92;3;2;7.4;987;13;66;6;2;1.0;998;32;12;6;1;0.0;1018;9;59;6;4;0.3;1011;17
50;346;15;9;2.8;1009;20;63;9;6;0.1;1006;23;76;8;4;3.4;1009;14;10;14;8;0.0;1014;20;77;13;12;18.2;1008;16;94;3;1;4.8;1007;17;57;11;8;0.2;1003;28;3;10;3;0.0;1018;15;57;9;7;0.5;1014;17
57;347;6;5;4.1;1017;12;28;3;0;0.0;1017;10;63;3;1;9.1;1016;8;82;7;5;4.7;1016;10;79;6;5;17.2;1018;9;57;3;-2;3.3;1013;17;40;3;1;0.0;1016;13;29;12;7;0.2;1016;14;74;7;2;18.9;1017;7
72;348;7;2;5.1;1007;15;83;8;1;0.2;1002;19;80;2;0;1.2;1007;15;46;7;1;19.0;1011;15;68;12;6;0.7;1007;12;74;5;4;6.9;998;26;61;5;1;1.7;1001;27;49;11;6;1.6;1012;14;54;5;1;0.1;1012;12
83;349;9;5;8.7;1002;13;80;6;2;0.1;1001;10;88;5;1;2.7;1002;10;74;14;9;10.4;1005;23;78;13;10;12.8;1000;15;82;5;3;1.5;999;14;53;4;1;1.7;1000;17;26;12;6;0.0;1010;6;56;10;7;4.0;1004;19
71;350;5;4;14.8;1005;13;68;4;0;0.0;1007;7;81;2;1;15.5;1004;10;76;9;6;8.6;1004;18;83;6;3;3.3;1007;5;69;3;0;0.1;1010;8;85;1;1;0.8;1005;13;39;14;7;0.7;1005;7;72;8;4;11.9;1005;8
14;351;4;1;0.0;1018;9;82;3;-1;0.9;1019;7;38;2;-1;0.0;1018;6;48;6;1;0.0;1016;11;53;5;1;1.0;1020;4;86;2;0;0.4;1023;15;43;2;0;0.4;1018;8;99;6;5;27.7;1013;16;100;-1;-2;24.4;1016;9
25;352;4;0;0.0;1024;8;44;2;-2;0.0;1026;9;87;0;-2;0.0;1024;15;70;3;-1;0.2;1022;9;34;4;0;0.0;1026;3;50;2;-1;0.0;1026;8;22;0;-2;0.0;1025;10;99;4;2;4.9;1019;11;100;-2;-3;9.6;1023;6
40;353;2;-1;0.0;1031;8;17;0;-4;0.0;1032;6;40;-1;-4;0.0;1030;7;42;2;-1;0.0;1029;9;7;4;0;0.0;1033;4;61;2;-2;0.6;1034;6;70;-1;-4;0.0;1029;17;99;3;2;2.0;1026;9;85;-2;-5;3.2;1032;4
26;354;1;0;0.0;1033;5;55;1;-3;0.0;1034;4;54;-2;-6;0.8;1033;5;62;1;-2;0.0;1033;5;77;3;0;0.0;1034;3;96;3;1;0.6;1035;6;98;0;-3;2.9;1030;17;57;3;0;2.2;1031;4;64;-3;-9;0.1;1034;3
64;355;1;-2;1.5;1033;7;86;1;-3;9.7;1032;8;90;-1;-3;2.7;1032;7;26;1;-3;0.0;1034;5;63;4;-1;0.0;1034;6;100;4;2;1.9;1035;10;89;-1;-3;2.5;1027;16;10;2;-1;0.0;1032;9;68;-2;-6;0.6;1034;4
57;356;4;0;2.2;1029;11;68;5;2;0.2;1031;10;76;1;-2;2.4;1028;5;74;1;-2;1.2;1030;6;30;6;0;0.0;1031;3;96;6;4;1.8;1035;6;99;2;2;3.7;1023;23;42;2;-2;0.0;1027;13;89;1;-3;1.4;1029;8
60;357;5;2;0.3;1027;21;84;4;2;0.3;1028;15;75;2;-2;0.9;1025;6;89;2;0;0.7;1027;6;38;6;0;0.0;1031;5;92;7;5;0.7;1034;13;100;2;1;8.8;1019;24;52;3;0;0.6;1023;9;91;1;0;3.8;1030;9
35;358;10;7;0.1;1024;24;61;9;5;0.1;1024;19;55;4;1;1.0;1020;4;77;8;2;4.2;1025;11;7;11;3;0.0;1027;4;90;6;5;0.2;1029;16;100;8;8;4.7;1011;36;28;6;1;0.0;1020;13;53;8;3;3.0;1029;5
19;359;9;4;0.0;1024;10;12;5;1;0.0;1022;8;68;4;0;0.1;1023;6;36;9;2;0.0;1025;6;0;10;4;0.0;1024;5;70;6;0;0.0;1022;9;87;8;7;2.5;1015;28;9;9;2;0.0;1023;10;4;11;3;0.0;1026;7
40;360;10;3;0.3;1015;13;61;4;1;0.2;1013;6;92;2;0;0.3;1016;11;16;9;3;0.0;1018;6;39;12;6;0.0;1015;12;35;9;2;0.1;1009;13;34;6;2;0.0;1010;21;13;9;3;0.0;1019;8;37;7;1;0.0;1019;9
59;361;10;5;1.6;1003;17;76;9;3;0.5;997;27;99;3;1;2.2;1005;9;43;12;5;0.2;1007;15;44;13;5;0.2;1000;14;89;5;2;3.7;992;11;24;6;1;0.0;1002;20;21;10;4;0.0;1011;9;61;7;2;0.1;1006;13
88;362;8;7;9.5;994;13;98;6;4;15.1;993;22;80;3;0;6.8;996;7;63;12;8;4.6;997;21;96;9;6;19.1;992;9;96;3;2;4.2;998;16;47;10;6;0.1;996;21;24;13;4;0.0;1005;8;67;5;2;4.8;995;15
51;363;4;3;2.5;1007;21;75;2;0;8.7;1010;15;89;4;2;2.1;1006;9;72;6;4;2.9;1007;11;39;6;3;0.9;1011;5;82;2;0;1.0;1011;15;98;3;2;2.4;1005;14;73;9;8;6.1;1005;9;85;0;-2;13.5;1009;6
36;364;4;0;0.0;1016;10;65;1;-3;0.5;1013;13;31;2;-1;0.0;1015;10;36;4;-1;0.0;1017;6;42;6;1;0.0;1016;5;98;8;0;5.0;1008;18;35;3;-1;0.1;1013;12;75;6;4;3.4;1014;10;33;3;-7;0.0;1018;4
74;365;8;3;2.9;1016;12;84;6;2;7.9;1012;9;90;1;-1;1.3;1015;11;64;4;2;1.4;1019;10;29;9;5;0.5;1018;10;67;11;9;5.3;1009;22;85;5;3;4.5;1007;24;20;6;1;0.0;1018;13;26;7;0;0.0;1021;7
